4 	0.003911129678 	0 	0 	0.00279317048114336 	0.110227038425243 	0.0043483751089028 	0 	1.20813608515e-37
4 	0.011876665168 	-6.93889390390723e-18 	0 	0.00375 	0.110227038425243 	0.0297088312873279 	0 	1.20813608515e-37
4 	0.02013400155 	-1.38777878078145e-17 	0 	0.00375 	0.110227038425243 	0.0340206908719886 	0 	1.20813608515e-37
4 	0.028693828345 	-1.38777878078145e-17 	0 	0.00375 	0.110227038425243 	0.0340206908719886 	0 	1.20813608515e-37
4 	0.03756722666 	-1.73472347597681e-17 	0 	0.00375 	0.110227038425243 	0.0340206908719886 	0 	1.20813608515e-37
4 	0.04676568354 	-1.38777878078145e-17 	0 	0.00375 	0.110227038425243 	0.0340206908719886 	0 	1.20813608515e-37
4 	0.056301106835 	-1.38777878078145e-17 	0 	0.00375 	0.110227038425243 	0.0340206908719886 	0 	1.20813608515e-37
4 	0.06618584061 	-2.08166817117217e-17 	0 	0.00375 	0.110227038425243 	0.0340206908719886 	0 	1.20813608515e-37
4 	0.07643268113 	-1.73472347597681e-17 	0 	0.00375 	0.110227038425243 	0.0340206908719886 	0 	1.20813608515e-37
4 	0.087054893425 	-1.38777878078145e-17 	0 	0.00375 	0.110227038425243 	0.0340206908719886 	0 	1.20813608515e-37
4 	0.098066228435 	-1.04083408558608e-17 	0 	0.00375 	0.110227038425243 	0.0340206908719886 	0 	1.20813608515e-37
4 	0.1094809409 	-6.93889390390723e-18 	0 	0.00375 	0.110227038425243 	0.0340206908719886 	0 	1.20813608515e-37
4 	0.12131380775 	-1.38777878078145e-17 	0 	0.00375 	0.110227038425243 	0.0340206908719886 	0 	1.20813608515e-37
4 	0.13358014715 	-1.73472347597681e-17 	0 	0.00375 	0.110227038425243 	0.0340206908719886 	0 	1.20813608515e-37
4 	0.1462958385 	-1.38777878078145e-17 	0 	0.00375 	0.110227038425243 	0.0340206908719886 	0 	1.20813608515e-37
4 	0.15947734285 	-1.38777878078145e-17 	0 	0.00375 	0.110227038425243 	0.0340206908719886 	0 	1.20813608515e-37
4 	0.1731417243 	-6.93889390390723e-18 	0 	0.00375 	0.110227038425243 	0.0340206908719886 	0 	1.20813608515e-37
4 	0.18730667205 	0 	0 	0.00375 	0.110227038425243 	0.0340206908719886 	0 	1.20813608515e-37
4 	0.2019905233 	-6.93889390390723e-18 	0 	0.00375 	0.110227038425243 	0.0340206908719886 	0 	1.20813608515e-37
4 	0.21721228705 	-6.93889390390723e-18 	0 	0.00375 	0.110227038425243 	0.0340206908719886 	0 	1.20813608515e-37
4 	0.23299166855 	-6.93889390390723e-18 	0 	0.00375 	0.110227038425243 	0.0340206908719886 	0 	1.20813608515e-37
4 	0.249349095 	-1.04083408558608e-17 	0 	0.00375 	0.110227038425243 	0.0340206908719886 	0 	1.20813608515e-37
4 	0.26630574195 	-1.73472347597681e-17 	0 	0.00375 	0.110227038425243 	0.0340206908719886 	0 	1.20813608515e-37
4 	0.2838835605 	-2.77555756156289e-17 	0 	0.00375 	0.110227038425243 	0.0340206908719886 	0 	1.20813608515e-37
4 	0.302105306 	-2.42861286636753e-17 	0 	0.00375 	0.110227038425243 	0.0340206908719886 	0 	1.20813608515e-37
4 	0.3209945674 	-2.42861286636753e-17 	0 	0.00375 	0.110227038425243 	0.0340206908719886 	0 	1.20813608515e-37
4 	0.34057579775 	-3.46944695195361e-17 	0 	0.00375 	0.110227038425243 	0.0340206908719886 	0 	1.20813608515e-37
4 	0.36087434595 	-4.16333634234434e-17 	0 	0.00375 	0.110227038425243 	0.0340206908719886 	0 	1.20813608515e-37
4 	0.3819164894 	-3.46944695195361e-17 	0 	0.00375 	0.110227038425243 	0.0340206908719886 	0 	1.20813608515e-37
4 	0.4037294682 	-2.77555756156289e-17 	0 	0.00375 	0.110227038425243 	0.0340206908719886 	0 	1.20813608515e-37
4 	0.4263415203 	-2.42861286636753e-17 	0 	0.00375 	0.110227038425243 	0.0340206908719886 	0 	1.20813608515e-37
4 	0.44978191805 	-2.42861286636753e-17 	0 	0.00375 	0.110227038425243 	0.0340206908719886 	0 	1.20813608515e-37
4 	0.4740810062 	-2.08166817117217e-17 	0 	0.00375 	0.110227038425243 	0.0340206908719886 	0 	1.20813608515e-37
4 	0.49927024115 	-1.38777878078145e-17 	0 	0.00375 	0.110227038425243 	0.0340206908719886 	0 	1.20813608515e-37
4 	0.5253822315 	-2.08166817117217e-17 	0 	0.00375 	0.110227038425243 	0.0340206908719886 	0 	1.20813608515e-37
4 	0.5524507805 	-2.77555756156289e-17 	0 	0.00375 	0.110227038425243 	0.0340206908719886 	0 	1.20813608515e-37
4 	0.5805109298 	-2.42861286636753e-17 	0 	0.00375 	0.110227038425243 	0.0340206908719886 	0 	1.20813608515e-37
4 	0.60959900455 	-2.42861286636753e-17 	0 	0.00375 	0.110227038425243 	0.0340206908719886 	0 	1.20813608515e-37
4 	0.6397526606 	-2.42861286636753e-17 	0 	0.00375 	0.110227038425243 	0.0340206908719886 	0 	1.20813608515e-37
4 	0.67101093335 	-2.08166817117217e-17 	0 	0.00375 	0.110227038425243 	0.0340206908719886 	0 	1.20813608515e-37
4 	0.7034142882 	-2.42861286636753e-17 	0 	0.00375 	0.110227038425243 	0.0340206908719886 	0 	1.20813608515e-37
4 	0.73700467285 	-3.12250225675825e-17 	0 	0.00375 	0.110227038425243 	0.0340206908719886 	0 	1.20813608515e-37
4 	0.77182557165 	-3.46944695195361e-17 	0 	0.00375 	0.110227038425243 	0.0340206908719886 	0 	1.20813608515e-37
4 	0.80792206195 	-3.46944695195361e-17 	0 	0.00375 	0.110227038425243 	0.0340206908719886 	0 	1.20813608515e-37
4 	0.8453408724 	-3.81639164714898e-17 	0 	0.00375 	0.110227038425243 	0.0340206908719886 	0 	1.20813608515e-37
4 	0.88413044345 	-4.85722573273506e-17 	0 	0.00375 	0.110227038425243 	0.0340206908719886 	0 	1.20813608515e-37
4 	0.92434099005 	-5.20417042793042e-17 	0 	0.00375 	0.110227038425243 	0.0340206908719886 	0 	1.20813608515e-37
4 	0.96602456675 	-3.81639164714898e-17 	0 	0.00375 	0.110227038425243 	0.0340206908719886 	0 	1.20813608515e-37
4 	1.00923513475 	-3.46944695195361e-17 	0 	0.00375 	0.110227038425243 	0.0340206908719886 	0 	1.20813608515e-37
4 	1.0540286325 	-3.46944695195361e-17 	0 	0.00375 	0.110227038425243 	0.0340206908719886 	0 	1.20813608515e-37
4 	1.1004630475 	-2.77555756156289e-17 	0 	0.00375 	0.110227038425243 	0.0340206908719886 	0 	1.20813608515e-37
4 	1.148598491 	-2.77555756156289e-17 	0 	0.00375 	0.110227038425243 	0.0340206908719886 	0 	1.20813608515e-37
4 	1.1984972765 	-2.08166817117217e-17 	0 	0.00375 	0.110227038425243 	0.0340206908719886 	0 	1.20813608515e-37
4 	1.250224001 	-1.75098650856409e-17 	0 	0.00375 	0.110227038425243 	0.0340206908719886 	0 	1.20813608515e-37
4 	1.303845627 	-1.95698492133634e-17 	0 	0.00375 	0.110227038425243 	0.0340206908719886 	0 	1.20813608515e-37
4 	1.3594315695 	-1.89735380184963e-17 	0 	0.00375 	0.110227038425243 	0.0340206908719886 	0 	1.20813608515e-37
4 	1.417053788 	-1.90819582357449e-17 	0 	0.00375 	0.110227038425243 	0.0340206908719886 	0 	1.20813608515e-37
4 	1.4767868775 	-1.60461921527855e-17 	0 	0.00375 	0.110227038425243 	0.0340206908719886 	0 	1.20813608515e-37
4 	1.538708165 	-1.04083408558608e-17 	0 	0.00375 	0.110227038425243 	0.0340206908719886 	0 	1.20813608515e-37
4 	1.6028978105 	-5.20417042793042e-18 	0 	0.00375 	0.110227038425243 	0.0340206908719886 	0 	1.20813608515e-37
4 	1.6694389105 	-5.20417042793042e-18 	0 	0.00375 	0.110227038425243 	0.0340206908719886 	0 	1.20813608515e-37
4 	1.738417606 	8.67361737988404e-19 	0 	0.00375 	0.110227038425243 	0.0340206908719886 	0 	1.20813608515e-37
4 	1.8099231935 	1.56125112837913e-17 	0 	0.00375 	0.110227038425243 	0.0340206908719886 	0 	1.20813608515e-37
4 	1.8840482395 	2.34187669256869e-17 	0 	0.00375 	0.110227038425243 	0.0340206908719886 	0 	1.20813608515e-37
4 	1.960888703 	2.08166817117217e-17 	0 	0.00375 	0.110227038425243 	0.0340206908719886 	0 	1.20813608515e-37
4 	2.020240096 	1.73472347597681e-17 	0 	0.00375 	0.110227038425243 	0.0340206908719886 	0 	1.20813608515e-37
4 	2.060005036 	1.73472347597681e-17 	0 	0.00375 	0.110227038425243 	0.0340206908719886 	0 	1.20813608515e-37
4 	2.0983647475 	1.73472347597681e-17 	0 	0.00375 	0.110227038425243 	0.0340206908719886 	0 	1.20813608515e-37
4 	2.135368889 	1.73472347597681e-17 	0 	0.00375 	0.110227038425243 	0.0340206908719886 	0 	1.20813608515e-37
4 	2.171065364 	2.08166817117217e-17 	0 	0.00375 	0.110227038425243 	0.0340206908719886 	0 	1.20813608515e-37
4 	2.205500383 	2.42861286636753e-17 	0 	0.00375 	0.110227038425243 	0.0340206908719886 	0 	1.20813608515e-37
4 	2.2387185245 	2.42861286636753e-17 	0 	0.00375 	0.110227038425243 	0.0340206908719886 	0 	1.20813608515e-37
4 	2.270762791 	2.42861286636753e-17 	0 	0.00375 	0.110227038425243 	0.0340206908719886 	0 	1.20813608515e-37
4 	2.3016746645 	2.08166817117217e-17 	0 	0.00375 	0.110227038425243 	0.0340206908719886 	0 	1.20813608515e-37
4 	2.3314941625 	1.73472347597681e-17 	0 	0.00375 	0.110227038425243 	0.0340206908719886 	0 	1.20813608515e-37
4 	2.360259888 	1.38777878078145e-17 	0 	0.00375 	0.110227038425243 	0.0340206908719886 	0 	1.20813608515e-37
4 	2.3880090795 	1.21430643318376e-17 	0 	0.00375 	0.110227038425243 	0.0340206908719886 	0 	1.20813608515e-37
4 	2.4147776595 	1.38777878078145e-17 	0 	0.00375 	0.110227038425243 	0.0340206908719886 	0 	1.20813608515e-37
4 	2.440600281 	1.73472347597681e-17 	0 	0.00375 	0.110227038425243 	0.0340206908719886 	0 	1.20813608515e-37
4 	2.465510373 	2.08166817117217e-17 	0 	0.00375 	0.110227038425243 	0.0340206908719886 	0 	1.20813608515e-37
4 	2.4895401825 	1.73472347597681e-17 	0 	0.00375 	0.110227038425243 	0.0340206908719886 	0 	1.20813608515e-37
4 	2.5127208175 	1.38777878078145e-17 	0 	0.00375 	0.110227038425243 	0.0340206908719886 	0 	1.20813608515e-37
4 	2.5350822865 	1.38777878078145e-17 	0 	0.00375 	0.110227038425243 	0.0340206908719886 	0 	1.20813608515e-37
4 	2.5566535375 	1.38777878078145e-17 	0 	0.00375 	0.110227038425243 	0.0340206908719886 	0 	1.20813608515e-37
4 	2.5774624955 	1.38777878078145e-17 	0 	0.00375 	0.110227038425243 	0.0340206908719886 	0 	1.20813608515e-37
4 	2.5975360985 	1.04083408558608e-17 	0 	0.00375 	0.110227038425243 	0.0340206908719886 	0 	1.20813608515e-37
4 	2.616900333 	1.04083408558608e-17 	0 	0.00375 	0.110227038425243 	0.0340206908719886 	0 	1.20813608515e-37
4 	2.6355802665 	1.38777878078145e-17 	0 	0.00375 	0.110227038425243 	0.0340206908719886 	0 	1.20813608515e-37
4 	2.6536000815 	1.38777878078145e-17 	0 	0.00375 	0.110227038425243 	0.0340206908719886 	0 	1.20813608515e-37
4 	2.670983106 	1.04083408558608e-17 	0 	0.00375 	0.110227038425243 	0.0340206908719886 	0 	1.20813608515e-37
4 	2.687751842 	6.93889390390723e-18 	0 	0.00375 	0.110227038425243 	0.0340206908719886 	0 	1.20813608515e-37
4 	2.703927998 	6.93889390390723e-18 	0 	0.00375 	0.110227038425243 	0.0340206908719886 	0 	1.20813608515e-37
4 	2.719532515 	3.46944695195361e-18 	0 	0.00375 	0.110227038425243 	0.0340206908719886 	0 	1.20813608515e-37
4 	2.7345855935 	3.46944695195361e-18 	0 	0.00375 	0.110227038425243 	0.0340206908719886 	0 	1.20813608515e-37
4 	2.749106721 	6.93889390390723e-18 	0 	0.00375 	0.110227038425243 	0.0340206908719886 	0 	1.20813608515e-37
4 	2.7631146955 	1.04083408558608e-17 	0 	0.00375 	0.110227038425243 	0.0340206908719886 	0 	1.20813608515e-37
4 	2.7766276505 	1.38777878078145e-17 	0 	0.00375 	0.110227038425243 	0.0340206908719886 	0 	1.20813608515e-37
4 	2.7896630795 	1.38777878078145e-17 	0 	0.00375 	0.110227038425243 	0.0340206908719886 	0 	1.20813608515e-37
4 	2.8022378575 	1.38777878078145e-17 	0 	0.00375 	0.110227038425243 	0.0340206908719886 	0 	1.20813608515e-37
4 	2.814368263 	1.38777878078145e-17 	0 	0.00375 	0.110227038425243 	0.0340206908719886 	0 	1.20813608515e-37
4 	2.82607 	1.73472347597681e-17 	0 	0.00375 	0.110227038425243 	0.0340206908719886 	0 	1.20813608515e-37
4 	2.8373582165 	2.08166817117217e-17 	0 	0.00375 	0.110227038425243 	0.0340206908719886 	0 	1.20813608515e-37
4 	2.848247526 	2.42861286636753e-17 	0 	0.00375 	0.110227038425243 	0.0340206908719886 	0 	1.20813608515e-37
4 	2.858752025 	2.77555756156289e-17 	0 	0.00375 	0.110227038425243 	0.0340206908719886 	0 	1.20813608515e-37
4 	2.8688853115 	3.12250225675825e-17 	0 	0.00375 	0.110227038425243 	0.0340206908719886 	0 	1.20813608515e-37
4 	2.878660504 	3.12250225675825e-17 	0 	0.00375 	0.110227038425243 	0.0340206908719886 	0 	1.20813608515e-37
4 	2.8880902575 	2.77555756156289e-17 	0 	0.00375 	0.110227038425243 	0.0340206908719886 	0 	1.20813608515e-37
4 	2.897186779 	2.77555756156289e-17 	0 	0.00375 	0.110227038425243 	0.0340206908719886 	0 	1.20813608515e-37
4 	2.9059618435 	2.42861286636753e-17 	0 	0.00375 	0.110227038425243 	0.0340206908719886 	0 	1.20813608515e-37
4 	2.9144268115 	1.73472347597681e-17 	0 	0.00375 	0.110227038425243 	0.0340206908719886 	0 	1.20813608515e-37
4 	2.9225926415 	1.38777878078145e-17 	0 	0.00375 	0.110227038425243 	0.0340206908719886 	0 	1.20813608515e-37
4 	2.930469904 	1.38777878078145e-17 	0 	0.00375 	0.110227038425243 	0.0340206908719886 	0 	1.20813608515e-37
4 	2.938068797 	1.38777878078145e-17 	0 	0.00375 	0.110227038425243 	0.0340206908719886 	0 	1.20813608515e-37
4 	2.9453991575 	1.38777878078145e-17 	0 	0.00375 	0.110227038425243 	0.0340206908719886 	0 	1.20813608515e-37
4 	2.952470475 	1.38777878078145e-17 	0 	0.00375 	0.110227038425243 	0.0340206908719886 	0 	1.20813608515e-37
4 	2.9592919035 	2.08166817117217e-17 	0 	0.00375 	0.110227038425243 	0.0340206908719886 	0 	1.20813608515e-37
4 	2.9658722735 	2.42861286636753e-17 	0 	0.00375 	0.110227038425243 	0.0340206908719886 	0 	1.20813608515e-37
4 	2.9722201045 	1.73472347597681e-17 	0 	0.00375 	0.110227038425243 	0.0340206908719886 	0 	1.20813608515e-37
4 	2.9783436135 	1.38777878078145e-17 	0 	0.00375 	0.110227038425243 	0.0340206908719886 	0 	1.20813608515e-37
4 	2.984250727 	1.38777878078145e-17 	0 	0.00375 	0.110227038425243 	0.0340206908719886 	0 	1.20813608515e-37
4 	2.9899490925 	1.38777878078145e-17 	0 	0.00375 	0.110227038425243 	0.0340206908719886 	0 	1.20813608515e-37
4 	2.9954460875 	1.73472347597681e-17 	0 	0.00375 	0.110227038425243 	0.0340206908719886 	0 	1.20813608515e-37
4 	3.0007488275 	1.73472347597681e-17 	0 	0.00375 	0.110227038425243 	0.0340206908719886 	0 	1.20813608515e-37
4 	3.005864177 	6.93889390390723e-18 	0 	0.00375 	0.110227038425243 	0.0340206908719886 	0 	1.20813608515e-37
4 	3.0107987585 	3.46944695195361e-18 	0 	0.00375 	0.110227038425243 	0.0340206908719886 	0 	1.20813608515e-37
4 	3.01555896 	3.46944695195361e-18 	0 	0.00375 	0.110227038425243 	0.0340206908719886 	0 	1.20813608515e-37
4 	3.020150944 	0 	0 	0.00375 	0.110227038425243 	0.0340206908719886 	0 	1.20813608515e-37
4 	3.0245806545 	0 	0 	0.00375 	0.110227038425243 	0.0340206908719886 	0 	1.20813608515e-37
4 	3.028853826 	0 	0 	0.00375 	0.110227038425243 	0.0311861589734493 	0 	1.20813608515e-37
4 	3.0329759905 	6.93889390390723e-18 	0 	0.00312500000000087 	0.110227038425243 	0.00283994048946638 	0 	1.20813608515e-37
