1 	0.880775868191975 	1.73472347597681e-17 	16.1196231114742 	0 	0 	62.8321949791415 	0 	0 	-2.40840898262962e-16 	0 	0
1 	0.894941096829437 	2.77555756156289e-17 	2.90796061342071 	0 	0 	11.2402586678473 	0 	0 	1.61942646139136e-16 	0 	0
1 	0.90955442230242 	3.12250225675825e-17 	3.97772842931822e-16 	0 	0 	-5.75040259508945e-15 	0 	0 	-3.71799837139372e-18 	0 	0
1 	0.924630032536351 	2.42861286636753e-17 	3.69822089835439e-16 	0 	0 	-3.18012233097364e-15 	0 	0 	5.18397577662311e-18 	0 	0
1 	0.940182565513481 	2.08166817117217e-17 	2.13029091548506e-16 	0 	0 	-3.09808818220004e-17 	0 	0 	-1.23846225802942e-14 	0 	0
1 	0.956227123601831 	2.42861286636753e-17 	-3.78556123849068e-16 	0 	0 	1.48162845380891e-15 	0 	0 	1.12403039611463e-14 	0 	0
1 	0.972779288343661 	3.46944695195361e-17 	-1.73312563451635e-16 	0 	0 	7.35316236661529e-16 	0 	0 	4.80711192922091e-14 	0 	0
1 	0.989855135718411 	2.77555756156289e-17 	-6.92894832461912e-16 	0 	0 	-1.36098593672596e-15 	0 	0 	-2.18057314259908e-14 	0 	0
1 	1.00747125189554 	3.46944695195361e-18 	-1.82053432696304e-16 	0 	0 	-2.70209056829661e-15 	0 	0 	-2.32027618889251e-14 	0 	0
1 	1.02564474949325 	-2.08166817117217e-17 	1.41180508456962e-19 	0 	0 	1.24763468791646e-15 	0 	0 	-1.75410600843786e-16 	0 	0
1 	1.04439328435952 	-4.16333634234434e-17 	3.13553059561863e-16 	0 	0 	2.53507255891077e-15 	0 	0 	2.32544701136176e-17 	0 	0
1 	1.06373507289258 	-4.5102810375397e-17 	6.05156703629974e-16 	0 	0 	-6.1622898633097e-16 	0 	0 	5.37396937974739e-18 	0 	0
1 	1.08368890991839 	-4.5102810375397e-17 	1.6368639153832e-16 	0 	0 	-1.26538129571877e-16 	0 	0 	-3.24795820143481e-17 	0 	0
1 	1.10427418714335 	-4.85722573273506e-17 	1.77935461094687e-16 	0 	0 	-4.29836373315828e-16 	0 	0 	-7.39542729667661e-17 	0 	0
1 	1.12551091220101 	-4.85722573273506e-17 	6.75944577638243e-16 	0 	0 	-1.63748480376859e-17 	0 	0 	5.00196684117883e-17 	0 	0
1 	1.14741972831235 	-4.16333634234434e-17 	3.82069403127617e-16 	0 	0 	-5.56118823618984e-16 	0 	0 	1.18317373553579e-16 	0 	0
1 	1.1700219345796 	-3.46944695195361e-17 	3.57118670205305e-16 	0 	0 	-5.60371464161679e-16 	0 	0 	9.11718055252258e-17 	0 	0
1 	1.19333950693448 	-3.46944695195361e-17 	6.18456823445612e-16 	0 	0 	-5.28484951755943e-16 	0 	0 	-4.54124368359166e-17 	0 	0
1 	1.21739511976241 	-3.46944695195361e-17 	1.44619808890386e-16 	0 	0 	-1.54644478808041e-15 	0 	0 	-1.07493765082629e-16 	0 	0
1 	1.24221216822474 	-4.16333634234434e-17 	-6.96429132090459e-17 	0 	0 	-1.28356775448852e-15 	0 	0 	2.04984398978271e-17 	0 	0
1 	1.26781479130218 	-5.55111512312578e-17 	5.36479191482749e-16 	0 	0 	9.62726136293921e-16 	0 	0 	5.58920680887836e-17 	0 	0
1 	1.29422789558304 	-6.59194920871187e-17 	5.90666384345724e-16 	0 	0 	1.444860266207e-15 	0 	0 	-5.0829042822491e-17 	0 	0
1 	1.32147717982098 	-7.63278329429795e-17 	9.05111735194899e-17 	0 	0 	1.90942509349478e-16 	0 	0 	-4.32106200225986e-17 	0 	0
1 	1.34958916028758 	-7.97972798949331e-17 	7.54674446477761e-17 	0 	0 	-1.49445793128873e-15 	0 	0 	1.35713527501233e-17 	0 	0
1 	1.37859119694611 	-9.0205620750794e-17 	2.2398105957402e-16 	0 	0 	-9.39512926901908e-16 	0 	0 	2.46281557729989e-17 	0 	0
1 	1.40851152047363 	-9.36750677027476e-17 	2.94673628016091e-16 	0 	0 	-3.32667390475038e-16 	0 	0 	6.63116162005733e-19 	0 	0
1 	1.43937926015957 	-9.0205620750794e-17 	6.79069983056658e-16 	0 	0 	-8.39744463653381e-17 	0 	0 	-1.89712126114725e-17 	0 	0
1 	1.47122447270986 	-1.00613961606655e-16 	8.40852724138351e-16 	0 	0 	1.71321707666548e-15 	0 	0 	-1.88741217312724e-17 	0 	0
1 	1.50407817198677 	-1.04083408558608e-16 	5.14815874664053e-16 	0 	0 	1.26441826487873e-15 	0 	0 	1.82016339765213e-17 	0 	0
1 	1.52234513135324 	-1.04950770296597e-16 	1.7899777008952e-16 	0 	0 	0 	0 	0 	3.44438615408426e-17 	0 	0
1 	1.53954737489466 	-1.0842021724855e-16 	-1.17248871074906e-16 	0 	0 	0 	0 	0 	1.62642524785828e-17 	0 	0
1 	1.57291193480148 	-1.07552855510562e-16 	-2.89162792652091e-16 	0 	0 	-3.75088074315155e-16 	0 	0 	-2.04605387657768e-19 	0 	0
1 	1.60896703281042 	-1.04083408558608e-16 	-1.95345487964156e-16 	0 	0 	-1.14182050400181e-15 	0 	0 	1.59790006297914e-17 	0 	0
1 	1.64616472706984 	-9.71445146547012e-17 	-1.71927317116709e-16 	0 	0 	-7.80206963894027e-16 	0 	0 	3.46674124283713e-17 	0 	0
1 	1.6845413239966 	-9.0205620750794e-17 	-2.52443206731058e-16 	0 	0 	4.25081649700347e-16 	0 	0 	1.48808885705452e-17 	0 	0
1 	1.72413428971649 	-9.36750677027476e-17 	-1.20636843534466e-16 	0 	0 	3.27056417766794e-16 	0 	0 	-3.24098067434261e-17 	0 	0
1 	1.76498228747899 	-9.36750677027476e-17 	1.59166621961283e-16 	0 	0 	-3.08481938093542e-16 	0 	0 	-4.20123877379966e-17 	0 	0
1 	1.80712521630116 	-7.28583859910259e-17 	-6.30831461605774e-17 	0 	0 	-7.56259069667322e-16 	0 	0 	2.47970268819041e-17 	0 	0
1 	1.85060425088227 	-6.59194920871187e-17 	-1.51343455634865e-16 	0 	0 	-4.51686284212622e-16 	0 	0 	4.71498525769789e-17 	0 	0
1 	1.89546188283233 	-7.97972798949331e-17 	1.99111753401758e-16 	0 	0 	2.86231979588895e-16 	0 	0 	-5.17388845869462e-17 	0 	0
1 	1.94174196325911 	-8.32667268468867e-17 	3.20312194785109e-16 	0 	0 	4.62319276630666e-16 	0 	0 	-3.95807995479772e-17 	0 	0
1 	1.98948974675983 	-9.36750677027476e-17 	6.39675347676469e-17 	0 	0 	-4.63164125756819e-16 	0 	0 	-1.05917774690426e-17 	0 	0
1 	2.03875193686545 	-1.11022302462516e-16 	8.61963061021766e-17 	0 	0 	4.67973312009231e-16 	0 	0 	3.30940749682471e-17 	0 	0
1 	2.08957673298707 	-1.17961196366423e-16 	2.93964640458489e-17 	0 	0 	1.87848141477227e-15 	0 	0 	2.12479843457827e-17 	0 	0
1 	2.14201387891577 	-1.17961196366423e-16 	-4.41742818949365e-16 	0 	0 	2.60773235759897e-16 	0 	0 	1.17115504093171e-17 	0 	0
1 	2.19611471292907 	-1.17961196366423e-16 	-4.60506983535616e-16 	0 	0 	-2.67077679984723e-17 	0 	0 	-5.28342269232295e-17 	0 	0
1 	2.25193221955915 	-1.21430643318376e-16 	1.64264840895804e-16 	0 	0 	1.76459161894735e-15 	0 	0 	-9.18133093405043e-18 	0 	0
0.999999999999999 	2.3095210830797 	-1.17961196366423e-16 	1.43943929067259e-16 	0 	0 	8.03522093134372e-16 	0 	0 	3.96909828175571e-17 	0 	0
0.999999999999999 	2.36893774277074 	-1.17961196366423e-16 	6.91156934753636e-17 	0 	0 	-1.76321629187195e-16 	0 	0 	3.92429166632744e-17 	0 	0
0.999999999999999 	2.43024045002239 	-1.21430643318376e-16 	8.10671081008335e-18 	0 	0 	-8.7691270975252e-16 	0 	0 	5.98924358421044e-19 	0 	0
0.999999999999999 	2.49348932734119 	-1.07552855510562e-16 	2.33925794262437e-16 	0 	0 	-1.68886565609824e-15 	0 	0 	-3.31173028120268e-17 	0 	0
0.999999999999999 	2.55874642932457 	-1.04083408558608e-16 	3.50363911836277e-16 	0 	0 	3.22061713554402e-16 	0 	0 	-1.42169447446015e-17 	0 	0
0.999999999999999 	2.62607580567171 	-1.17961196366423e-16 	2.47687079925548e-16 	0 	0 	4.62605052624764e-16 	0 	0 	-3.58616454753871e-18 	0 	0
0.999999999999999 	2.69554356630109 	-1.2490009027033e-16 	4.07419461772944e-16 	0 	0 	2.93712072446779e-16 	0 	0 	-5.17710852353245e-18 	0 	0
0.999999999999999 	2.7672179486481 	-1.17961196366423e-16 	1.55175398762228e-16 	0 	0 	1.47102880014348e-16 	0 	0 	2.58429627465455e-17 	0 	0
0.999999999999999 	2.84116938721823 	-1.14491749414469e-16 	-2.76433422796081e-16 	0 	0 	-1.1904615862107e-16 	0 	0 	8.40979648534953e-18 	0 	0
0.999999999999999 	2.91747058547449 	-1.14491749414469e-16 	3.08478028417698e-16 	0 	0 	1.33377084171441e-16 	0 	0 	2.61846088984259e-18 	0 	0
0.999999999999999 	2.9961965901403 	-1.11022302462516e-16 	1.65532429566016e-16 	0 	0 	-6.44451128032149e-16 	0 	0 	-1.22273238673504e-17 	0 	0
0.999999999999999 	3.07742486800218 	-1.11022302462516e-16 	1.63536628753582e-16 	0 	0 	-2.19553567075361e-16 	0 	0 	-5.09255602761879e-18 	0 	0
0.999999999999999 	3.16123538529955 	-1.17961196366423e-16 	1.83897642699511e-16 	0 	0 	-2.17571351858296e-16 	0 	0 	-2.1012220229633e-18 	0 	0
0.999999999999999 	3.24771068979223 	-1.31838984174237e-16 	-4.44010597766647e-17 	0 	0 	-4.35584094867111e-16 	0 	0 	4.13130200629079e-19 	0 	0
0.999999999999999 	3.3369359955993 	-1.38777878078145e-16 	8.89062393490271e-18 	0 	0 	2.88388746526618e-16 	0 	0 	-1.69437946159025e-18 	0 	0
0.999999999999999 	3.42899927090673 	-1.30104260698261e-16 	-4.90876226280125e-17 	0 	0 	6.27920487653554e-16 	0 	0 	-1.18000147290706e-17 	0 	0
0.999999999999999 	3.5239913286443 	-1.2490009027033e-16 	-3.72663104564759e-16 	0 	0 	-1.66049593065447e-16 	0 	0 	1.19371784559703e-17 	0 	0
0.999999999999999 	3.62200592023643 	-1.28369537222284e-16 	-3.72366482097411e-16 	0 	0 	-6.93864772699321e-16 	0 	0 	1.7878707135556e-18 	0 	0
0.999999999999999 	3.72313983253489 	-1.26634813746307e-16 	-9.5566490700417e-17 	0 	0 	-1.45945270395838e-16 	0 	0 	2.8712033609117e-19 	0 	0
0.999999999999999 	3.82749298804562 	-1.33573707650214e-16 	2.40216418451465e-16 	0 	0 	-5.36673033285302e-16 	0 	0 	1.7758273369912e-18 	0 	0
0.999999999999999 	3.93516854856587 	-1.42247325030098e-16 	3.10351378426415e-16 	0 	0 	6.57614875211821e-16 	0 	0 	-5.85720115756698e-19 	0 	0
0.999999999999999 	4.04627302235185 	-1.45716771982052e-16 	2.93962420774689e-16 	0 	0 	2.96935152821078e-16 	0 	0 	-8.60560160236291e-19 	0 	0
0.999999999999999 	4.16091637494181 	-1.49186218934005e-16 	9.05497494221535e-19 	0 	0 	1.68703761309194e-16 	0 	0 	1.18473704087926e-18 	0 	0
0.999999999999999 	4.27921214376365 	-1.43982048506075e-16 	1.2133532477928e-17 	0 	0 	6.39452278098184e-16 	0 	0 	3.20903932378191e-19 	0 	0
0.999999999999999 	4.40127755666103 	-1.33573707650214e-16 	3.11017317919464e-16 	0 	0 	5.89169621683273e-16 	0 	0 	-1.53691437745658e-18 	0 	0
0.999999999999999 	4.52723365447654 	-1.196959198424e-16 	4.42184810306695e-16 	0 	0 	-5.41152979472282e-16 	0 	0 	2.10132626350511e-18 	0 	0
0.999999999999999 	4.65720541783577 	-1.196959198424e-16 	-2.95826906973584e-16 	0 	0 	-3.87904206919459e-17 	0 	0 	6.12929832215498e-19 	0 	0
0.999999999999999 	4.79132189828101 	-1.28369537222284e-16 	6.66019694140452e-16 	0 	0 	4.75167836094786e-16 	0 	0 	5.16873607226151e-20 	0 	0
0.999999999999998 	4.92971635390863 	-1.32706345912226e-16 	5.76784440934015e-16 	0 	0 	-5.75720809518601e-16 	0 	0 	1.26069684266762e-19 	0 	0
