# Probe 0 (0.0005 0.0001 0.0001)
# Probe 1 (0.0005 0.0001 0.0009)
# Probe 2 (0.0005 0.0009 0.0009)
# Probe 3 (0.0005 0.0009 0.0001)
# Probe 4 (0.0005 0.0005 0.0005)
# Time                 0                      1                      2                      3                      4                     
0                      10                     10                     10                     10                     10                    
1                      10.0074567462676       812.051915601814       22.1461043477751       812.051915601613       10.0013154807319      
2                      10.1664515305737       1997.60497231461       59.473279891789        1997.60497231405       10.132278673485       
3                      10.5485114019992       5418.68746949017       170.238712669712       5418.68746948906       10.352230642034       
4                      10.9531784646017       10990.8289313008       709.757520128181       10990.8289312981       10.6429152097788      
5                      11.357760104417        19493.7455588237       2127.25882471508       19493.7455588201       11.0053571195333      
6                      11.7544918523332       30554.5218082895       4848.46514786142       30554.5218082852       11.4456948104622      
7                      12.1772168350111       43610.1624872641       9390.54025397786       43610.1624872593       11.9752562350335      
8                      12.6326967195099       58288.4863845856       16143.3976275238       58288.4863845805       12.6055579032585      
9                      13.1674737983292       74383.7297003449       25326.9152954396       74383.7297003399       13.360858317337       
10                     14.3342718505993       98196.1737647653       44112.6470433023       98196.1737647609       15.0811211353085      
11                     15.5897430885273       122231.298844113       66889.2723057564       122231.298844109       17.3770495966138      
12                     16.8136127070231       146170.978936225       92392.5990994649       146170.978936222       20.6693671812264      
13                     18.3256718712905       169745.980038228       119303.915826807       169745.980038226       25.8969744251373      
14                     20.8042474515295       192972.625734123       148032.225758187       192972.62573412        39.6659288679099      
15                     23.915860728424        215116.294715434       175240.733394605       215116.294715432       72.7861581273868      
16                     27.6528128110787       236002.211554694       200265.349322499       236002.211554692       153.06952931048       
17                     32.0323856126974       255557.943318229       222764.810094253       255557.943318228       336.098387467201      
18                     36.1719352946536       273752.914505143       242653.641175407       273752.914505143       714.024550587506      
19                     42.0559905784089       290533.537660057       260006.212176493       290533.537660057       1417.85256401934      
20                     49.4690698259614       305951.57673226        275011.741690482       305951.57673226        2595.59482648445      
21                     59.3043773266872       320071.659545663       287904.566195811       320071.659545664       4218.8951333063       
22                     73.1867001748285       332913.426046842       298915.189236672       332913.426046843       6065.01444976321      
23                     93.1730464429746       344565.075458236       308274.615660578       344565.075458237       8153.70520481922      
24                     124.031979572399       355358.320129587       316235.750346227       355358.320129588       10714.6549254106      
25                     171.952580065093       365055.269529562       322951.051130033       365055.269529563       13490.0452748169      
26                     243.3176494034         373804.210164769       328575.477053886       373804.21016477        16439.5138334366      
27                     348.833518000284       381704.574781512       333242.303219788       381704.574781513       19519.7735664677      
28                     497.40116423553        388845.839736021       337068.698220735       388845.839736022       22692.1641831931      
29                     700.787267016177       395312.71803997        340157.176840223       395312.71803997        25919.7672029791      
30                     969.883799025385       401186.10376403        342597.22173733        401186.10376403        29152.917308576       
31                     1316.86619734618       406541.162029392       344467.016002814       406541.162029394       32319.3025332107      
32                     1767.90295621325       411439.445225279       345852.023252758       411439.44522528        35366.2561874666      
33                     2225.85331347095       415930.990690965       346806.622782327       415930.990690965       38257.6331004763      
34                     2689.00655070614       420091.799791933       347379.765788537       420091.799791934       41008.7682598987      
35                     3154.53502478432       423997.049505743       347615.928690945       423997.049505744       43644.7478745505      
36                     3619.4390507763        427720.473045462       347556.057673295       427720.473045463       46256.1271309312      
37                     4080.97353767189       431336.147132946       347237.917500331       431336.147132948       48668.7161679158      
38                     4536.96405596645       434917.023739095       346696.425248841       434917.023739095       50988.4866637086      
39                     4986.05461494703       438540.320455824       345963.860762397       438540.320455823       53241.884936325       
40                     5430.71866712762       442288.105012939       345070.110030963       442288.105012939       55404.8065988585      
41                     5877.91792658841       446247.085777492       344043.153083573       446247.085777492       57447.6241717874      
42                     6333.28373337465       450506.581095576       342909.27353571        450506.581095577       59369.4463173592      
43                     6802.74265995013       455154.432800669       341693.254412565       455154.43280067        61170.7352192995      
44                     7316.24330150793       460271.699570831       340418.677382405       460271.699570831       62848.5614485409      
45                     7921.25981023148       465912.447504013       339107.904780456       465912.447504014       64393.4718538669      
46                     8647.12977175601       472129.499652165       337777.945079407       472129.499652165       65799.2736357475      
47                     9519.92326799578       478916.972548875       336450.853418253       478916.972548876       67065.392741492       
48                     10577.8664473986       486210.482211568       335148.091305375       486210.482211568       68194.5184373706      
49                     11863.3993727          493895.245133547       333890.632702279       493895.245133548       69192.0335482119      
50                     13421.082944918        501773.009021013       332697.089081078       501773.009021014       70079.5393738036      
51                     15285.8000725414       509545.34452116        331583.928038382       509545.344521162       70902.9057970889      
52                     17430.1431588621       516838.208763439       330566.355981799       516838.20876344        71686.8662192311      
53                     19800.1146721657       523263.969785451       329651.987094849       523263.969785451       72442.0806985265      
54                     22268.3425085674       528521.512859396       328861.073244692       528521.512859396       73190.5026561963      
55                     24673.0741938563       532405.010073656       328210.701837262       532405.010073657       73935.0912062789      
56                     26901.1279207007       534900.050164707       327717.057049642       534900.050164708       74665.8891195395      
57                     28867.8553171787       536055.247123582       327396.255692366       536055.247123584       75373.3515143201      
58                     30530.4162555915       536046.401822804       327263.637333542       536046.401822807       76050.3166466816      
59                     31883.8080057296       535094.44120014        327332.780615846       535094.441200143       76692.544762513       
60                     32838.8922179351       533368.462329186       327610.329961562       533368.462329189       77281.4500852908      
61                     33604.2678776025       531077.265706125       328112.345560652       531077.265706128       77836.3547074143      
62                     34209.6579409282       528365.249942725       328841.914637801       528365.249942728       78356.432923071       
63                     34687.3768928454       525371.164912922       329798.365064448       525371.164912923       78841.7226009298      
64                     35067.3393818741       522247.789755586       330976.693378638       522247.789755587       79292.6698248134      
65                     35376.6681084001       519099.569342035       332367.487010186       519099.569342036       79710.188735892       
66                     35641.6619901705       515981.282268066       333957.051302228       515981.282268068       80095.5339746755      
67                     35876.4819984776       512916.169304573       335727.686167133       512916.169304575       80450.1266950054      
68                     36088.4921550258       509905.614940564       337658.453758667       509905.614940566       80775.4795364264      
69                     36283.1685020065       506957.700111119       339726.031308591       506957.70011112        81073.1128729503      
70                     36456.0227188569       504091.529839632       341905.546365247       504091.529839633       81344.5060197276      
71                     36609.4983575426       501308.430529975       344171.172552568       501308.430529975       81590.9893171394      
72                     36745.4344355698       498600.276548682       346497.093553171       498600.276548683       81813.9041893197      
73                     36866.0714863552       495956.068336568       348858.477543912       495956.068336569       82014.5288876177      
74                     36971.2628609086       493365.255688566       351231.694077905       493365.255688567       82194.0112489784      
75                     37060.524733121        490819.172493402       353594.724412557       490819.172493404       82353.4366342613      
76                     37132.4210736916       488325.105345684       355927.489044919       488325.105345685       82493.7860121876      
77                     37186.647692523        485895.35854445        358212.47116629        485895.358544452       82615.9699744761      
78                     37223.7727924008       483518.047684553       360434.762405599       483518.047684554       82720.8277823475      
79                     37244.453961033        481182.592726703       362582.51532469        481182.592726705       82809.152532602       
80                     37249.3284115227       478881.351917856       364646.674377913       478881.351917859       82881.6968251924      
81                     37238.3264053049       476609.680766665       366620.381428363       476609.680766667       82939.0994577621      
82                     37211.961444374        474365.420261321       368498.551910529       474365.420261322       82981.9644987728      
83                     37171.4880555081       472154.624023996       370278.848475297       472154.624023997       83011.1754067744      
84                     37118.0137414731       469974.768127705       371960.619421855       469974.768127706       83027.0894279253      
85                     37052.4413200298       467823.364091047       373544.332708832       467823.364091048       83030.0567417814      
86                     36975.9331155201       465699.092093463       375031.469921908       465699.092093464       83020.3864777946      
87                     36889.9296358242       463602.181699435       376424.315692025       463602.181699437       82998.402842697       
88                     36795.5686419042       461539.578735887       377725.194224278       461539.578735889       82964.3823634755      
89                     36694.159701749        459510.791379722       378937.492800112       459510.791379724       82918.6760750081      
90                     36587.0461558103       457515.106542619       380065.85394988        457515.10654262        82861.7097095934      
91                     36475.3456758455       455552.431747692       381115.846032939       455552.431747693       82793.93898451        
92                     36359.6127476767       453623.179967217       382092.726817077       453623.179967219       82715.5480119653      
93                     36240.5943865661       451728.039810399       383001.354773456       451728.039810401       82626.8238489969      
94                     36119.1409533369       449867.835114626       383846.747652637       449867.835114628       82528.0692237026      
95                     35996.2012850069       448043.406099811       384633.86417985        448043.406099812       82419.6641190964      
96                     35872.6960545501       446255.534860856       385367.507727256       446255.534860858       82301.9447352199      
97                     35749.2369506683       444504.93216775        386052.268834723       444504.932167751       82175.0182177081      
98                     35626.1712037489       442792.199063169       386692.316151319       442792.19906317        82039.1425880456      
99                     35503.7943541709       441117.844242445       387291.063620157       441117.844242446       81894.7041027502      
100                    35382.4525455132       439482.472816966       387851.657444644       439482.472816966       81742.1688249607      
101                    35262.5158729251       437886.262381229       388376.857667751       437886.26238123        81581.8258111521      
102                    35144.2792881045       436329.102118394       388869.339365823       436329.102118395       81413.7595120847      
103                    35027.9049260949       434810.767358116       389330.870551581       434810.767358117       81238.3281975931      
104                    34913.4518914489       433330.955606347       389763.418866068       433330.955606348       81056.0887643113      
105                    34800.9506864273       431889.308253094       390169.192056531       431889.308253096       80867.6720905829      
106                    34689.5691088918       430484.297580876       390547.718819041       430484.297580877       80675.3116651638      
107                    34579.8486893921       429117.197488057       390901.950149673       429117.197488058       80478.4655864393      
108                    34472.0221022407       427788.184601955       391233.852103465       427788.184601956       80277.1337037512      
109                    34366.162546991        426496.751227381       391545.46629926        426496.751227383       80071.6165177428      
110                    34262.2614637328       425242.160494591       391838.807512827       425242.160494592       79862.3467821877      
111                    34160.2819357317       424023.513218205       392115.734427819       424023.513218206       79649.7836123795      
112                    34060.1664906416       422839.848678579       392377.874804899       422839.84867858        79434.1581503898      
113                    33961.8369891015       421690.214843245       392626.625923938       421690.214843246       79215.846841255       
114                    33865.2012540692       420573.694505635       392863.157905004       420573.694505636       78995.4817809968      
115                    33770.1625942946       419489.424724221       393088.413098998       419489.424724221       78773.6867301008      
116                    33676.6249010493       418436.590554026       393303.213557088       418436.590554025       78551.0282444691      
117                    33584.4942763062       417414.421568656       393508.307764125       417414.421568656       78328.0500015607      
118                    33493.677135852        416422.143332455       393704.383815069       416422.143332454       78105.3369289313      
119                    33404.0799087251       415459.008539003       393892.078078414       415459.008539003       77883.5667546818      
120                    33315.6091857008       414524.302735499       394071.90338315        414524.302735499       77663.1497760644      
121                    33228.17721242         413617.338505112       394244.253724317       413617.338505112       77444.3129935629      
122                    33141.7019334283       412737.439802959       394409.576220941       412737.439802959       77227.2233466558      
123                    33056.1088913923       411883.886663395       394568.358957051       411883.886663396       77012.1013868924      
124                    32971.3307775886       411056.006223164       394721.094187333       411056.006223165       76799.2992671107      
125                    32887.3040458544       410253.168998675       394868.252731304       410253.168998675       76589.0358647124      
126                    32803.9715729405       409474.74995355        395010.263939014       409474.749953551       76382.276991285       
127                    32721.2813527696       408720.062308134       395147.380022397       408720.062308134       76179.0273631776      
128                    32639.1852408356       407988.439219932       395279.678650391       407988.439219933       75978.8997879285      
129                    32557.6384386271       407279.304795084       395407.441714354       407279.304795086       75781.7340362065      
130                    32476.6009314175       406592.088849061       395531.04086946        406592.088849063       75587.4258534798      
131                    32396.0424576972       405926.194019792       395650.848498334       405926.194019793       75395.9153594893      
132                    32315.9368167117       405280.949013531       395767.196638777       405280.949013533       75207.1701133343      
133                    32236.2625186338       404655.805377257       395880.366142191       404655.805377258       75021.1672323362      
134                    32157.0011459557       404050.285574475       395990.587262248       404050.285574476       74838.1567369935      
135                    32078.1381422776       403463.927648609       396098.051886062       403463.92764861        74658.0994947531      
136                    31999.6625288265       402896.158297119       396202.792806548       402896.15829712        74480.8951275439      
137                    31921.565503644        402346.438800674       396304.800589869       402346.438800674       74306.5713713792      
138                    31843.841382367        401814.375530125       396404.245071596       401814.375530126       74135.0818498867      
139                    31766.4861758609       401299.663645174       396501.335425607       401299.663645174       73966.3327877457      
140                    31689.4968070198       400802.030169469       396596.253287696       400802.030169469       73800.2522478006      
141                    31612.8744104556       400321.028884894       396689.136143173       400321.028884894       73636.7926448956      
142                    31536.6229215878       399856.222801786       396780.08367644        399856.222801787       73475.9043208505      
143                    31460.7475826054       399407.377216418       396869.168320864       399407.377216419       73317.5446778569      
144                    31385.2537375259       398974.348946007       396956.442285377       398974.348946007       73161.6856939847      
145                    31310.1487494644       398557.02679534        397041.941145756       398557.026795341       73008.2906276246      
146                    31235.4421412087       398155.309633235       397125.692206977       398155.309633235       72857.3039039521      
147                    31161.1445958859       397768.889882517       397207.717741673       397768.889882518       72708.6576990592      
148                    31087.2680847847       397397.391848943       397288.035944287       397397.391848944       72562.3397387602      
149                    31013.8257441163       397040.652292428       397366.661154533       397040.652292429       72418.3780534943      
150                    30940.8319928509       396698.651985164       397443.605938132       396698.651985165       72276.8084625244      
151                    30868.3019676297       396371.381241694       397518.878930734       396371.381241695       72137.6554743284      
152                    30796.2517896582       396058.782726788       397592.496519037       396058.782726789       72000.9247009695      
153                    30724.6997147518       395760.754262678       397664.46724342        395760.754262678       71866.6163048364      
154                    30653.6655316317       395477.178607113       397734.788985457       395477.178607114       71734.7263467776      
155                    30583.1700348291       395207.928259987       397803.45228755        395207.928259988       71605.2494920919      
156                    30513.2345410006       394952.759016643       397870.443284223       394952.759016643       71478.1797218447      
157                    30443.8803865505       394711.225766866       397935.745172132       394711.225766866       71353.3940976876      
158                    30375.1291561202       394483.041624592       397999.337827802       394483.041624593       71231.0001330421      
159                    30307.0024088174       394268.043538187       398061.23386589        394268.043538188       71111.0139674749      
160                    30239.5215415736       394066.091789302       398121.448552114       394066.091789303       70993.4159520313      
161                    30172.7074960611       393877.029024573       398180.006053603       393877.029024574       70878.1840914505      
162                    30106.5806292874       393700.665789033       398236.947018604       393700.665789034       70765.2997472416      
163                    30041.1605569557       393536.777376972       398292.306397712       393536.777376973       70654.7478960237      
164                    29976.4661381308       393385.106001452       398346.105430779       393385.106001453       70546.5162752246      
165                    29912.5153388835       393245.356505537       398398.353033347       393245.356505539       70440.5939527596      
166                    29849.32514826         393117.202155041       398449.047054844       393117.202155044       70336.9688451364      
167                    29786.9116956032       393000.30343916        398498.176270659       393000.303439163       70235.628582326       
168                    29725.2902984378       392894.315812995       398545.726660637       392894.315812998       70136.5595267476      
169                    29664.4751791586       392798.886308078       398591.685026025       392798.886308081       70039.7464331629      
170                    29604.4795356484       392713.660340984       398636.039827759       392713.660340985       69945.1727704599      
171                    29545.3155424804       392638.285524028       398678.781038767       392638.285524029       69852.8210398032      
172                    29486.994355037        392572.41123074        398719.900143162       392572.411230741       69762.6724277683      
173                    29429.5260302265       392515.688060534       398759.39041784        392515.688060535       69674.7073792348      
174                    29372.919653952        392467.767567826       398797.24757305        392467.767567826       69588.9056549027      
175                    29317.1834156019       392428.302352368       398833.471252312       392428.302352369       69505.2463844423      
176                    29262.3244171972       392396.946523556       398868.065515468       392396.946523557       69423.7037877609      
177                    29208.3488203939       392373.356568823       398901.038669946       392373.356568825       69344.249962877       
178                    29155.2619161043       392357.192228897       398932.402642763       392357.192228898       69266.8604427807      
179                    29103.068094324        392348.117320072       398962.172397764       392348.117320074       69191.5127577827      
180                    29051.7710292154       392345.800312054       398990.365396865       392345.800312056       69118.1854751384      
181                    29001.3734696973       392349.912166157       399017.001048309       392349.912166159       69046.8573184251      
182                    28951.8774637015       392360.127794126       399042.100471933       392360.127794127       68977.5067561447      
183                    28903.2844481753       392376.129060382       399065.68649497        392376.129060384       68910.1117273453      
184                    28855.5953278751       392397.60624763        399087.783779546       392397.606247632       68844.6495326208      
185                    28808.8105465251       392424.258378249       399108.418519895       392424.25837825        68781.0967866144      
186                    28762.9301100533       392455.793226658       399127.615032051       392455.793226659       68719.4294800963      
187                    28717.9536550921       392491.927278328       399145.403133036       392491.927278328       68659.623040912       
188                    28673.880491437        392532.385724955       399161.816274358       392532.385724955       68601.6523834834      
189                    28630.7097851775       392576.898172073       399176.890099253       392576.898172074       68545.4919858526      
190                    28588.4401756676       392625.197913536       399190.661652184       392625.197913537       68491.0703104158      
191                    28547.06989821         392677.027253401       399203.168736496       392677.027253402       68438.3744531406      
192                    28506.5969046562       392732.140269978       399214.449448475       392732.140269979       68387.4046887535      
193                    28467.0188672268       392790.303339374       399224.542366943       392790.303339374       68338.143705391       
194                    28428.3334138031       392851.295906495       399233.487088316       392851.295906495       68290.566858194       
195                    28390.5379235097       392914.908267169       399241.324663571       392914.90826717        68244.6463542583      
196                    28353.6296079285       392980.940604862       399248.096903357       392980.940604863       68200.3529972232      
197                    28317.6055538355       393049.202325342       399253.845355676       393049.202325343       68157.6566581061      
198                    28282.4626705781       393119.511383698       399258.610841689       393119.511383698       68116.5268977381      
199                    28248.1975863724       393191.693555783       399262.433268177       393191.693555783       68076.9331335799      
200                    28214.8065337947       393265.581726736       399265.35160238        393265.581726737       68038.8447642078      
201                    28182.2855180326       393340.92183931        399267.404050419       393340.921839311       68002.2312947513      
202                    28150.6294519728       393417.471482467       399268.628238713       393417.471482467       67967.0601371028      
203                    28119.8325273962       393495.044362155       399269.061171915       393495.044362156       67933.2987548636      
204                    28089.8882228938       393573.496072331       399268.739132403       393573.496072332       67900.9159714283      
205                    28060.7892260075       393652.707104829       399267.697548784       393652.70710483        67869.8815428807      
206                    28032.5274054882       393732.571792483       399265.971125077       393732.571792483       67840.1658785941      
207                    28005.0938382577       393812.99167515        399263.595955457       393812.99167515        67811.7397690273      
208                    27978.4790052511       393893.872021329       399260.608941174       393893.872021329       67784.5741909468      
209                    27952.672382794        393975.119348891       399257.04612735        393975.119348891       67758.6400324152      
210                    27927.662723543        394056.641282986       399252.942072119       394056.641282986       67733.9080912533      
211                    27903.4381378986       394138.346503813       399248.329551069       394138.346503813       67710.3490670401      
212                    27879.9861408478       394220.144958266       399243.239550766       394220.144958267       67687.9335764806      
213                    27857.2937190639       394301.948218836       399237.701450332       394301.948218836       67666.6321506238      
214                    27835.347273264        394383.66979811        399231.743261949       394383.669798111       67646.4152253063      
215                    27814.1327610369       394465.225694936       399225.391788189       394465.225694936       67627.2532403609      
216                    27793.6357692329       394546.534726404       399218.672678657       394546.534726404       67609.1167368944      
217                    27773.8415954012       394627.518812143       399211.610377424       394627.518812143       67591.9764583142      
218                    27754.7353448627       394708.10296987        399204.228022241       394708.102969871       67575.8034386846      
219                    27736.3021925378       394788.20686508        399196.547307384       394788.20686508        67560.5690822133      
220                    27718.5269756692       394867.74985433        399188.5885318         394867.749854331       67546.2450753162      
221                    27701.3946811938       394946.658096076       399180.370592181       394946.658096077       67532.8034208885      
222                    27684.8905174669       395024.866832413       399171.911110489       395024.866832415       67520.2166186987      
223                    27669.0000374677       395102.313826151       399163.226560351       395102.313826152       67508.4576677779      
224                    27653.7088882505       395178.93912909        399154.332435057       395178.939129091       67497.5000315335      
225                    27639.0030261854       395254.689089861       399145.243369683       395254.689089862       67487.3177662388      
226                    27624.8688526583       395329.517945939       399135.973295437       395329.517945939       67477.8855867395      
227                    27611.2931797512       395403.387526566       399126.535599859       395403.387526566       67469.1788529445      
228                    27598.2632292356       395476.266266205       399116.943261767       395476.266266205       67461.1735362968      
229                    27585.7666334026       395548.128028274       399107.208947863       395548.128028274       67453.846133193       
230                    27573.7913468468       395618.951029963       399097.345089026       395618.951029963       67447.1735615885      
231                    27562.3256688249       395688.717026221       399087.363926503       395688.717026222       67441.1331573097      
232                    27551.3582495167       395757.410609151       399077.277538483       395757.410609152       67435.7027051501      
233                    27540.8780600797       395825.018642946       399067.097852817       395825.018642946       67430.8604766295      
234                    27530.8744006892       395891.513149532       399056.836633246       395891.513149532       67426.5852513169      
235                    27521.3368526301       395956.82742052        399046.505443899       395956.82742052        67422.8563114695      
236                    27512.2550366833       396020.912521355       399036.115642424       396020.912521356       67419.6534681476      
237                    27503.6187952331       396083.747034061       399025.678378724       396083.747034062       67416.9570703654      
238                    27495.4181383062       396145.327812559       399015.20458228        396145.32781256        67414.7479461524      
239                    27487.6432147629       396205.662311053       399004.70493297        396205.662311054       67413.0119671004      
240                    27480.2842118104       396264.763269226       398994.189822067       396264.763269227       67411.7452889921      
241                    27473.3312999214       396322.645601507       398983.669361406       396322.645601508       67410.9270266223      
242                    27466.7746682282       396379.324571548       398973.153383246       396379.324571549       67410.5337022482      
243                    27460.6045294699       396434.814756337       398962.651431733       396434.814756337       67410.5433802176      
244                    27454.8111239191       396489.129559062       398952.172738134       396489.129559062       67410.9354856795      
245                    27449.3847158033       396542.28099727        398941.726118085       396542.28099727        67411.6887199267      
246                    27444.3155708963       396594.279894127       398931.319927872       396594.279894128       67412.7835560859      
247                    27439.5939357026       396645.136005156       398920.962085585       396645.136005156       67414.2080653091      
248                    27435.2100179839       396694.858296636       398910.660165466       396694.858296637       67415.9492887767      
249                    27431.1540378076       396743.455102508       398900.421458649       396743.455102509       67417.9967849227      
250                    27427.4161454046       396790.9340741         398890.252987733       396790.934074101       67420.3400872577      
251                    27423.9865187693       396837.302586414       398880.161544181       396837.302586416       67422.9666444974      
252                    27420.8554070948       396882.568040622       398870.153703345       396882.568040623       67425.8623402246      
253                    27418.0131562264       396926.738080492       398860.235817997       396926.738080494       67429.0122891954      
254                    27415.4502264013       396969.820729809       398850.413991679       396969.82072981        67432.4014135458      
255                    27413.1572047645       397011.824464505       398840.69332993        397011.824464507       67436.0147876257      
256                    27411.1248120438       397052.758238968       398831.078446416       397052.758238969       67439.8378263224      
257                    27409.3439058716       397092.631486911       398821.574430451       397092.631486913       67443.8563791965      
258                    27407.8054870424       397131.454104266       398812.186427896       397131.454104268       67448.0567491229      
259                    27406.50070051         397169.236411486       398802.91936056        397169.236411487       67452.4256690613      
260                    27405.4208296468       397205.989129908       398793.777833283       397205.98912991        67456.9503000272      
261                    27404.5573008901       397241.723383238       398784.766125646       397241.72338324        67461.6182224831      
262                    27403.9016848304       397276.450672712       398775.888203354       397276.450672713       67466.4174436562      
263                    27403.4456971888       397310.182853697       398767.14772836        397310.182853698       67471.3364080948      
264                    27403.1811996545       397342.932111417       398758.548063492       397342.932111417       67476.3640048231      
265                    27403.1002113621       397374.707922095       398750.092238922       397374.707922095       67481.4882306827      
266                    27403.1948872859       397405.517848928       398741.782954332       397405.517848929       67486.6978741027      
267                    27403.4575142689       397435.370007603       398733.622581222       397435.370007604       67491.9810751099      
268                    27403.8804972298       397464.274401891       398725.613180965       397464.274401892       67497.3265173484      
269                    27404.4563508462       397492.243189422       398717.756527997       397492.243189423       67502.72527898        
270                    27405.1777047629       397519.290392028       398710.054129743       397519.290392029       67508.170158911       
271                    27406.0373170297       397545.431434501       398702.507244432       397545.431434502       67513.6548138005      
272                    27407.0280910498       397570.682689879       398695.116896541       397570.682689879       67519.1732273333      
273                    27408.1430921088       397595.061100253       398687.883889867       397595.061100253       67524.7194501662      
274                    27409.375560558        397618.583889539       398680.808816566       397618.58388954        67530.2875164193      
275                    27410.7189215757       397641.268358652       398673.892054901       397641.268358652       67535.8714528315      
276                    27412.1667917267       397663.131751063       398667.133788275       397663.131751064       67541.4653242507      
277                    27413.7129804206       397684.191176132       398660.534040989       397684.191176133       67547.063281444       
278                    27415.3514662579       397704.461508288       398654.092691546       397704.461508289       67552.6595549596      
279                    27417.0764395477       397723.956305688       398647.809449781       397723.956305688       67558.2485937759      
280                    27418.8822625019       397742.689050124       398641.683823585       397742.689050124       67563.825044035       
281                    27420.7634559517       397760.673720154       398635.715106533       397760.673720154       67569.3837616367      
282                    27422.7146941356       397777.924997957       398629.902395331       397777.924997958       67574.9198237672      
283                    27424.7308024191       397794.4582629         398624.244626266       397794.4582629         67580.4285340677      
284                    27426.8067602037       397810.289467802       398618.740609616       397810.289467803       67585.905427195       
285                    27428.9377037487       397825.434974384       398613.389546271       397825.434974385       67591.3462685821      
286                    27431.1189285914       397839.911387024       398608.191019958       397839.911387024       67596.747052813       
287                    27433.3458914428       397853.735404784       398603.144603712       397853.735404785       67602.1040002008      
288                    27435.6142100262       397866.923699992       398598.249638011       397866.923699992       67607.41354754        
289                    27437.9196652785       397879.492824273       398593.505141041       397879.492824274       67612.6723418185      
290                    27440.2582045765       397891.459146957       398588.909802136       397891.459146958       67617.8772338818      
291                    27442.6259429932       397902.838815391       398584.462017849       397902.838815393       67623.0252588929      
292                    27445.0191725899       397913.647733429       398580.159950297       397913.64773343        67628.1136343457      
293                    27447.4343599951       397923.901562472       398576.001565398       397923.901562473       67633.139731666       
294                    27449.8681517141       397933.615720652       398571.984648812       397933.615720653       67638.1010621099      
295                    27452.3173747678       397942.805398408       398568.106825841       397942.805398409       67642.9952844228      
296                    27454.7790279747       397951.485572469       398564.365600843       397951.48557247        67647.820218355       
297                    27457.2502691502       397959.671012363       398560.75840789        397959.671012365       67652.5738612494      
298                    27459.7283987619       397967.376284462       398557.282677105       397967.376284463       67657.2544001108      
299                    27462.2108422329       397974.615753447       398553.935941097       397974.615753448       67661.8602156435      
300                    27464.6951325026       397981.403583455       398550.715877389       397981.403583457       67666.389879012       
301                    27467.1788970232       397987.753735595       398547.620286375       397987.753735597       67670.8421444119      
302                    27469.6598471261       397993.679963844       398544.647053059       397993.679963846       67675.2159371349      
303                    27472.1357714107       397999.195808128       398541.794114524       397999.195808129       67679.5103407095      
304                    27474.6045326996       398004.314585413       398539.059434951       398004.314585414       67683.7245843764      
305                    27477.0640677185       398009.049379989       398536.440986649       398009.049379991       67687.8580316029      
306                    27479.5123885806       398013.413034173       398533.936735545       398013.413034175       67691.9101699197      
307                    27481.9475852248       398017.418140488       398531.544630087       398017.418140489       67695.8806021007      
308                    27484.3678281337       398021.077036024       398529.262592943       398021.077036026       67699.7690385711      
309                    27486.7713708447       398024.401799321       398527.088515242       398024.401799323       67703.5752908588      
310                    27489.1565519532       398027.40424973        398525.020253167       398027.404249731       67707.2992659006      
311                    27491.5217964537       398030.095948967       398523.055626783       398030.095948968       67710.9409610151      
312                    27493.8656163748       398032.488204413       398521.192420866       398032.488204414       67714.5004593852      
313                    27496.18661074         398034.592073638       398519.428387446       398034.592073639       67717.9779259148      
314                    27498.4834649267       398036.418369662       398517.761249704       398036.418369663       67721.3736033523      
315                    27500.7549495206       398037.977666531       398516.188706833       398037.977666531       67724.6878085968      
316                    27502.9999187589       398039.280304873       398514.708439504       398039.280304873       67727.9209291276      
317                    27505.2173086608       398040.336397191       398513.31811558        398040.336397192       67731.0734195052      
318                    27507.4061349215       398041.155832776       398512.015395821       398041.155832776       67734.1457979202      
319                    27509.5654906365       398041.748282126       398510.797939354       398041.748282127       67737.1386427668      
320                    27511.6945439014       398042.123200918       398509.663408766       398042.123200919       67740.0525892314      
321                    27513.7925353255       398042.289833507       398508.609474727       398042.289833509       67742.888325891       
322                    27515.8587754733       398042.257216034       398507.633820082       398042.257216035       67745.6465913218      
323                    27517.8926422446       398042.034179188       398506.734143436       398042.034179189       67748.3281707215      
324                    27519.8935781872       398041.62935068        398505.908162217       398041.629350681       67750.9338925517      
325                    27521.8610876336       398041.051156062       398505.153613077       398041.051156063       67753.4646238618      
326                    27523.7947337604       398040.307820898       398504.468248574       398040.307820899       67755.9212666152      
327                    27525.694135746        398039.40737388        398503.849833543       398039.407373881       67758.3047549696      
328                    27527.5589660357       398038.357648692       398503.296144885       398038.357648692       67760.6160517619      
329                    27529.3889473275       398037.166285082       398502.8049739         398037.166285083       67762.8561455988      
330                    27531.1838510875       398035.840729347       398502.374214367       398035.840729348       67765.0260489484      
331                    27532.9434908582       398034.38823418        398502.001888792       398034.388234181       67767.1267944517      
332                    27534.6677213655       398032.815859021       398501.686082249       398032.815859021       67769.1594344237      
333                    27536.3564356812       398031.130469031       398501.42490173        398031.130469032       67771.1250392021      
334                    27538.0095628852       398029.338733511       398501.216454616       398029.338733511       67773.0246957954      
335                    27539.6270661904       398027.447123798       398501.058841193       398027.447123798       67774.8595067497      
336                    27541.2089414249       398025.461910826       398500.950156642       398025.461910827       67776.6305891749      
337                    27542.755215731        398023.389162614       398500.888498162       398023.389162614       67778.3390738646      
338                    27544.2659463052       398021.234742089       398500.87197389        398021.234742089       67779.9861044289      
339                    27545.7412190129       398019.004305755       398500.898711423       398019.004305756       67781.57283636        
340                    27547.1811467706       398016.703303722       398500.966864857       398016.703303723       67783.1004359573      
341                    27548.5858677033       398014.336981555       398501.074619953       398014.336981556       67784.5700790766      
342                    27549.9555432033       398011.910384257       398501.220197519       398011.910384257       67785.9829497024      
343                    27551.290356119        398009.428362423       398501.401855257       398009.428362423       67787.3402383803      
344                    27552.5905093198       398006.89558034        398501.617888382       398006.89558034        67788.6431405739      
345                    27553.8562248432       398004.316525526       398501.866629321       398004.316525526       67789.8928550075      
346                    27555.0877437119       398001.695519025       398502.146446716       398001.695519025       67791.0905820595      
347                    27556.2853263897       397999.036725711       398502.45574394        397999.036725711       67792.2375222441      
348                    27557.4492537294       397996.344163932       398502.792957289       397996.344163933       67793.3348748101      
349                    27558.5798282016       397993.621713987       398503.156554009       397993.621713988       67794.3838364657      
350                    27559.6773751785       397990.873125195       398503.545030319       397990.873125196       67795.3856002309      
351                    27560.7422440718       397988.102021584       398503.956909622       397988.102021585       67796.3413544119      
352                    27561.7748091847       397985.311906409       398504.390741049       397985.31190641        67797.2522816883      
353                    27562.7754701902       397982.506165924       398504.845098513       397982.506165924       67798.1195583029      
354                    27563.7446522076       397979.688072782       398505.318580339       397979.688072783       67798.9443533459      
355                    27564.6828054813       397976.860789438       398505.809809454       397976.860789438       67799.7278281257      
356                    27565.5904046814       397974.027371629       398506.31743398        397974.027371629       67800.471135621       
357                    27566.4679478562       397971.190771833       398506.840127881       397971.190771832       67801.175420001       
358                    27567.3159550665       397968.353842277       398507.376591319       397968.353842277       67801.8418161785      
359                    27568.1349667451       397965.519337041       398507.925550434       397965.51933704        67802.4714493159      
360                    27568.9255418438       397962.689912964       398508.485756718       397962.689912963       67803.0654341476      
361                    27569.6882558426       397959.868129615       398509.055986817       397959.868129614       67803.6248739407      
362                    27570.423698661        397957.056449204       398509.63504431        397957.056449203       67804.150858951       
363                    27571.1324724312       397954.257237565       398510.22176517        397954.257237564       67804.6444643998      
364                    27571.8151889659       397951.472766727       398510.8150278         397951.472766726       67805.1067482522      
365                    27572.4724667181       397948.705217932       398511.413766491       397948.705217932       67805.5387492598      
366                    27573.1049271717       397945.956682428       398512.016985034       397945.956682428       67805.9414856574      
367                    27573.7131908782       397943.229157367       398512.623766183       397943.229157368       67806.3159545589      
368                    27574.2978735586       397940.524536211       398513.233273929       397940.524536212       67806.6631317754      
369                    27574.8595826739       397937.844595986       398513.844748355       397937.844595987       67806.9839717193      
370                    27575.3989146593       397935.190985635       398514.457495549       397935.190985636       67807.2794072265      
371                    27575.9164528358       397932.565219322       398515.070876134       397932.565219322       67807.5503493195      
372                    27576.4127659283       397929.968676433       398515.684295096       397929.968676434       67807.7976869936      
373                    27576.8884071176       397927.402607591       398516.297193973       397927.402607592       67808.022287093       
374                    27577.3439135631       397924.868144444       398516.90904517        397924.868144446       67808.224994296       
375                    27577.7798063328       397922.366310822       398517.519347709       397922.366310823       67808.4066312183      
376                    27578.1965906737       397919.898033425       398518.127623834       397919.898033425       67808.5679986346      
377                    27578.5947565628       397917.464151105       398518.733416164       397917.464151106       67808.7098758209      
378                    27578.9747794729       397915.065422521       398519.336285355       397915.065422522       67808.8330210171      
379                    27579.3371213044       397912.702532333       398519.935808268       397912.702532335       67808.9381719985      
380                    27579.6822314342       397910.376096291       398520.531576677       397910.376096292       67809.0260467409      
381                    27580.010547833        397908.086665526       398521.123196496       397908.086665527       67809.0973441524      
382                    27580.3224982158       397905.834730322       398521.710287429       397905.834730323       67809.1527448459      
383                    27580.6185011811       397903.620723507       398522.292482967       397903.620723508       67809.1929119206      
384                    27580.8989673087       397901.445023568       398522.869430621       397901.44502357        67809.2184917284      
385                    27581.1643001857       397899.307957539       398523.440792289       397899.307957541       67809.2301145995      
386                    27581.4148973384       397897.209803664       398524.006244679       397897.209803666       67809.2283955096      
387                    27581.6511510516       397895.150793856       398524.565479737       397895.150793858       67809.2139346764      
388                    27581.8734490673       397893.13111596        398525.118205023       397893.131115962       67809.1873180756      
389                    27582.0821751546       397891.150915821       398525.664144022       397891.150915823       67809.149117877       
390                    27582.2777095516       397889.210299188       398526.203036362       397889.210299189       67809.0998927998      
391                    27582.4604292859       397887.309333449       398526.734637949       397887.30933345        67809.0401883915      
392                    27582.6307083774       397885.448049245       398527.258721007       397885.448049246       67808.970537241       
393                    27582.7889179378       397883.626441953       398527.775074041       397883.626441955       67808.891459129       
394                    27582.9354261761       397881.844473088       398528.283501709       397881.84447309        67808.8034611316      
395                    27583.0705983256       397880.102071615       398528.783824644       397880.102071617       67808.7070376837      
396                    27583.1947965035       397878.399135208       398529.275879203       397878.39913521        67808.6026706124      
397                    27583.3083795202       397876.735531453       398529.759517172       397876.735531454       67808.4908291499      
398                    27583.4117026468       397875.111099017       398530.234605424       397875.111099018       67808.3719699351      
399                    27583.5051173562       397873.525648792       398530.70102555        397873.525648792       67808.2465370113      
400                    27583.5889710463       397871.978965007       398531.158673457       397871.978965007       67808.1149618234      
401                    27583.6636067564       397870.470806332       398531.607458943       397870.470806332       67807.9776632246      
402                    27583.7293628825       397869.000906962       398532.04730526        397869.000906962       67807.8350474926      
403                    27583.7865729013       397867.56897769        398532.478148663       397867.56897769        67807.6875083599      
404                    27583.8355651052       397866.174706975       398532.899937953       397866.174706976       67807.5354270616      
