/*--------------------------------*- C++ -*----------------------------------*\
  =========                 |
  \\      /  F ield         | OpenFOAM: The Open Source CFD Toolbox
   \\    /   O peration     | Website:  https://openfoam.org
    \\  /    A nd           | Version:  8
     \\/     M anipulation  |
\*---------------------------------------------------------------------------*/
FoamFile
{
    version     2.0;
    format      ascii;
    class       volScalarField;
    location    "0";
    object      V;
}
// * * * * * * * * * * * * * * * * * * * * * * * * * * * * * * * * * * * * * //

dimensions      [0 3 0 0 0 0 0];

internalField   nonuniform List<scalar> 
2209
(
8.45510711838173e-12
7.68646101236386e-12
6.98769183527316e-12
6.35244712715522e-12
5.7749519212386e-12
5.24995630206619e-12
4.77268754649697e-12
4.3388068604518e-12
3.94436986728653e-12
3.58579079262191e-12
3.2598098123104e-12
2.96346346239303e-12
2.69405769726418e-12
2.44914335696965e-12
2.22649396088149e-12
2.02408542316279e-12
1.84007765324111e-12
1.67279786658282e-12
1.52072533910858e-12
1.38247757766411e-12
1.25679779620461e-12
1.14254344942324e-12
1.03867586979944e-12
9.44250787383067e-13
8.58409805875958e-13
7.8037254996039e-13
7.09429594216798e-13
6.44935989726987e-13
5.86305452729657e-13
5.33004948667738e-13
4.84549956677994e-13
4.40499963960059e-13
4.0045450265987e-13
3.64049554560005e-13
3.30954148868342e-13
3.00867392179558e-13
2.73515820267497e-13
2.48650749877358e-13
2.26046127056952e-13
2.05496485830085e-13
1.86814980430888e-13
1.69831803735393e-13
1.54392550522204e-13
1.40356865782952e-13
1.27597148203997e-13
1.15997400770778e-13
1.05452191714072e-13
7.68646101236385e-12
6.98769182547005e-12
6.3524471193832e-12
5.77495193051165e-12
5.24995628906617e-12
4.77268754463388e-12
4.33880685799813e-12
3.9443698709074e-12
3.58579078641448e-12
3.259809809631e-12
2.96346346406084e-12
2.69405769156104e-12
2.44914335976423e-12
2.22649395962238e-12
2.02408541783852e-12
1.84007765638013e-12
1.67279786563683e-12
1.52072533239712e-12
1.38247758022599e-12
1.25679779716572e-12
1.14254345044897e-12
1.03867586252465e-12
9.44250790192777e-13
8.58409806226439e-13
7.80372550355014e-13
7.09429590471889e-13
6.44935994377817e-13
5.86305444874791e-13
5.33004956725542e-13
4.84549953060284e-13
4.40499960367249e-13
4.00454512464503e-13
3.64049547666731e-13
3.30954140321939e-13
3.00867407891981e-13
2.73515810917645e-13
2.48650745557115e-13
2.26046136124306e-13
2.05496479026473e-13
1.86814987012625e-13
1.69831800295662e-13
1.54392548763052e-13
1.40356864031727e-13
1.27597150639598e-13
1.15997407392581e-13
1.05452182459267e-13
9.58656287767552e-14
6.98769183527316e-12
6.3524471193832e-12
5.77495193154792e-12
5.24995630486143e-12
4.77268753951133e-12
4.33880686239137e-12
3.9443698742104e-12
3.58579079473673e-12
3.2598098085611e-12
2.9634634657825e-12
2.69405769685676e-12
2.44914335801549e-12
2.22649396528649e-12
2.02408541953349e-12
1.84007765412135e-12
1.67279787083728e-12
1.52072533367057e-12
1.38247757606415e-12
1.25679780125788e-12
1.1425434529256e-12
1.03867586491431e-12
9.44250784904029e-13
8.58409809984991e-13
7.80372551768426e-13
7.09429591825904e-13
6.44935991878148e-13
5.86305449925349e-13
5.33004950332507e-13
4.84549961065344e-13
4.40499957696407e-13
4.00454509760108e-13
3.64049557090763e-13
3.30954134519631e-13
3.00867400544612e-13
2.7351582558539e-13
2.48650737406082e-13
2.26046132513935e-13
2.0549648755782e-13
1.86814981089595e-13
1.69831806517319e-13
1.54392545852627e-13
1.40356862629394e-13
1.27597149226601e-13
1.15997409769509e-13
1.0545218862701e-13
9.58656204977874e-14
8.71505716882171e-14
6.35244712715522e-12
5.77495193051165e-12
5.24995630486143e-12
4.77268755301424e-12
4.33880685695595e-12
3.94436987749646e-12
3.58579079709601e-12
3.25980981554183e-12
2.9634634642781e-12
2.69405769793847e-12
2.4491433623903e-12
2.22649396329719e-12
2.02408542431947e-12
1.84007765533205e-12
1.67279786848367e-12
1.52072533812537e-12
1.38247757697376e-12
1.25679779724887e-12
1.14254345644072e-12
1.0386758669794e-12
9.44250786907008e-13
8.5840980502301e-13
7.80372555045257e-13
7.09429592983523e-13
6.44935992993342e-13
5.8630544754771e-13
5.33004954828288e-13
4.84549955166546e-13
4.40499964894692e-13
4.00454507260207e-13
3.64049554566904e-13
3.30954143027537e-13
3.00867395215798e-13
2.73515818856884e-13
2.48650750695774e-13
2.26046125063348e-13
2.0549648423878e-13
1.86814988811848e-13
1.69831801102283e-13
1.54392551480969e-13
1.40356859958368e-13
1.27597147928857e-13
1.15997408464135e-13
1.05452190768941e-13
9.58656260876296e-14
8.71505641462337e-14
7.9227792495962e-14
5.7749519212386e-12
5.24995628906617e-12
4.77268753951133e-12
4.33880685695595e-12
3.94436986139573e-12
3.58579078993841e-12
3.25980980846396e-12
2.96346346223997e-12
2.6940576889488e-12
2.44914335644455e-12
2.22649396097509e-12
2.02408541678447e-12
1.84007765447698e-12
1.67279786485161e-12
1.52072533168328e-12
1.38247757711226e-12
1.25679779452006e-12
1.14254344956368e-12
1.03867586723634e-12
9.44250786112887e-13
8.58409804415278e-13
7.80372548326528e-13
7.09429593955341e-13
6.44935992221067e-13
5.86305446902748e-13
5.33004951158817e-13
4.84549957882724e-13
4.40499958285881e-13
4.00454512671142e-13
3.64049551264291e-13
3.30954139796781e-13
3.00867402099048e-13
2.73515813238672e-13
2.48650743875468e-13
2.26046136505353e-13
2.0549647688413e-13
1.86814985266005e-13
1.69831807642019e-13
1.54392546121396e-13
1.40356864677945e-13
1.27597145139658e-13
1.15997406956193e-13
1.05452189283887e-13
9.58656277636117e-14
8.71505689813512e-14
7.92277854154664e-14
7.20252657490351e-14
5.24995630206619e-12
4.77268754463387e-12
4.33880686239137e-12
3.94436987749646e-12
3.58579078993841e-12
3.25980981526344e-12
2.96346346790226e-12
2.69405769809297e-12
2.44914335826939e-12
2.22649396465829e-12
2.02408542293568e-12
1.84007765513808e-12
1.67279787090256e-12
1.52072533458894e-12
1.38247757689903e-12
1.25679779977615e-12
1.14254345174674e-12
1.03867586522431e-12
9.44250790200857e-13
8.58409807197329e-13
7.80372550959493e-13
7.09429590743264e-13
6.44935995737131e-13
5.86305448593953e-13
5.33004952748183e-13
4.84549956524757e-13
4.4049996255323e-13
4.00454508297764e-13
3.64049557669356e-13
3.3095413814535e-13
3.00867400390121e-13
2.73515820612651e-13
2.48650739782983e-13
2.26046131227784e-13
2.05496488124783e-13
1.86814979342522e-13
1.69831805111767e-13
1.54392552696837e-13
1.4035686037854e-13
1.27597149951027e-13
1.15997404894048e-13
1.05452188343481e-13
9.5865626804886e-14
8.71505708607153e-14
7.9227790134423e-14
7.20252596062244e-14
6.54775144424126e-14
4.77268754649697e-12
4.33880685799813e-12
3.9443698742104e-12
3.58579079709601e-12
3.25980980846397e-12
2.96346346790226e-12
2.6940576976211e-12
2.44914336147374e-12
2.22649396167312e-12
2.02408542206212e-12
1.84007765689197e-12
1.67279786801436e-12
1.52072533691779e-12
1.3824775766569e-12
1.25679779696081e-12
1.14254345414184e-12
1.03867586504239e-12
9.44250786402172e-13
8.58409809123152e-13
7.80372551860896e-13
7.09429591657102e-13
6.44935991471823e-13
5.86305450567432e-13
5.33004953173874e-13
4.84549956958935e-13
4.40499960399897e-13
4.0045451134189e-13
3.64049552934206e-13
3.30954143277808e-13
3.00867398261258e-13
2.73515818488571e-13
2.48650745967952e-13
2.26046127035842e-13
2.05496482898361e-13
1.86814989171626e-13
1.69831799372547e-13
1.54392550074568e-13
1.40356866063447e-13
1.27597145776324e-13
1.15997409026071e-13
1.05452186248847e-13
9.586562575001e-14
8.71505698073632e-14
7.9227791677679e-14
7.20252637459513e-14
6.54775087214593e-14
5.9525013119044e-14
4.3388068604518e-12
3.94436987090739e-12
3.58579079473673e-12
3.25980981554183e-12
2.96346346223997e-12
2.69405769809297e-12
2.44914336147373e-12
2.22649396497612e-12
2.02408541970284e-12
1.84007765642011e-12
1.67279786990179e-12
1.52072533455851e-12
1.38247757901617e-12
1.25679779696082e-12
1.14254345178255e-12
1.03867586740167e-12
9.44250786402172e-13
8.58409805820152e-13
7.80372553748327e-13
7.09429592600813e-13
6.44935992415548e-13
5.86305446792566e-13
5.33004955061302e-13
4.84549957430795e-13
4.4049996087176e-13
4.00454509454452e-13
3.64049555765357e-13
3.30954139031095e-13
3.00867402979826e-13
2.73515816601144e-13
2.48650744080518e-13
2.26046132698137e-13
2.05496479123498e-13
1.86814984453052e-13
1.69831808337846e-13
1.54392544884128e-13
1.40356863704156e-13
1.2759715096677e-13
1.15997405251204e-13
1.05452190023701e-13
9.58656238625882e-14
8.71505688636455e-14
7.92277907339665e-14
7.20252651615264e-14
6.54775124963227e-14
5.95250079285995e-14
5.41136482900367e-14
3.94436986728653e-12
3.58579078641448e-12
3.2598098085611e-12
2.9634634642781e-12
2.6940576889488e-12
2.44914335826939e-12
2.22649396167312e-12
2.02408541970284e-12
1.84007765154555e-12
1.67279786699123e-12
1.52072533401836e-12
1.38247757482047e-12
1.25679779724116e-12
1.1425434500876e-12
1.03867586371599e-12
9.4425078714618e-13
8.58409804546706e-13
7.80372549587916e-13
7.0942959326422e-13
6.44935992316705e-13
5.86305446780714e-13
5.33004950838893e-13
4.8454995842781e-13
4.4049996064724e-13
4.00454509289347e-13
3.64049553509435e-13
3.30954141113898e-13
3.00867398672838e-13
2.73515820484995e-13
2.48650741995803e-13
2.26046130646948e-13
2.05496483966181e-13
1.86814980744221e-13
1.69831803796282e-13
1.54392552805364e-13
1.40356858777357e-13
1.27597148632664e-13
1.15997409797712e-13
1.05452186435565e-13
9.58656271520541e-14
8.71505670185226e-14
7.92277897585072e-14
7.20252641967565e-14
6.54775136860701e-14
5.95250112719882e-14
5.41136434911766e-14
4.91942256452355e-14
3.58579079262191e-12
3.259809809631e-12
2.9634634657825e-12
2.69405769793847e-12
2.44914335644455e-12
2.22649396465829e-12
2.02408542206212e-12
1.84007765642011e-12
1.67279786699124e-12
1.52072533540096e-12
1.38247757799175e-12
1.25679779675626e-12
1.14254345336917e-12
1.03867586492668e-12
9.44250786296979e-13
8.58409807497094e-13
7.80372550497523e-13
7.09429591361382e-13
6.44935994628304e-13
5.86305448244043e-13
5.33004952240103e-13
4.84549955872881e-13
4.40499962720547e-13
4.00454510146082e-13
3.64049554323743e-13
3.30954139939793e-13
3.00867401363326e-13
2.73515817294122e-13
2.48650746185274e-13
2.26046129350574e-13
2.05496482645847e-13
1.86814985641552e-13
1.69831800874521e-13
1.54392549085673e-13
1.40356866350294e-13
1.27597144491777e-13
1.15997407983089e-13
1.05452190848106e-13
9.58656241440733e-14
8.71505702398141e-14
7.92277882910053e-14
7.20252635007776e-14
6.54775129824604e-14
5.95250125112673e-14
5.41136466739706e-14
4.91942214129588e-14
4.47220233659788e-14
3.2598098123104e-12
2.96346346406084e-12
2.69405769685676e-12
2.4491433623903e-12
2.22649396097508e-12
2.02408542293569e-12
1.84007765689197e-12
1.67279786990179e-12
1.52072533401836e-12
1.38247757799175e-12
1.25679779849661e-12
1.14254345188959e-12
1.0386758669656e-12
9.44250786539124e-13
8.58409805944655e-13
7.803725524702e-13
7.09429591543307e-13
6.44935992312094e-13
5.86305449812446e-13
5.33004953085809e-13
4.84549956706169e-13
4.40499959997396e-13
4.00454511666825e-13
3.64049554771613e-13
3.30954140379179e-13
3.00867400022418e-13
2.73515819491347e-13
2.4865074305842e-13
2.26046132953671e-13
2.0549648128049e-13
1.86814984271401e-13
1.69831805172237e-13
1.54392546289156e-13
1.40356862841149e-13
1.27597151260261e-13
1.1599740411318e-13
1.05452189102575e-13
9.58656280683156e-14
8.71505674260517e-14
7.92277911474232e-14
7.20252621011995e-14
6.54775122902249e-14
5.95250118175036e-14
5.41136477513898e-14
4.91942242616818e-14
4.47220194777893e-14
4.06563848885908e-14
2.96346346239303e-12
2.69405769156104e-12
2.44914335801549e-12
2.22649396329719e-12
2.02408541678447e-12
1.84007765513808e-12
1.67279786801436e-12
1.52072533455851e-12
1.38247757482047e-12
1.25679779675626e-12
1.14254345188959e-12
1.03867586418223e-12
9.44250787085136e-13
8.5840980497611e-13
7.80372549978273e-13
7.09429592354274e-13
6.4493599158441e-13
5.86305446894916e-13
5.33004953773555e-13
4.84549956804014e-13
4.40499960144952e-13
4.00454508636706e-13
3.64049555649991e-13
3.30954140328045e-13
3.00867400005238e-13
2.73515817893592e-13
2.48650744711575e-13
2.26046129798059e-13
2.05496484271473e-13
1.8681498277148e-13
1.69831803691472e-13
1.54392549982375e-13
1.40356860104505e-13
1.27597147893439e-13
1.15997410105721e-13
1.05452185438454e-13
9.58656263487202e-14
8.71505708728634e-14
7.92277884797445e-14
7.20252645982088e-14
6.54775109272091e-14
5.95250111057716e-14
5.41136470457646e-14
4.91942251730299e-14
4.47220220056143e-14
4.06563812975744e-14
3.69603498570139e-14
2.69405769726418e-12
2.44914335976423e-12
2.22649396528649e-12
2.02408542431947e-12
1.84007765447698e-12
1.67279787090256e-12
1.52072533691779e-12
1.38247757901617e-12
1.25679779724116e-12
1.14254345336917e-12
1.0386758669656e-12
9.44250787085136e-13
8.58409807772787e-13
7.80372551188966e-13
7.09429591989966e-13
6.44935994049905e-13
5.86305447804523e-13
5.33004952549568e-13
4.84549958727699e-13
4.40499961414325e-13
4.00454509843955e-13
3.64049553870889e-13
3.30954142013441e-13
3.00867400764996e-13
2.73515818610918e-13
2.48650743925389e-13
2.26046131906671e-13
2.0549648195341e-13
1.86814985991168e-13
1.69831802783008e-13
1.54392549049955e-13
1.40356863838093e-13
1.27597145747506e-13
1.15997407355815e-13
1.054521911688e-13
9.58656232745954e-14
8.71505695431345e-14
7.92277918255187e-14
7.20252623660546e-14
6.54775133726821e-14
5.9525010026177e-14
5.41136465437431e-14
4.91942246633775e-14
4.47220229539553e-14
4.06563837045426e-14
3.69603466914995e-14
3.3600318103959e-14
2.44914335696965e-12
2.22649395962238e-12
2.02408541953349e-12
1.84007765533205e-12
1.67279786485161e-12
1.52072533458894e-12
1.3824775766569e-12
1.25679779696082e-12
1.1425434500876e-12
1.03867586492668e-12
9.44250786539124e-13
8.5840980497611e-13
7.80372551188965e-13
7.09429590779287e-13
6.44935991617527e-13
5.86305448135715e-13
5.33004951639963e-13
4.8454995603633e-13
4.40499961727987e-13
4.0045450969326e-13
3.64049553782324e-13
3.30954139317836e-13
3.00867401316952e-13
2.73515818410498e-13
2.48650743767406e-13
2.26046130455502e-13
2.05496483200827e-13
1.868149832752e-13
1.69831805156688e-13
1.54392547721073e-13
1.40356862533158e-13
1.2759714872597e-13
1.1599740502705e-13
1.05452188325325e-13
9.58656281716725e-14
8.715056646454e-14
7.92277903585518e-14
7.20252651730126e-14
6.54775111301265e-14
5.9525012055399e-14
5.41136453859965e-14
4.91942240467228e-14
4.47220223449315e-14
4.06563844342152e-14
3.69603487592365e-14
3.36003151167495e-14
3.05457436787438e-14
2.22649396088149e-12
2.02408541783852e-12
1.84007765412135e-12
1.67279786848367e-12
1.52072533168328e-12
1.38247757689903e-12
1.25679779696081e-12
1.14254345178255e-12
1.03867586371599e-12
9.44250786296979e-13
8.58409805944655e-13
7.80372549978273e-13
7.09429591989966e-13
6.44935991617527e-13
5.86305446925021e-13
5.33004952850647e-13
4.84549956036328e-13
4.40499960033024e-13
4.00454510661804e-13
3.64049554266596e-13
3.30954139802112e-13
3.00867399379847e-13
2.73515819379046e-13
2.48650744009543e-13
2.2604613069764e-13
2.05496482232273e-13
1.86814984728025e-13
1.69831802977452e-13
1.54392550142444e-13
1.4035686156461e-13
1.27597147757417e-13
1.15997407932697e-13
1.05452186388226e-13
9.5865625750296e-14
8.71505710651574e-14
7.92277876950366e-14
7.20252639623193e-14
6.54775137936457e-14
5.95250101182966e-14
5.41136473230913e-14
4.91942230781765e-14
4.47220218606568e-14
4.06563839499375e-14
3.69603494856499e-14
3.36003170538495e-14
3.05457410152284e-14
2.77688578897669e-14
2.02408542316279e-12
1.84007765638013e-12
1.67279787083728e-12
1.52072533812537e-12
1.38247757711226e-12
1.25679779977615e-12
1.14254345414184e-12
1.03867586740167e-12
9.4425078714618e-13
8.58409807497094e-13
7.803725524702e-13
7.09429592354275e-13
6.44935994049905e-13
5.86305448135714e-13
5.33004952850647e-13
4.84549958137521e-13
4.40499960942632e-13
4.00454509947846e-13
3.64049555898837e-13
3.30954140925762e-13
3.00867400441376e-13
2.73515818182838e-13
2.48650745403491e-13
2.26046131384538e-13
2.0549648287674e-13
1.86814984233283e-13
1.69831804648896e-13
1.54392548480133e-13
1.40356864055688e-13
1.27597147140399e-13
1.15997407291725e-13
1.05452189247479e-13
9.58656241872537e-14
8.71505690438659e-14
7.92277920410163e-14
7.20252616896714e-14
6.5477512828225e-14
5.95250126625936e-14
5.41136456738295e-14
4.91942249407573e-14
4.47220210725075e-14
4.06563835936428e-14
3.69603491217188e-14
3.36003177836099e-14
3.0545742839302e-14
2.77688555257291e-14
2.52444163155543e-14
1.84007765324111e-12
1.67279786563683e-12
1.52072533367057e-12
1.38247757697376e-12
1.25679779452006e-12
1.14254345174674e-12
1.03867586504239e-12
9.44250786402173e-13
8.58409804546706e-13
7.80372550497522e-13
7.09429591543308e-13
6.44935991584409e-13
5.86305447804524e-13
5.33004951639961e-13
4.84549956036329e-13
4.40499960942633e-13
4.00454509038241e-13
3.6404955367113e-13
3.30954140974475e-13
3.00867400158201e-13
2.73515817961797e-13
2.48650743237785e-13
2.26046131671544e-13
2.05496482610083e-13
1.86814984009061e-13
1.69831803462677e-13
1.54392549330124e-13
1.40356861935854e-13
1.27597148851706e-13
1.15997406227793e-13
1.05452188207495e-13
9.58656263708634e-14
8.71505672450019e-14
7.92277898599168e-14
7.20252653282321e-14
6.54775104782469e-14
5.95250115268156e-14
5.41136477521698e-14
4.91942232281035e-14
4.47220225718325e-14
4.06563827008418e-14
3.6960348637539e-14
3.36003173070599e-14
3.05457433702614e-14
2.77688570635659e-14
2.52444140569581e-14
2.29494693256456e-14
1.67279786658282e-12
1.52072533239712e-12
1.38247757606415e-12
1.25679779724887e-12
1.14254344956368e-12
1.03867586522431e-12
9.4425078640217e-13
8.58409805820152e-13
7.80372549587915e-13
7.09429591361383e-13
6.44935992312094e-13
5.86305446894916e-13
5.33004952549568e-13
4.8454995603633e-13
4.40499960033024e-13
4.00454509947846e-13
3.64049553671128e-13
3.30954139701022e-13
3.00867400885887e-13
2.73515818325636e-13
2.48650743601632e-13
2.26046130216169e-13
2.05496483337766e-13
1.86814984190983e-13
1.698318036446e-13
1.54392548602434e-13
1.40356863027384e-13
1.27597147214413e-13
1.15997408047004e-13
1.05452187479811e-13
9.58656256431762e-14
8.71505694280596e-14
7.9227788404545e-14
7.20252635090164e-14
6.54775139347573e-14
5.95250095256762e-14
5.41136468425607e-14
4.9194225229245e-14
4.47220211164576e-14
4.065638415621e-14
3.6960347909856e-14
3.36003169432172e-14
3.05457430064193e-14
2.77688576093284e-14
2.52444155123313e-14
2.29494673245073e-14
2.08631539324063e-14
1.52072533910858e-12
1.38247758022599e-12
1.25679780125788e-12
1.14254345644072e-12
1.03867586723634e-12
9.44250790200855e-13
8.58409809123154e-13
7.80372553748327e-13
7.0942959326422e-13
6.44935994628304e-13
5.86305449812446e-13
5.33004953773556e-13
4.84549958727699e-13
4.40499961727987e-13
4.00454510661804e-13
3.64049555898837e-13
3.30954140974476e-13
3.00867400885887e-13
2.73515820039606e-13
2.4865074488916e-13
2.26046131416722e-13
2.05496482805412e-13
1.86814985571343e-13
1.69831804463466e-13
1.54392549361894e-13
1.40356862905916e-13
1.27597148697683e-13
1.15997407004894e-13
1.05452189539402e-13
9.58656253505178e-14
8.71505691018641e-14
7.92277906939984e-14
7.20252624630897e-14
6.5477512532869e-14
5.9525012897002e-14
5.4113645231563e-14
4.9194224591617e-14
4.47220231077593e-14
4.06563829895815e-14
3.69603493751359e-14
3.3600316410975e-14
3.05457427931863e-14
2.77688573854111e-14
2.52444161056162e-14
2.29494687358791e-14
2.0863152193466e-14
1.89665036478956e-14
1.38247757766411e-12
1.25679779716572e-12
1.1425434529256e-12
1.0386758669794e-12
9.44250786112887e-13
8.58409807197331e-13
7.80372551860896e-13
7.09429592600812e-13
6.44935992316707e-13
5.86305448244042e-13
5.3300495308581e-13
4.84549956804016e-13
4.40499961414325e-13
4.00454509693259e-13
3.64049554266596e-13
3.30954140925762e-13
3.00867400158201e-13
2.73515818325636e-13
2.4865074488916e-13
2.26046131170697e-13
2.05496482609092e-13
1.8681498391672e-13
1.698318046541e-13
1.54392549138823e-13
1.40356862716796e-13
1.27597147787677e-13
1.15997407626431e-13
1.05452187931217e-13
9.58656266221381e-14
8.71505682896878e-14
7.92277899009818e-14
7.20252640930686e-14
6.54775111717157e-14
5.95250112495492e-14
5.41136479573019e-14
4.91942228188028e-14
4.47220222478498e-14
4.0656384545085e-14
3.69603480829534e-14
3.36003175324923e-14
3.05457421179168e-14
2.77688570175535e-14
2.52444157438626e-14
2.29494691314177e-14
2.08631533457937e-14
1.89665019481883e-14
1.72422760018378e-14
1.25679779620461e-12
1.14254345044898e-12
1.03867586491431e-12
9.44250786907008e-13
8.58409804415278e-13
7.80372550959493e-13
7.09429591657102e-13
6.44935992415548e-13
5.86305446780714e-13
5.33004952240102e-13
4.84549956706169e-13
4.4049996014495e-13
4.00454509843955e-13
3.64049553782324e-13
3.30954139802112e-13
3.00867400441376e-13
2.73515817961797e-13
2.48650743601632e-13
2.26046131416722e-13
2.05496482609091e-13
1.86814983941575e-13
1.69831803334737e-13
1.54392549480165e-13
1.40356862666769e-13
1.27597147754625e-13
1.15997406925402e-13
1.05452188611023e-13
9.58656252644923e-14
8.71505695405567e-14
7.92277892488699e-14
7.20252634505365e-14
6.54775127247792e-14
5.9525010076923e-14
5.41136465185149e-14
4.91942253502898e-14
4.4722020684874e-14
4.06563838075978e-14
3.69603495372747e-14
3.36003163943523e-14
3.05457431707245e-14
2.77688564338951e-14
2.5244415436921e-14
2.29494688275284e-14
2.08631537280823e-14
1.89665030164007e-14
1.72422744754155e-14
1.56747963444558e-14
1.14254344942324e-12
1.03867586252465e-12
9.44250784904029e-13
8.58409805023011e-13
7.80372548326528e-13
7.09429590743264e-13
6.44935991471823e-13
5.86305446792566e-13
5.33004950838894e-13
4.84549955872881e-13
4.40499959997396e-13
4.00454508636706e-13
3.64049553870888e-13
3.30954139317836e-13
3.00867399379847e-13
2.73515818182838e-13
2.48650743237785e-13
2.26046130216169e-13
2.05496482805412e-13
1.86814983916721e-13
1.69831803334737e-13
1.54392548260206e-13
1.40356862958405e-13
1.27597147692169e-13
1.15997406879923e-13
1.05452187959697e-13
9.5865625869743e-14
8.71505682947385e-14
7.92277903754835e-14
7.20252628481246e-14
6.54775121319467e-14
5.95250114808798e-14
5.41136454452935e-14
4.91942240357546e-14
4.47220229802765e-14
4.06563823813034e-14
3.69603488619153e-14
3.36003177119922e-14
3.05457421319868e-14
2.77688573872976e-14
2.52444149029642e-14
2.29494685454376e-14
2.08631534490436e-14
1.89665033614113e-14
1.72422754442246e-14
1.56747949547139e-14
1.42498148377456e-14
1.03867586979944e-12
9.44250790192774e-13
8.5840980998499e-13
7.80372555045256e-13
7.09429593955341e-13
6.44935995737131e-13
5.86305450567432e-13
5.33004955061302e-13
4.84549958427809e-13
4.40499962720547e-13
4.00454511666826e-13
3.6404955564999e-13
3.30954142013441e-13
3.00867401316952e-13
2.73515819379046e-13
2.48650745403491e-13
2.26046131671544e-13
2.05496483337766e-13
1.86814985571342e-13
1.698318046541e-13
1.54392549480165e-13
1.40356862958405e-13
1.27597148965523e-13
1.15997407739719e-13
1.05452188751598e-13
9.58656260351265e-14
8.71505695336032e-14
7.92277898689527e-14
7.20252644414387e-14
6.5477512101683e-14
5.95250114122892e-14
5.41136471492042e-14
4.91942234488161e-14
4.47220221386253e-14
4.06563847892852e-14
3.69603478573315e-14
3.36003173635289e-14
3.05457435712029e-14
2.77688566624118e-14
2.52444159691676e-14
2.29494682413606e-14
2.08631533574511e-14
1.8966503257607e-14
1.72422758941147e-14
1.56747959593059e-14
1.42498136869411e-14
1.2954377208627e-14
9.44250787383067e-13
8.58409806226439e-13
7.80372551768426e-13
7.09429592983522e-13
6.44935992221067e-13
5.86305448593954e-13
5.33004953173874e-13
4.84549957430795e-13
4.4049996064724e-13
4.00454510146081e-13
3.64049554771612e-13
3.30954140328047e-13
3.00867400764996e-13
2.73515818410498e-13
2.48650744009542e-13
2.26046131384538e-13
2.05496482610082e-13
1.86814984190983e-13
1.69831804463466e-13
1.54392549138824e-13
1.40356862666768e-13
1.27597147692169e-13
1.15997407739718e-13
1.05452188480872e-13
9.58656257983469e-14
8.71505688142323e-14
7.92277902045399e-14
7.20252632621816e-14
6.54775128967186e-14
5.95250107907461e-14
5.4113646546821e-14
4.91942245068934e-14
4.4722021158741e-14
4.06563836184176e-14
3.69603496775609e-14
3.36003161149559e-14
3.05457429495861e-14
2.77688576936718e-14
2.52444150582534e-14
2.29494689816125e-14
2.08631528728144e-14
1.89665029850651e-14
1.72422756276778e-14
1.56747962118701e-14
1.42498144579997e-14
1.29543760331646e-14
1.17767065115955e-14
8.58409805875958e-13
7.8037255035501e-13
7.09429591825904e-13
6.44935992993342e-13
5.8630544690275e-13
5.33004952748183e-13
4.84549956958935e-13
4.4049996087176e-13
4.00454509289347e-13
3.64049554323743e-13
3.30954140379178e-13
3.00867400005238e-13
2.73515818610918e-13
2.48650743767406e-13
2.2604613069764e-13
2.0549648287674e-13
1.86814984009062e-13
1.698318036446e-13
1.54392549361894e-13
1.40356862716796e-13
1.27597147754624e-13
1.15997406879923e-13
1.05452188751598e-13
9.58656257983476e-14
8.71505688227191e-14
7.92277897539672e-14
7.20252637521709e-14
6.54775119927652e-14
5.95250116663235e-14
5.4113646120708e-14
4.91942240855694e-14
4.47220222354431e-14
4.06563828319903e-14
3.69603487080234e-14
3.36003178559722e-14
3.05457418929412e-14
2.77688571998551e-14
2.52444160605729e-14
2.29494682124275e-14
2.08631535993316e-14
1.89665025931789e-14
1.72422754241775e-14
1.56747960098967e-14
1.42498147241872e-14
1.29543767673854e-14
1.17767054732269e-14
1.07060968182974e-14
7.8037254996039e-13
7.09429590471889e-13
6.44935991878148e-13
5.8630544754771e-13
5.33004951158815e-13
4.84549956524757e-13
4.40499960399897e-13
4.00454509454452e-13
3.64049553509435e-13
3.30954139939793e-13
3.00867400022423e-13
2.73515817893592e-13
2.48650743925389e-13
2.26046130455502e-13
2.05496482232273e-13
1.86814984233283e-13
1.69831803462677e-13
1.54392548602434e-13
1.40356862905916e-13
1.27597147787677e-13
1.15997406925403e-13
1.05452187959696e-13
9.58656260351265e-14
8.71505688142323e-14
7.92277897539672e-14
7.20252633355445e-14
6.54775124318336e-14
5.95250108387517e-14
5.41136469114181e-14
4.91942236934021e-14
4.47220218480654e-14
4.06563838068522e-14
3.69603479894901e-14
3.36003169713011e-14
3.05457434727088e-14
2.77688562365635e-14
2.52444156091913e-14
2.29494691213908e-14
2.08631528980406e-14
1.89665032518028e-14
1.72422750662383e-14
1.56747958233713e-14
1.42498145391865e-14
1.29543770081116e-14
1.17767061395539e-14
1.0706095873282e-14
9.7328152789362e-15
7.09429594216798e-13
6.4493599437782e-13
5.86305449925349e-13
5.33004954828288e-13
4.84549957882724e-13
4.40499962553228e-13
4.0045451134189e-13
3.64049555765357e-13
3.30954141113899e-13
3.00867401363326e-13
2.73515819491345e-13
2.48650744711576e-13
2.26046131906671e-13
2.05496483200827e-13
1.86814984728025e-13
1.69831804648896e-13
1.54392549330123e-13
1.40356863027384e-13
1.27597148697683e-13
1.15997407626431e-13
1.05452188611023e-13
9.58656258697432e-14
8.71505695336029e-14
7.92277902045399e-14
7.20252637521709e-14
6.54775124318333e-14
5.95250115822229e-14
5.41136464720969e-14
4.91942246967897e-14
4.47220217502419e-14
4.06563836898647e-14
3.69603490895234e-14
3.36003165124478e-14
3.05457428451531e-14
2.77688578333429e-14
2.52444148794961e-14
2.29494688437942e-14
2.08631538450527e-14
1.89665027239754e-14
1.72422757647241e-14
1.5674795588641e-14
1.42498144520445e-14
1.29543769148642e-14
1.17767064265169e-14
1.07060965409634e-14
9.7328144761306e-15
8.84801393164363e-15
6.44935989726987e-13
5.86305444874788e-13
5.33004950332507e-13
4.84549955166546e-13
4.40499958285881e-13
4.00454508297766e-13
3.64049552934206e-13
3.30954139031095e-13
3.00867398672838e-13
2.73515817294123e-13
2.4865074305842e-13
2.26046129798059e-13
2.0549648195341e-13
1.868149832752e-13
1.69831802977453e-13
1.54392548480132e-13
1.40356861935855e-13
1.27597147214411e-13
1.15997407004894e-13
1.05452187931216e-13
9.58656252644923e-14
8.71505682947394e-14
7.92277898689531e-14
7.20252632621818e-14
6.5477511992765e-14
5.95250108387519e-14
5.41136464720966e-14
4.91942236829678e-14
4.47220221038323e-14
4.06563830931332e-14
3.69603485215338e-14
3.36003170928079e-14
3.05457420464949e-14
2.77688569160035e-14
2.52444160158093e-14
2.29494678937952e-14
2.08631533321087e-14
1.89665033480032e-14
1.72422750695246e-14
1.56747960278485e-14
1.42498140606737e-14
1.29543766738432e-14
1.17767061946543e-14
1.07060966681197e-14
9.73281496154915e-15
8.84801309130878e-15
8.04364896621344e-15
5.86305452729657e-13
5.33004956725548e-13
4.84549961065344e-13
4.40499964894692e-13
4.00454512671142e-13
3.64049557669356e-13
3.30954143277808e-13
3.00867402979826e-13
2.73515820484995e-13
2.48650746185274e-13
2.26046132953671e-13
2.05496484271473e-13
1.86814985991169e-13
1.69831805156688e-13
1.54392550142444e-13
1.40356864055688e-13
1.27597148851705e-13
1.15997408047006e-13
1.05452189539401e-13
9.58656266221378e-14
8.71505695405571e-14
7.92277903754835e-14
7.20252644414378e-14
6.54775128967192e-14
5.95250116663233e-14
5.41136469114185e-14
4.91942246967898e-14
4.4722022103832e-14
4.06563842524478e-14
3.69603487407499e-14
3.36003172689084e-14
3.05457432035986e-14
2.77688567622269e-14
2.52444157021146e-14
2.29494693997619e-14
2.08631528984332e-14
1.89665032725635e-14
1.72422759921601e-14
1.56747957188841e-14
1.42498147536212e-14
1.29543765850212e-14
1.17767062182452e-14
1.0706096677973e-14
9.73281527772484e-15
8.84801371494317e-15
8.04364836804062e-15
7.31240824493392e-15
5.33004948667738e-13
4.84549953060281e-13
4.40499957696407e-13
4.00454507260207e-13
3.64049551264291e-13
3.3095413814535e-13
3.00867398261258e-13
2.73515816601144e-13
2.48650741995803e-13
2.26046129350574e-13
2.0549648128049e-13
1.8681498277148e-13
1.69831802783008e-13
1.54392547721073e-13
1.4035686156461e-13
1.27597147140399e-13
1.15997406227793e-13
1.05452187479811e-13
9.58656253505178e-14
8.71505682896883e-14
7.92277892488694e-14
7.20252628481247e-14
6.5477512101683e-14
5.95250107907457e-14
5.4113646120708e-14
4.91942236934021e-14
4.47220217502413e-14
4.06563830931338e-14
3.69603487407499e-14
3.36003165100849e-14
3.0545742492679e-14
2.77688570223115e-14
2.52444148424743e-14
2.29494684601828e-14
2.08631536725825e-14
1.89665023374835e-14
1.72422754319154e-14
1.56747961106784e-14
1.42498140664115e-14
1.29543768455801e-14
1.17767058016863e-14
1.07060963941354e-14
9.7328150091514e-15
8.84801375007591e-15
8.0436487056165e-15
7.3124074926267e-15
6.6476437547749e-15
4.84549956677994e-13
4.40499960367249e-13
4.00454509760108e-13
3.64049554566904e-13
3.30954139796781e-13
3.00867400390121e-13
2.73515818488571e-13
2.48650744080518e-13
2.26046130646948e-13
2.05496482645847e-13
1.86814984271401e-13
1.69831803691472e-13
1.54392549049955e-13
1.40356862533158e-13
1.27597147757417e-13
1.15997407291725e-13
1.05452188207495e-13
9.58656256431762e-14
8.71505691018641e-14
7.92277899009817e-14
7.2025263450536e-14
6.54775121319471e-14
5.95250114122892e-14
5.41136465468221e-14
4.91942240855692e-14
4.47220218480656e-14
4.06563836898653e-14
3.69603485215338e-14
3.36003172689084e-14
3.0545742492679e-14
2.7768857003149e-14
2.52444156490309e-14
2.29494681969783e-14
2.08631532895885e-14
1.89665034695921e-14
1.72422749712396e-14
1.56747959553623e-14
1.42498147444031e-14
1.29543765134034e-14
1.17767063045216e-14
1.07060962572298e-14
9.73281497092146e-15
8.84801370574004e-15
8.04364891921069e-15
7.3124079646573e-15
6.64764322098835e-15
6.04331254604293e-15
4.40499963960059e-13
4.00454512464503e-13
3.64049557090763e-13
3.30954143027537e-13
3.00867402099048e-13
2.73515820612651e-13
2.48650745967952e-13
2.26046132698137e-13
2.05496483966181e-13
1.86814985641552e-13
1.69831805172237e-13
1.54392549982375e-13
1.40356863838093e-13
1.2759714872597e-13
1.15997407932697e-13
1.05452189247479e-13
9.58656263708641e-14
8.71505694280596e-14
7.92277906939984e-14
7.20252640930686e-14
6.54775127247797e-14
5.95250114808798e-14
5.41136471492042e-14
4.91942245068927e-14
4.47220222354431e-14
4.06563838068522e-14
3.69603490895223e-14
3.36003170928074e-14
3.05457432035984e-14
2.77688570223115e-14
2.52444156490307e-14
2.2949468946048e-14
2.08631530647103e-14
1.89665031345041e-14
1.72422760123281e-14
1.56747955473827e-14
1.42498146130404e-14
1.29543771386991e-14
1.17767060106697e-14
1.07060967217407e-14
9.73281485317873e-15
8.84801367709146e-15
8.04364888445623e-15
7.31240816388031e-15
6.64764365469351e-15
6.04331206495365e-15
5.4939205381053e-15
4.0045450265987e-13
3.64049547666728e-13
3.30954134519631e-13
3.00867395215798e-13
2.73515813238672e-13
2.48650739782983e-13
2.26046127035842e-13
2.05496479123498e-13
1.86814980744221e-13
1.69831800874521e-13
1.54392546289154e-13
1.40356860104505e-13
1.27597145747506e-13
1.1599740502705e-13
1.05452186388226e-13
9.58656241872537e-14
8.71505672450019e-14
7.9227788404545e-14
7.20252624630897e-14
6.54775111717167e-14
5.95250100769232e-14
5.41136454452926e-14
4.91942234488161e-14
4.47220211587406e-14
4.06563828319907e-14
3.69603479894901e-14
3.36003165124483e-14
3.05457420464954e-14
2.77688567622267e-14
2.52444148424743e-14
2.29494681969785e-14
2.08631530647103e-14
1.89665023110035e-14
1.72422751449158e-14
1.56747959822015e-14
1.42498137770363e-14
1.29543765964488e-14
1.17767061947284e-14
1.07060961051561e-14
9.73281495778276e-15
8.84801328125341e-15
8.04364859586823e-15
7.3124078936084e-15
6.64764361882712e-15
6.04331226197727e-15
5.49391992143e-15
4.99447309135158e-15
3.64049554560005e-13
3.30954140321939e-13
3.00867400544612e-13
2.73515818856884e-13
2.48650743875468e-13
2.26046131227784e-13
2.05496482898361e-13
1.86814984453052e-13
1.69831803796282e-13
1.54392549085673e-13
1.40356862841151e-13
1.27597147893439e-13
1.15997407355815e-13
1.05452188325326e-13
9.58656257502963e-14
8.71505690438656e-14
7.92277898599168e-14
7.20252635090163e-14
6.5477512532869e-14
5.95250112495483e-14
5.41136465185147e-14
4.91942240357552e-14
4.47220221386252e-14
4.06563836184173e-14
3.6960348708023e-14
3.36003169713011e-14
3.05457428451533e-14
2.77688569160033e-14
2.52444157021151e-14
2.29494684601825e-14
2.08631532895885e-14
1.89665031345041e-14
1.72422751449158e-14
1.56747958742248e-14
1.42498147910353e-14
1.29543763989072e-14
1.17767062131031e-14
1.07060967373274e-14
9.73281481983782e-15
8.84801376051735e-15
8.04364858526064e-15
7.31240794875051e-15
6.64764366175779e-15
6.04331249176407e-15
5.49392033908169e-15
4.99447274759077e-15
4.54043016645206e-15
3.30954148868342e-13
3.00867407891984e-13
2.7351582558539e-13
2.48650750695774e-13
2.26046136505353e-13
2.05496488124784e-13
1.86814989171626e-13
1.69831808337846e-13
1.54392552805363e-13
1.40356866350294e-13
1.27597151260261e-13
1.15997410105721e-13
1.054521911688e-13
9.58656281716715e-14
8.71505710651571e-14
7.92277920410166e-14
7.20252653282322e-14
6.5477513934757e-14
5.95250128970021e-14
5.41136479573019e-14
4.91942253502898e-14
4.47220229802765e-14
4.06563847892853e-14
3.69603496775611e-14
3.36003178559722e-14
3.05457434727088e-14
2.77688578333429e-14
2.5244416015809e-14
2.29494693997622e-14
2.08631536725825e-14
1.89665034695921e-14
1.72422760123281e-14
1.56747959822015e-14
1.42498147910355e-14
1.29543774099616e-14
1.17767061146449e-14
1.07060968277811e-14
9.73281546158427e-15
8.84801369606278e-15
8.04364907636423e-15
7.31240798947967e-15
6.64764375767956e-15
6.0433125724217e-15
5.49392058582405e-15
4.99447316167919e-15
4.54042988521972e-15
4.12766389194008e-15
3.00867392179558e-13
2.73515810917649e-13
2.48650737406082e-13
2.26046125063348e-13
2.0549647688413e-13
1.86814979342522e-13
1.69831799372547e-13
1.54392544884129e-13
1.40356858777358e-13
1.27597144491777e-13
1.1599740411318e-13
1.05452185438454e-13
9.58656232745954e-14
8.71505664645409e-14
7.92277876950366e-14
7.20252616896714e-14
6.54775104782462e-14
5.95250095256762e-14
5.41136452315629e-14
4.91942228188029e-14
4.4722020684874e-14
4.06563823813034e-14
3.69603478573315e-14
3.36003161149559e-14
3.05457418929412e-14
2.77688562365635e-14
2.52444148794961e-14
2.29494678937952e-14
2.0863152898433e-14
1.89665023374835e-14
1.72422749712396e-14
1.56747955473823e-14
1.42498137770369e-14
1.29543763989072e-14
1.17767061146447e-14
1.07060959026919e-14
9.73281478419437e-15
8.84801358890545e-15
8.04364838998416e-15
7.31240786522336e-15
6.64764327587531e-15
6.04331218795936e-15
5.49392023036331e-15
4.99447299618521e-15
4.54042990729495e-15
4.12766331412147e-15
3.75242152185831e-15
2.73515820267497e-13
2.48650745557109e-13
2.26046132513935e-13
2.0549648423878e-13
1.86814985266005e-13
1.69831805111767e-13
1.54392550074568e-13
1.40356863704156e-13
1.27597148632664e-13
1.15997407983089e-13
1.05452189102575e-13
9.58656263487202e-14
8.71505695431345e-14
7.92277903585518e-14
7.20252639623193e-14
6.5477512828225e-14
5.95250115268156e-14
5.41136468425607e-14
4.9194224591617e-14
4.47220222478498e-14
4.06563838075978e-14
3.69603488619153e-14
3.36003173635289e-14
3.05457429495861e-14
2.77688571998551e-14
2.52444156091913e-14
2.29494688437942e-14
2.08631533321092e-14
1.89665032725635e-14
1.72422754319154e-14
1.56747959553623e-14
1.42498146130404e-14
1.29543765964484e-14
1.17767062131031e-14
1.07060968277811e-14
9.73281478419437e-15
8.84801373763279e-15
8.04364898760198e-15
7.31240787308993e-15
6.64764373732304e-15
6.04331227214406e-15
5.49392035556911e-15
4.99447310460047e-15
4.54043014917413e-15
4.12766369085192e-15
3.75242132080656e-15
3.41129240728069e-15
2.48650749877358e-13
2.26046136124312e-13
2.0549648755782e-13
1.86814988811848e-13
1.69831807642019e-13
1.54392552696837e-13
1.40356866063447e-13
1.2759715096677e-13
1.15997409797712e-13
1.05452190848106e-13
9.58656280683156e-14
8.71505708728634e-14
7.92277918255187e-14
7.20252651730126e-14
6.54775137936457e-14
5.95250126625936e-14
5.41136477521712e-14
4.9194225229245e-14
4.47220231077593e-14
4.0656384545085e-14
3.69603495372757e-14
3.36003177119922e-14
3.05457435712029e-14
2.77688576936718e-14
2.52444160605729e-14
2.29494691213908e-14
2.08631538450527e-14
1.89665033480032e-14
1.72422759921601e-14
1.56747961106784e-14
1.42498147444031e-14
1.29543771386991e-14
1.17767061947284e-14
1.07060967373274e-14
9.73281546158427e-15
8.84801358890545e-15
8.04364898760198e-15
7.312408293463e-15
6.64764363273296e-15
6.04331259005887e-15
5.49392033975204e-15
4.99447313447074e-15
4.54043017141257e-15
4.12766384135963e-15
3.75242160021352e-15
3.41129216716542e-15
3.10117496783808e-15
2.26046127056952e-13
2.05496479026473e-13
1.86814981089595e-13
1.69831801102283e-13
1.54392546121396e-13
1.4035686037854e-13
1.27597145776324e-13
1.15997405251204e-13
1.05452186435565e-13
9.58656241440733e-14
8.71505674260518e-14
7.92277884797444e-14
7.20252623660546e-14
6.54775111301265e-14
5.95250101182966e-14
5.41136456738295e-14
4.91942232281021e-14
4.47220211164575e-14
4.06563829895816e-14
3.69603480829536e-14
3.36003163943522e-14
3.05457421319868e-14
2.77688566624118e-14
2.52444150582534e-14
2.29494682124275e-14
2.08631528980405e-14
1.89665027239755e-14
1.7242275069524e-14
1.56747957188837e-14
1.42498140664115e-14
1.29543765134034e-14
1.17767060106697e-14
1.07060961051561e-14
9.73281481983782e-15
8.84801369606295e-15
8.04364838998443e-15
7.31240787308975e-15
6.64764363273314e-15
6.04331214756142e-15
5.49392031293334e-15
4.99447283297158e-15
4.54042993754881e-15
4.12766362428655e-15
3.75242152132078e-15
3.41129222506461e-15
3.10117457127233e-15
2.81924985607936e-15
2.05496485830085e-13
1.86814987012619e-13
1.69831806517319e-13
1.54392551480969e-13
1.40356864677945e-13
1.27597149951027e-13
1.15997409026071e-13
1.05452190023701e-13
9.58656271520541e-14
8.71505702398141e-14
7.92277911474232e-14
7.20252645982089e-14
6.5477513372682e-14
5.95250120553989e-14
5.41136473230913e-14
4.91942249407573e-14
4.47220225718327e-14
4.06563841562099e-14
3.69603493751359e-14
3.36003175324923e-14
3.05457431707235e-14
2.77688573872976e-14
2.52444159691678e-14
2.29494689816124e-14
2.08631535993315e-14
1.89665032518029e-14
1.72422757647241e-14
1.56747960278485e-14
1.42498147536222e-14
1.29543768455801e-14
1.17767063045215e-14
1.07060967217409e-14
9.73281495778276e-15
8.84801376051735e-15
8.04364907636381e-15
7.31240786522353e-15
6.64764373732304e-15
6.04331259005887e-15
5.49392031293352e-15
4.99447317429132e-15
4.54042999591365e-15
4.12766371391519e-15
3.75242159873786e-15
3.41129240312237e-15
3.10117485097936e-15
2.81924970199322e-15
2.56295449802319e-15
1.86814980430888e-13
1.69831800295668e-13
1.54392545852627e-13
1.40356859958368e-13
1.27597145139658e-13
1.15997404894048e-13
1.05452186248847e-13
9.58656238625882e-14
8.71505670185227e-14
7.92277882910053e-14
7.20252621011995e-14
6.54775109272091e-14
5.9525010026177e-14
5.41136453859965e-14
4.91942230781765e-14
4.47220210725091e-14
4.06563827008418e-14
3.6960347909856e-14
3.3600316410975e-14
3.05457421179168e-14
2.77688564338951e-14
2.52444149029642e-14
2.29494682413614e-14
2.08631528728144e-14
1.89665025931789e-14
1.72422750662383e-14
1.5674795588641e-14
1.42498140606742e-14
1.29543765850212e-14
1.17767058016863e-14
1.07060962572298e-14
9.73281485317873e-15
8.84801328125341e-15
8.04364858526064e-15
7.31240798947967e-15
6.64764327587507e-15
6.04331227214406e-15
5.49392033975204e-15
4.99447283297141e-15
4.54042999591365e-15
4.1276634848915e-15
3.75242142377966e-15
3.41129224037551e-15
3.1011748009173e-15
2.81924976360653e-15
2.56295418279394e-15
2.32995855116125e-15
1.69831803735393e-13
1.54392548763046e-13
1.40356862629394e-13
1.27597147928857e-13
1.15997406956193e-13
1.05452188343481e-13
9.586562575001e-14
8.71505688636456e-14
7.92277897585071e-14
7.20252635007776e-14
6.54775122902249e-14
5.95250111057716e-14
5.41136465437431e-14
4.91942240467228e-14
4.4722021860657e-14
4.0656383593641e-14
3.69603486375392e-14
3.36003169432171e-14
3.05457427931863e-14
2.77688570175535e-14
2.52444154369211e-14
2.29494685454375e-14
2.08631533574503e-14
1.89665029850651e-14
1.72422754241782e-14
1.56747958233713e-14
1.42498144520445e-14
1.29543766738427e-14
1.17767062182452e-14
1.07060963941354e-14
9.73281497092146e-15
8.84801367709153e-15
8.04364859586809e-15
7.31240794875058e-15
6.64764375767963e-15
6.04331218795953e-15
5.49392035556911e-15
4.99447313447074e-15
4.54042993754881e-15
4.12766371391519e-15
3.75242142377966e-15
3.41129227059866e-15
3.1011748250343e-15
2.81924987452156e-15
2.5629543810115e-15
2.32995839386705e-15
2.11814417912178e-15
1.54392550522204e-13
1.40356864031727e-13
1.27597149226601e-13
1.15997408464135e-13
1.05452189283887e-13
9.5865626804886e-14
8.71505698073632e-14
7.92277907339665e-14
7.20252641967534e-14
6.54775129824604e-14
5.95250118175036e-14
5.41136470457646e-14
4.91942246633775e-14
4.47220223449315e-14
4.06563839499375e-14
3.69603491217188e-14
3.36003173070614e-14
3.05457430064193e-14
2.77688573854111e-14
2.52444157438625e-14
2.29494688275284e-14
2.08631534490436e-14
1.8966503257607e-14
1.72422756276778e-14
1.5674796009896e-14
1.42498145391865e-14
1.29543769148647e-14
1.17767061946548e-14
1.07060966779725e-14
9.7328150091514e-15
8.84801370573966e-15
8.04364888445623e-15
7.3124078936084e-15
6.64764366175779e-15
6.0433125724217e-15
5.49392023036331e-15
4.99447310460047e-15
4.54043017141257e-15
4.12766362428655e-15
3.75242159873786e-15
3.41129224037551e-15
3.1011748250343e-15
2.81924987146889e-15
2.5629544591363e-15
2.32995855342214e-15
2.1181440173611e-15
1.92558563823472e-15
1.40356865782952e-13
1.27597150639604e-13
1.15997409769509e-13
1.05452190768941e-13
9.58656277636117e-14
8.71505708607153e-14
7.9227791677679e-14
7.20252651615265e-14
6.547751368607e-14
5.95250125112673e-14
5.41136477513897e-14
4.91942251730277e-14
4.47220229539554e-14
4.06563844342151e-14
3.69603494856498e-14
3.360031778361e-14
3.05457433702629e-14
2.77688576093284e-14
2.52444161056162e-14
2.29494691314177e-14
2.08631537280822e-14
1.89665033614113e-14
1.72422758941147e-14
1.56747962118701e-14
1.42498147241879e-14
1.29543770081115e-14
1.17767064265164e-14
1.07060966681196e-14
9.7328152777249e-15
8.84801375007597e-15
8.04364891921101e-15
7.31240816388031e-15
6.64764361882717e-15
6.04331249176401e-15
5.49392058582405e-15
4.99447299618527e-15
4.54043014917402e-15
4.12766384135974e-15
3.75242152132078e-15
3.41129240312237e-15
3.1011748009173e-15
2.81924987452145e-15
2.56295445913641e-15
2.32995862696806e-15
2.11814416470498e-15
1.92558549326468e-15
1.75053241924643e-15
1.27597148203997e-13
1.15997407392581e-13
1.0545218862701e-13
9.58656260876296e-14
8.71505689813512e-14
7.9227790134423e-14
7.20252637459513e-14
6.54775124963227e-14
5.95250112719913e-14
5.41136466739706e-14
4.91942242616818e-14
4.47220220056143e-14
4.06563837045426e-14
3.69603487592364e-14
3.36003170538495e-14
3.0545742839302e-14
2.77688570635631e-14
2.52444155123313e-14
2.29494687358791e-14
2.08631533457937e-14
1.89665030163995e-14
1.72422754442248e-14
1.56747959593058e-14
1.42498144579997e-14
1.29543767673848e-14
1.17767061395539e-14
1.07060965409634e-14
9.73281496154864e-15
8.84801371494363e-15
8.0436487056165e-15
7.3124079646573e-15
6.64764365469351e-15
6.04331226197727e-15
5.4939203390814e-15
4.99447316167919e-15
4.54042990729495e-15
4.12766369085192e-15
3.75242160021352e-15
3.41129222506461e-15
3.1011748509792e-15
2.81924976360643e-15
2.5629543810116e-15
2.32995855342214e-15
2.11814416470498e-15
1.92558556643186e-15
1.75053223219979e-15
1.591393077129e-15
1.15997400770778e-13
1.05452182459261e-13
9.58656204977874e-14
8.71505641462337e-14
7.92277854154664e-14
7.20252596062245e-14
6.54775087214593e-14
5.95250079285995e-14
5.41136434911735e-14
4.91942214129588e-14
4.47220194777893e-14
4.06563812975767e-14
3.69603466914995e-14
3.36003151167495e-14
3.05457410152284e-14
2.77688555257291e-14
2.52444140569582e-14
2.29494673245073e-14
2.0863152193466e-14
1.89665019481882e-14
1.72422744754166e-14
1.56747949547139e-14
1.42498136869411e-14
1.29543760331646e-14
1.17767054732261e-14
1.07060958732821e-14
9.7328144761306e-15
8.84801309130929e-15
8.04364836804016e-15
7.3124074926267e-15
6.64764322098835e-15
6.04331206495365e-15
5.49391992143e-15
4.99447274759106e-15
4.54042988521972e-15
4.12766331412147e-15
3.75242132080656e-15
3.41129216716542e-15
3.10117457127233e-15
2.81924970199338e-15
2.56295418279394e-15
2.32995839386705e-15
2.1181440173611e-15
1.92558549326475e-15
1.75053223219952e-15
1.5913928466175e-15
1.44672089580283e-15
1.05452191714072e-13
9.58656287767613e-14
8.71505716882171e-14
7.9227792495962e-14
7.20252657490351e-14
6.54775144424126e-14
5.9525013119044e-14
5.41136482900367e-14
4.91942256452386e-14
4.47220233659788e-14
4.06563848885908e-14
3.69603498570116e-14
3.3600318103959e-14
3.05457436787438e-14
2.77688578897669e-14
2.52444163155543e-14
2.2949469325647e-14
2.08631539324063e-14
1.89665036478956e-14
1.72422760018378e-14
1.56747963444548e-14
1.42498148377438e-14
1.2954377208627e-14
1.17767065115955e-14
1.07060968182974e-14
9.7328152789362e-15
8.84801393164363e-15
8.04364896621344e-15
7.31240824493392e-15
6.6476437547749e-15
6.04331254604293e-15
5.4939205381053e-15
4.99447309135158e-15
4.54043016645206e-15
4.12766389194034e-15
3.75242152185831e-15
3.41129240728069e-15
3.10117496783808e-15
2.81924985607936e-15
2.56295449802319e-15
2.32995855116125e-15
2.11814417912191e-15
1.92558563823472e-15
1.75053241924654e-15
1.591393077129e-15
1.44672089580283e-15
1.31520092904864e-15
)
;

boundaryField
{
    inflow
    {
        type            cyclic;
    }
    outflow
    {
        type            cyclic;
    }
    wallTop
    {
        type            calculated;
        value           uniform 0;
    }
    wallSide
    {
        type            calculated;
        value           uniform 0;
    }
    symmetryBottom
    {
        type            symmetry;
    }
    symmetrySide
    {
        type            symmetry;
    }
}


// ************************************************************************* //
