0.546 	-0.21 	2.01598e-05 	-41.7123 	0.0254634 	2.70863e+06 	4.10289e-08
0.546 	-0.21 	6.04795e-05 	-41.7128 	0.239439 	828144 	9.29421e-07
0.546 	-0.21 	0.000100799 	-41.7142 	1.00063 	213732 	7.34248e-06
0.546 	-0.21 	0.000141119 	-41.7174 	2.20031 	94808.9 	2.79272e-05
0.546 	-0.21 	0.000181438 	-41.7233 	3.35738 	56135.2 	6.48016e-05
0.546 	-0.21 	0.000221758 	-41.7318 	4.32434 	39392.5 	0.000114237
0.546 	-0.21 	0.000262757 	-41.7427 	5.15108 	30317.2 	0.000174181
0.546 	-0.21 	0.00030808 	-41.7563 	5.928 	24328.6 	0.000248429
0.546 	-0.21 	0.000361505 	-41.7738 	6.71027 	19906.8 	0.00034269
0.546 	-0.21 	0.000424474 	-41.7961 	7.51055 	16514.5 	0.000461343
0.546 	-0.21 	0.000498276 	-41.8242 	8.3314 	13863 	0.000608572
0.546 	-0.21 	0.000584202 	-41.8588 	9.17376 	11760.6 	0.000788724
0.546 	-0.21 	0.000683475 	-41.9011 	10.0373 	10074.6 	0.00100609
0.546 	-0.21 	0.000797155 	-41.9517 	10.9202 	8710.54 	0.00126453
0.546 	-0.21 	0.000926014 	-42.0115 	11.8194 	7599.63 	0.00156706
0.546 	-0.21 	0.00107041 	-42.0808 	12.7302 	6690.5 	0.00191528
0.546 	-0.21 	0.00123015 	-42.1597 	13.6468 	5944 	0.00230891
0.546 	-0.21 	0.00140437 	-42.2477 	14.5619 	5329.78 	0.0027453
0.546 	-0.21 	0.00159146 	-42.3439 	15.4674 	4823.88 	0.00321928
0.546 	-0.21 	0.00178907 	-42.4468 	16.3546 	4407.09 	0.00372316
0.546 	-0.21 	0.00199417 	-42.5545 	17.2143 	4063.85 	0.00424717
0.546 	-0.21 	0.00220321 	-42.6649 	18.04 	3780.86 	0.00478155
0.546 	-0.21 	0.00241613 	-42.7781 	18.8388 	3543.58 	0.00532579
0.546 	-0.21 	0.00263988 	-42.8966 	19.6349 	3337.35 	0.00589272
0.546 	-0.21 	0.0028802 	-43.0227 	20.4464 	3153.86 	0.00649232
0.546 	-0.21 	0.00313824 	-43.1568 	21.2772 	2989.99 	0.00712543
0.546 	-0.21 	0.00341526 	-43.2987 	22.1291 	2843.72 	0.00779087
0.546 	-0.21 	0.00371257 	-43.4484 	23.0039 	2713.38 	0.00848681
0.546 	-0.21 	0.00403158 	-43.6055 	23.9032 	2597.55 	0.00921075
0.546 	-0.21 	0.00437378 	-43.7697 	24.829 	2495.04 	0.00995941
0.546 	-0.21 	0.00474073 	-43.9405 	25.783 	2404.85 	0.0107287
0.546 	-0.21 	0.00513411 	-44.1173 	26.767 	2326.16 	0.0115138
0.546 	-0.21 	0.00555566 	-44.2993 	27.7828 	2258.27 	0.0123088
0.546 	-0.21 	0.00600724 	-44.4856 	28.8321 	2200.61 	0.0131071
0.546 	-0.21 	0.00649079 	-44.6754 	29.9165 	2152.73 	0.0139013
0.546 	-0.21 	0.00700834 	-44.8677 	31.0371 	2114.28 	0.0146832
0.546 	-0.21 	0.00756205 	-45.0615 	32.1949 	2084.96 	0.0154439
0.546 	-0.21 	0.00815413 	-45.2558 	33.3902 	2064.59 	0.0161743
0.546 	-0.21 	0.00878692 	-45.4498 	34.6223 	2053.02 	0.0168648
0.546 	-0.21 	0.00946284 	-45.6426 	35.8896 	2050.15 	0.0175057
0.546 	-0.21 	0.0101844 	-45.8339 	37.1887 	2055.92 	0.0180878
0.546 	-0.21 	0.0109542 	-46.0234 	38.5141 	2070.29 	0.018602
0.546 	-0.21 	0.0117748 	-46.2113 	39.8573 	2093.2 	0.0190399
0.546 	-0.21 	0.012649 	-46.3983 	41.2065 	2124.53 	0.0193941
0.546 	-0.21 	0.0135797 	-46.5854 	42.5445 	2164.11 	0.0196579
0.546 	-0.21 	0.0145695 	-46.7744 	43.8487 	2211.62 	0.0198257
0.546 	-0.21 	0.0156213 	-46.9681 	45.0887 	2266.59 	0.0198926
0.546 	-0.21 	0.0167381 	-47.1722 	46.2251 	2328.27 	0.0198545
0.546 	-0.21 	0.0179225 	-47.3868 	47.208 	2395.6 	0.0197077
0.546 	-0.21 	0.0191775 	-47.5834 	47.9731 	2467.13 	0.0193587
0.546 	-0.21 	0.0205056 	-47.7256 	48.4325 	2540.7 	0.0183962
0.546 	-0.21 	0.0219095 	-47.8513 	48.4606 	2611.03 	0.0171768
0.546 	-0.21 	0.0233918 	-48.0406 	47.8889 	2668.67 	0.0159892
0.546 	-0.21 	0.0249546 	-48.3251 	46.5528 	2703.9 	0.0148641
0.546 	-0.21 	0.0266002 	-48.7042 	44.3322 	2711.41 	0.0137491
0.546 	-0.21 	0.0283302 	-49.1802 	41.1708 	2691.05 	0.0126219
0.546 	-0.21 	0.0301464 	-49.7651 	37.0922 	2644.76 	0.011513
0.546 	-0.21 	0.0320499 	-50.4743 	32.2273 	2573.76 	0.0104804
0.546 	-0.21 	0.0340415 	-51.3141 	26.8232 	2477.66 	0.00955357
0.546 	-0.21 	0.0361216 	-52.2708 	21.1655 	2350.61 	0.00856921
0.546 	-0.21 	0.0382902 	-53.338 	15.4227 	2164.88 	0.00702479
0.546 	-0.21 	0.0405467 	-54.5226 	9.98026 	1867.34 	0.00525682
0.546 	-0.21 	0.0428898 	-55.8143 	5.7044 	1443.79 	0.00386024
0.546 	-0.21 	0.045318 	-57.1867 	3.21312 	1005.13 	0.00315187
0.546 	-0.21 	0.0478289 	-58.6123 	2.11655 	710.745 	0.00296832
0.546 	-0.21 	0.0504195 	-60.0722 	1.60421 	575.801 	0.00277517
0.546 	-0.21 	0.0530862 	-61.5563 	1.23154 	511.607 	0.00239418
0.546 	-0.21 	0.0558248 	-63.0556 	0.884381 	457.299 	0.00191644
0.546 	-0.21 	0.0586304 	-64.5594 	0.571843 	391.559 	0.00143704
0.546 	-0.21 	0.0614957 	-66.0757 	0.325547 	311.671 	0.00101518
0.546 	-0.21 	0.0646921 	-67.73 	0.154631 	220.257 	0.000664446
0.546 	-0.21 	0.0687845 	-69.7349 	0.0544087 	125.105 	0.000381771
0.546 	-0.21 	0.0742512 	-72.2349 	0.0149824 	48.5348 	0.000177447
0.546 	-0.21 	0.0815239 	-75.2782 	0.00377618 	12.2725 	4.22808e-05
0.546 	-0.21 	0.0911467 	-78.8983 	0.00148419 	2.16475 	1.33109e-05
0.546 	-0.21 	0.103788 	-82.9848 	0.000751534 	0.634927 	7.07212e-06
0.546 	-0.21 	0.120238 	-87.6015 	0.000239684 	0.510739 	2.38597e-06
0.546 	-0.21 	0.141384 	-92.2588 	6.76504e-05 	0.468812 	7.38433e-07
0.546 	-0.21 	0.168147 	-97.5953 	4.90982e-05 	0.392179 	5.97728e-07
0.546 	-0.21 	0.20113 	-102.315 	4.85472e-05 	0.318243 	6.50642e-07
0.546 	-0.21 	0.240324 	-109.169 	4.79262e-05 	0.264777 	7.40355e-07
0.546 	-0.21 	0.2869 	-114.763 	4.74698e-05 	0.224792 	3.20945e-06
0.546 	-0.21 	0.343075 	-126.949 	4.72838e-05 	0.182472 	1.57676e-05
