8 	0.451351328290421 	0 	1.22499096547928 	9.5995597276793e-05 	1071.8095405631 	4.34348144103328e-07 	3.9340050723537e-05 	5.75975586411782e-38
8 	0.457856884634129 	1.73472347597681e-18 	1.22481969008633 	0.00098335303182731 	296.15526825965 	9.88394725278967e-06 	0.000498717532752624 	5.59796416206752e-38
8 	0.46459749399905 	1.73472347597681e-18 	1.22459493704357 	0.00401700787165084 	75.2129295062477 	7.85084746506816e-05 	0.00198502360924924 	5.43050092430774e-38
8 	0.471581531804188 	0 	1.22428000221096 	0.00801023215836636 	32.2675582914168 	0.0002882481594856 	0.00223747071118636 	5.25717670112591e-38
8 	0.478817663433499 	1.73472347597681e-18 	1.22383834208892 	0.0113766384760773 	18.6700369373213 	0.00064870765622044 	0.00179847911377741 	5.07779620571617e-38
8 	0.486314853933297 	3.46944695195361e-18 	1.22328480496802 	0.0140376982816802 	12.8445341314834 	0.00112689406537784 	0.00165181226236531 	4.89215906907477e-38
8 	0.494082377532462 	5.20417042793042e-18 	1.22264532167383 	0.016229965367989 	9.74351096306343 	0.00169468882503249 	0.00176277794633493 	4.70005886940995e-38
8 	0.502129828166706 	1.21430643318376e-17 	1.22193390934503 	0.0181164619985247 	7.84478408394324 	0.0023342046360259 	0.0020104259383643 	4.50128252706969e-38
8 	0.510467129514287 	1.04083408558608e-17 	1.22115736106843 	0.0197931447169105 	6.57150794900303 	0.00303340774507407 	0.0023387347117011 	4.29561153063244e-38
8 	0.519104545243367 	1.73472347597681e-18 	1.22032038040427 	0.0213186531988026 	5.66286288177345 	0.00378321923670602 	0.00272175446045711 	4.08282111155445e-38
8 	0.528052690502161 	5.20417042793042e-18 	1.21942671905028 	0.0227308998239567 	4.98486969217022 	0.00457607537659654 	0.00314526659883756 	3.86267999079789e-38
8 	0.537322542678883 	3.46944695195361e-18 	1.21847941552367 	0.0240556388873419 	4.46194810216054 	0.00540519470397013 	0.00360028417065862 	3.63495086804323e-38
8 	0.546925453597743 	1.73472347597681e-18 	1.21748105053851 	0.0253110740237316 	4.04833092296507 	0.00626417608084456 	0.00408039604653581 	3.39938928701531e-38
8 	0.556873160530156 	3.46944695195361e-18 	1.21643393692216 	0.0265104744082524 	3.71473368732651 	0.00714676061691209 	0.00458050310133742 	3.1557445054418e-38
8 	0.567177798264954 	3.46944695195361e-18 	1.21534025207953 	0.0276637382490733 	3.44157935493158 	0.0080466804924809 	0.00509614033606701 	2.90375970764195e-38
8 	0.577851912525043 	1.21430643318376e-17 	1.21420227601936 	0.0287783694223883 	3.21530978177609 	0.00895755633332154 	0.00562304125431805 	2.64317035369239e-38
8 	0.588908471840807 	2.16840434497101e-17 	1.2130224520686 	0.0298601111276239 	3.02626230453715 	0.00987282268601768 	0.00615747981852198 	2.37370553944655e-38
8 	0.600360880931701 	2.42861286636753e-17 	1.21180100327595 	0.0309133644008461 	2.86738901515125 	0.010785670542933 	0.00669813475060559 	2.09508795583581e-38
8 	0.612222994557856 	2.38524477946811e-17 	1.21053361911222 	0.031941455351318 	2.73345134940078 	0.0116890072260975 	0.00723890758311536 	1.80703213381154e-38
8 	0.624509130637115 	2.34187669256869e-17 	1.20924704252749 	0.0329470753030202 	2.62047420781039 	0.0125735030729471 	0.00777400683481108 	1.5092465481875e-38
8 	0.637234084459527 	2.34187669256869e-17 	1.20805197492904 	0.0339374569954147 	2.5248412269995 	0.0133017589969244 	0.0082980781214063 	1.20143287819405e-38
8 	0.650413143810029 	2.05998412772246e-17 	1.20702019247867 	0.0349335505295565 	2.44245515620862 	0.0135236760197629 	0.00867086972089685 	8.83284646768235e-39
8 	0.664062103188808 	2.09251019289702e-17 	1.20603942595072 	0.035953310361619 	2.37068481427973 	0.0136747387750638 	0.00908563317834995 	5.54489604582541e-39
8 	0.678197278993451 	2.21990394816407e-17 	1.20499377390737 	0.0369963656673811 	2.30892840776198 	0.0138198416134177 	0.00951848634283688 	2.14727425046356e-39
8 	0.692835525403325 	2.31748214368777e-17 	1.20386681572099 	0.0380593649038994 	2.25690107881652 	0.0139506107525443 	0.00997873933573625 	1.34736803617665e-39
8 	0.707994250465329 	3.12250225675825e-17 	1.2026557000317 	0.0391380678188149 	2.21421090783279 	0.0140719775798288 	0.0104627315702255 	4.93176472865747e-39
8 	0.72369143229928 	3.12250225675825e-17 	1.20136997101698 	0.0402265387991459 	2.18024135284245 	0.0141881510854603 	0.0109635330473617 	8.63455528158413e-39
8 	0.73994563472843 	2.08166817117217e-17 	1.20000462400292 	0.0413182120865369 	2.1544644292135 	0.014299789416603 	0.0114774740914738 	1.24591839649379e-38
8 	0.756776025924423 	1.73472347597681e-17 	1.19855599308964 	0.0424055694407482 	2.13627769697343 	0.0144074930870127 	0.0120000582791699 	1.64091659371069e-38
8 	0.774202395258993 	2.08166817117217e-17 	1.19702054574735 	0.0434800989406323 	2.12499935308407 	0.0145121496503471 	0.0125256047112902 	2.0488083631454e-38
8 	0.792245170437626 	1.73472347597681e-17 	1.19539483589234 	0.0445322678816171 	2.11986548161384 	0.0146146817385763 	0.0130473774288727 	2.46995825446801e-38
8 	0.810925437152119 	1.73472347597681e-17 	1.19367568404276 	0.0455515303482026 	2.12002942480704 	0.0147160096238587 	0.0135576002442237 	2.90473728466169e-38
8 	0.830264956651791 	2.08166817117217e-17 	1.19186026998478 	0.0465263703108845 	2.1245642440608 	0.0148170187699335 	0.0140475200833131 	3.35352278987263e-38
8 	0.850286185351559 	1.38777878078145e-17 	1.18994624718136 	0.0474443894819915 	2.13246898263883 	0.0149184746159844 	0.0145075849471806 	3.81669793325779e-38
8 	0.871012294325919 	6.93889390390723e-18 	1.18793191069266 	0.048292446070361 	2.1426792199762 	0.0150209212440488 	0.0149277161439707 	4.294651681383e-38
8 	0.892467189041456 	3.46944695195361e-18 	1.18581640374747 	0.0490568439659521 	2.15408199145235 	0.0151245829688821 	0.0152976548395423 	4.78777849784935e-38
8 	0.91467552979027 	6.93889390390723e-18 	1.1835999489587 	0.0497235648335283 	2.16553452574022 	0.0152292921774604 	0.0156073444580101 	5.29647805866857e-38
8 	0.937662752506159 	1.04083408558608e-17 	1.18128408544141 	0.0502785298593783 	2.17588560076906 	0.015334461771296 	0.0158473039017894 	5.8211546464893e-38
8 	0.961455090479312 	1.04083408558608e-17 	1.17887188676442 	0.0507078756878498 	2.18399787059399 	0.0154391207015514 	0.0160089426232157 	6.36221731860548e-38
8 	0.9860795959446 	1.73472347597681e-17 	1.17636813335937 	0.0509982324952582 	2.18876952490278 	0.0155420174647508 	0.0160847884934377 	6.92007912039992e-38
8 	1.01156416190787 	2.42861286636753e-17 	1.17377941613529 	0.051137001575321 	2.18915423520838 	0.0156417862515097 	0.0160686254902185 	7.49515677432789e-38
8 	1.03793754526201 	2.42861286636753e-17 	1.17111415500311 	0.0511126433606226 	2.18417945516596 	0.0157371585465719 	0.0159555703627041 	8.08787001073102e-38
8 	1.06522939031788 	2.77555756156289e-17 	1.16838252537494 	0.0509150007365153 	2.17296449615039 	0.0158271975055664 	0.015742140113551 	8.69864101390303e-38
8 	1.09347025247071 	3.81639164714898e-17 	1.16559629387473 	0.0505356918883436 	2.15474095623167 	0.0159115299259029 	0.0154263719410667 	9.32789456178809e-38
8 	1.12269162214945 	4.16333634234434e-17 	1.16276857243094 	0.049968606647106 	2.12887855159165 	0.0159905595817737 	0.0150080412933465 	9.97605644233833e-38
8 	1.15292595097168 	3.46944695195361e-17 	1.1599135025728 	0.0492105268130271 	2.09491880392841 	0.016065649825814 	0.0144889974901278 	1.06435530988358e-37
8 	1.18420667639806 	2.08166817117217e-17 	1.15704588289691 	0.0482618622292719 	2.05261714428586 	0.0161392760246245 	0.0138735889465295 	1.13308115458444e-37
8 	1.20932909553417 	1.90819582357449e-17 	1.15480979415032 	0.0473970246818714 	2.01403420361958 	0.0161979476154858 	0.0133333875622578 	1.18804332258585e-37
8 	1.22578615946692 	2.25514051876985e-17 	1.1533790299288 	0.0467853819273863 	1.98670932813922 	0.0162370185119324 	0.0129604503046917 	1.19213253473413e-37
8 	1.25005321739849 	1.73472347597681e-17 	1.15132888475979 	0.0458218019349883 	1.9435703674207 	0.0162980154540255 	0.0123878929081016 	1.13869034967186e-37
8 	1.28469102423526 	2.08166817117217e-17 	1.14850782384247 	0.044355454857595 	1.8777866366046 	0.0163940238005983 	0.0115414752824993 	1.06276220613216e-37
8 	1.32051868215722 	2.42861286636753e-17 	1.14573114503762 	0.0427492646191203 	1.80562001725191 	0.0165105097437849 	0.0106468014695596 	9.84681970699326e-38
8 	1.35757491131764 	1.73472347597681e-17 	1.143010865694 	0.0410299817838156 	1.7283962187192 	0.0166555645127924 	0.00972376306700923 	9.04409524820083e-38
8 	1.39589958607986 	2.08166817117217e-17 	1.14035754483105 	0.0392289024075656 	1.64769962410702 	0.016837304049893 	0.00879410001156531 	8.2190541344305e-38
8 	1.43553376583856 	2.77555756156289e-17 	1.1377803116341 	0.0373800065139428 	1.56524539434153 	0.0170627952959015 	0.00787995611333483 	7.37130927594718e-38
8 	1.47651972663241 	2.77555756156289e-17 	1.13528704536145 	0.0355173899018689 	1.48270840990223 	0.0173368365651849 	0.00700205436966721 	6.50048210251884e-38
8 	1.51890099551466 	2.94902990916057e-17 	1.13288459309911 	0.0336723419040412 	1.40154198585325 	0.0176610113906913 	0.0061777555459041 	5.60620371172182e-38
8 	1.56272238573706 	3.64291929955129e-17 	1.13057887520456 	0.0318706379651752 	1.32283599578064 	0.0180335319108679 	0.00541943138713926 	4.68811628447397e-38
8 	1.60803003103782 	3.81639164714898e-17 	1.12837479422725 	0.0301306658453988 	1.247262307809 	0.0184501113872305 	0.00473363952492428 	3.74587455411716e-38
8 	1.65487142374646 	3.46944695195361e-17 	1.1262760036525 	0.0284627867294409 	1.17512525750333 	0.0189053616574981 	0.00412141877436799 	2.77914693454688e-38
8 	1.70329545285939 	3.77302356024956e-17 	1.1242846474325 	0.0268699142638636 	1.10648946924767 	0.0193935008927395 	0.00357961076573544 	1.78761665287879e-38
8 	1.75335244494363 	4.14165229889463e-17 	1.12240104904792 	0.0253488774380772 	1.04132325484117 	0.0199080553236526 	0.00310253985558641 	7.70983515984804e-39
8 	1.80509420601027 	3.49113099540332e-17 	1.12061880800353 	0.0238927587627823 	0.979648802696529 	0.0204481440382273 	0.00268311231510548 	2.6807238839838e-39
8 	1.85857406439436 	2.77555756156289e-17 	1.11892374507926 	0.0224931115016057 	0.921700162057847 	0.0210585821785803 	0.00230997855628995 	1.32384051865513e-38
8 	1.91384691717495 	2.77555756156289e-17 	1.11732924317677 	0.0211414114280539 	0.86771218927333 	0.0218664588766441 	0.00196653129558717 	2.4053186487843e-38
8.00000000000001 	1.97096927691879 	3.46944695195361e-17 	1.11584102757483 	0.0198590680593051 	0.819778448423612 	0.022929288352291 	0.00165276174879987 	3.51273215603303e-38
8.00000000000001 	2.020240096 	3.81639164714898e-17 	1.11465216204321 	0.0188393456785367 	0.785266504223274 	0.0238978057051186 	0.00140346637838956 	4.02712028383505e-38
8 	2.060005036 	3.46944695195361e-17 	1.11372951936153 	0.0180448685922802 	0.760979957921651 	0.0237111667550998 	0.00122481584621727 	4.02712028383429e-38
8 	2.0983647475 	3.46944695195361e-17 	1.11296163668794 	0.0173134415273951 	0.740925890924364 	0.0233657221120041 	0.00109210960209699 	4.02712028383429e-38
8 	2.135368889 	3.46944695195361e-17 	1.11228499023209 	0.0166234808775277 	0.724064473143877 	0.022956989332117 	0.000974489529473303 	4.02712028383448e-38
8 	2.171065364 	3.12250225675825e-17 	1.11168175587729 	0.0159698001188602 	0.710005397498535 	0.0224910093485343 	0.000868514831509624 	4.02712028383448e-38
8.00000000000001 	2.205500383 	2.77555756156289e-17 	1.11114558669394 	0.0153488275408671 	0.698483485154575 	0.0219731485009006 	0.000772273124034342 	4.02712028383486e-38
8.00000000000001 	2.2387185245 	2.42861286636753e-17 	1.11066921700265 	0.0147580471095004 	0.689320654357323 	0.0214083954760432 	0.000684416027427889 	4.02712028383505e-38
8.00000000000001 	2.270762791 	1.73472347597681e-17 	1.11024596826273 	0.0141956176854862 	0.68239970250043 	0.020801587036696 	0.000604124549237729 	4.02712028383524e-38
8.00000000000001 	2.3016746645 	1.04083408558608e-17 	1.10987007955463 	0.0136601140634496 	0.677647213646484 	0.0201575330403227 	0.000530810006881238 	4.02712028383562e-38
8.00000000000001 	2.3314941625 	6.93889390390723e-18 	1.10953648741939 	0.0131503647532868 	0.675023333549517 	0.0194810643315476 	0.00046400231603359 	4.02712028383581e-38
8.00000000000001 	2.360259888 	6.93889390390723e-18 	1.10924070470912 	0.012665357045761 	0.674516143842884 	0.0187770337949973 	0.000403304694415441 	4.02712028383562e-38
8.00000000000001 	2.3880090795 	1.04083408558608e-17 	1.10897874358896 	0.012204185511901 	0.676138971293326 	0.0180502935557637 	0.000348371885142923 	4.02712028383543e-38
8.00000000000001 	2.4147776595 	1.38777878078145e-17 	1.10874704880348 	0.0117660273812352 	0.679929573593474 	0.0173056627074844 	0.000298902643297212 	4.02712028383505e-38
8.00000000000001 	2.440600281 	2.08166817117217e-17 	1.10854244100385 	0.0113501338099918 	0.685950571177961 	0.0165478933340962 	0.000254639921115051 	4.02712028383562e-38
8.00000000000001 	2.465510373 	2.42861286636753e-17 	1.10836206926015 	0.0109558300070255 	0.694290773249571 	0.0157816383369743 	0.000215374668049076 	4.02712028383677e-38
8.00000000000001 	2.4895401825 	2.77555756156289e-17 	1.10820337097628 	0.0105825199140832 	0.705067214872694 	0.0150114223143549 	0.000180951271204981 	4.02712028383639e-38
8.00000000000001 	2.5127208175 	3.46944695195361e-17 	1.10806403786686 	0.0102296928098257 	0.718427823191431 	0.014241615405543 	0.000151273766200358 	4.02712028383639e-38
8.00000000000001 	2.5350822865 	3.46944695195361e-17 	1.10794198703629 	0.0098969303871195 	0.734554681955399 	0.0134764097029101 	0.000126312523359644 	4.02712028383639e-38
8.00000000000001 	2.5566535375 	3.46944695195361e-17 	1.10783533634022 	0.00958391339468498 	0.753667887584631 	0.0127197975107593 	0.000106111382730029 	4.02712028383696e-38
8.00000000000001 	2.5774624955 	3.46944695195361e-17 	1.1077423833689 	0.00929042729636362 	0.776029990415141 	0.011975550775427 	9.07953154937565e-05 	4.02712028383581e-38
8.00000000000001 	2.5975360985 	4.16333634234434e-17 	1.10766158750131 	0.00901636650082684 	0.801950994970281 	0.0112472010466194 	8.05786705175629e-05 	4.027120283836e-38
8.00000000000001 	2.616900333 	4.16333634234434e-17 	1.10759155457167 	0.0087617366787689 	0.831793856506344 	0.010538019355835 	7.57739618790142e-05 	4.027120283836e-38
8.00000000000001 	2.6355802665 	4.16333634234434e-17 	1.10753102377672 	0.00852665458638479 	0.865980346763342 	0.00985099559092746 	7.68009783350474e-05 	4.02712028383657e-38
8.00000000000001 	2.6536000815 	4.85722573273506e-17 	1.10747885649436 	0.00831134456105856 	0.904997084188682 	0.00918881691756234 	8.41957504938797e-05 	4.02712028383658e-38
8.00000000000001 	2.670983106 	4.85722573273506e-17 	1.10743402675588 	0.00811613072722289 	0.949401404617004 	0.00855384526491723 	9.86186058343147e-05 	4.02712028383696e-38
8.00000000000001 	2.687751842 	4.85722573273506e-17 	1.10739561312106 	0.00794142366480029 	0.999826618119645 	0.00794809406606617 	0.000120860183779753 	4.02712028383658e-38
8.00000000000001 	2.703927998 	4.85722573273506e-17 	1.10736279171591 	0.00778770013126413 	1.05698606850931 	0.00737320475034723 	0.000151843923291104 	4.02712028383677e-38
8.00000000000001 	2.719532515 	4.85722573273506e-17 	1.10733483022159 	0.00765547455016919 	1.12167524365294 	0.00683042446435656 	0.00019262320680526 	4.0271202838362e-38
8.00000000000001 	2.7345855935 	4.85722573273506e-17 	1.10731108255539 	0.00754526103981774 	1.1947711203449 	0.0063205866369591 	0.000244371191426697 	4.02712028383658e-38
8.00000000000001 	2.749106721 	4.85722573273506e-17 	1.10729098398918 	0.00745752537711303 	1.27722793538426 	0.00584409669298844 	0.000308361459817545 	4.02712028383676e-38
8.00000000000001 	2.7631146955 	4.85722573273506e-17 	1.10727404644603 	0.00739262720094146 	1.37006871075086 	0.00540092574333918 	0.000385938121255209 	4.02712028383677e-38
8.00000000000001 	2.7766276505 	4.85722573273506e-17 	1.10725985371236 	0.00735075401117625 	1.47437229215302 	0.00499061481279633 	0.000478474994534759 	4.02712028383676e-38
8.00000000000001 	2.7896630795 	4.85722573273506e-17 	1.10724805635099 	0.00733185013219555 	1.59125628344476 	0.00461229194783176 	0.000587324950136856 	4.02712028383696e-38
8.00000000000001 	2.8022378575 	4.85722573273506e-17 	1.10723836616576 	0.00733554542371737 	1.72185714757904 	0.00426470357383593 	0.000713762223911479 	4.02712028383639e-38
8.00000000000001 	2.814368263 	4.85722573273506e-17 	1.10723055015826 	0.00736108981912367 	1.86730983158808 	0.00394625994038189 	0.000858922317117553 	4.02712028383639e-38
8.00000000000001 	2.82607 	4.85722573273506e-17 	1.10722442402855 	0.00740730045742834 	2.02873033906169 	0.0036550929075482 	0.00102374543710777 	4.02712028383715e-38
8.00000000000001 	2.8373582165 	4.85722573273506e-17 	1.10721984537017 	0.00747252780514413 	2.207205489483 	0.00338912283835595 	0.00120893005498328 	4.02712028383677e-38
8.00000000000001 	2.848247526 	4.85722573273506e-17 	1.10721670677342 	0.0075546458065787 	2.40379469101997 	0.0031461300313493 	0.0014149030011788 	4.02712028383677e-38
8.00000000000001 	2.858752025 	4.85722573273506e-17 	1.10721492908742 	0.00765106883468521 	2.6195484872126 	0.00292382591386068 	0.00164181150171372 	4.02712028383677e-38
8.00000000000001 	2.8688853115 	5.20417042793042e-17 	1.10721445508839 	0.00775879563058816 	2.85554852320156 	0.00271991930216396 	0.00188954174175096 	4.02712028383658e-38
8.00000000000001 	2.878660504 	5.89805981832114e-17 	1.10721524380495 	0.00787447803432045 	3.11297355162371 	0.0025321739342059 	0.00215776826951817 	4.02712028383658e-38
8.00000000000001 	2.8880902575 	5.89805981832114e-17 	1.10721726577195 	0.0079945104327919 	3.39319686377933 	0.00235845467230978 	0.00244603996821951 	4.02712028383658e-38
8.00000000000001 	2.897186779 	5.55111512312578e-17 	1.10722049950945 	0.0081151346922874 	3.69792319180684 	0.00219676081712863 	0.00275391174423379 	4.02712028383696e-38
8.00000000000001 	2.9059618435 	5.20417042793042e-17 	1.10722492947749 	0.00823255428237206 	4.02937774754068 	0.00204524626108505 	0.00308113562934209 	4.02712028383658e-38
8.00000000000001 	2.9144268115 	4.5102810375397e-17 	1.10723054544742 	0.00834304980967959 	4.39056637576089 	0.00190222777126696 	0.00342792808144085 	4.02712028383639e-38
8.00000000000001 	2.9225926415 	4.5102810375397e-17 	1.10723734249349 	0.00844308600740379 	4.78563213818521 	0.00176618487589047 	0.00379532942501866 	4.02712028383658e-38
8.00000000000001 	2.930469904 	4.85722573273506e-17 	1.10724532048672 	0.00852939837336392 	5.22034038907882 	0.00163575672848921 	0.00418566934398845 	4.02712028383715e-38
8.00000000000001 	2.938068797 	4.85722573273506e-17 	1.10725448146608 	0.00859904684944342 	5.70273475036201 	0.00150974191750663 	0.00460315546812536 	4.02712028383658e-38
8.00000000000001 	2.9453991575 	4.85722573273506e-17 	1.10726482467458 	0.00864942464461734 	6.24403075270176 	0.0013871052011246 	0.00505461624561734 	4.02712028383696e-38
8.00000000000001 	2.952470475 	5.20417042793042e-17 	1.10727633987874 	0.0086782108253669 	6.85986555515777 	0.00126699152462073 	0.00555045555560977 	4.02712028383639e-38
8.00000000000001 	2.9592919035 	5.89805981832114e-17 	1.1072889994023 	0.00868325282417934 	7.57210763225982 	0.00114874609400197 	0.00610592831618516 	4.02712028383639e-38
8.00000000000001 	2.9658722735 	5.89805981832114e-17 	1.10730274947793 	0.00866235841891978 	8.41157549551209 	0.00103193893008997 	0.00674292113878705 	4.02712028383619e-38
8.00000000000001 	2.9722201045 	5.89805981832114e-17 	1.10731750129259 	0.00861296127909994 	9.42227790504847 	0.000916391613818226 	0.00749253208340318 	4.02712028383658e-38
8.00000000000001 	2.9783436135 	6.24500451351651e-17 	1.10733312218637 	0.00853159072264064 	10.6682749883092 	0.000802203773922956 	0.00839890348062385 	4.02712028383696e-38
8.00000000000001 	2.984250727 	6.24500451351651e-17 	1.10734942518303 	0.00841300606197879 	12.2451966935372 	0.000689777009254696 	0.00952492301293918 	4.02712028383658e-38
8.00000000000001 	2.9899490925 	6.24500451351651e-17 	1.10736615031498 	0.00824871187665284 	14.300343176023 	0.000579834067992344 	0.0109603499945215 	4.02712028383639e-38
8.00000000000001 	2.9954460875 	6.24500451351651e-17 	1.10738295801396 	0.00802427749196722 	17.0693209255478 	0.000473430403602332 	0.0128363296660675 	4.02712028383658e-38
8.00000000000001 	3.0007488275 	6.24500451351651e-17 	1.10739955207178 	0.00771385240752938 	20.9468703979873 	0.000371734148194705 	0.0153620585392439 	4.02712028383658e-38
8.00000000000001 	3.005864177 	6.24500451351651e-17 	1.10741568685512 	0.00726603470569647 	26.6336177919876 	0.000274603941013716 	0.0186894363960295 	4.02712028383639e-38
8.00000000000001 	3.0107987585 	5.89805981832114e-17 	1.10743053003258 	0.00658328162644662 	35.4254565760524 	0.000186326504894936 	0.0227180500312625 	4.02712028383677e-38
8.00000000000001 	3.01555896 	5.55111512312578e-17 	1.10744289149264 	0.00550188685358173 	49.8814837154754 	0.000112248171809205 	0.0263291237200294 	4.02712028383619e-38
8.00000000000001 	3.020150944 	5.55111512312578e-17 	1.10745186610798 	0.00382019599094838 	76.3274585529625 	5.39185037692841e-05 	0.0248861618811691 	4.02712028383639e-38
8.00000000000001 	3.0245806545 	5.55111512312578e-17 	1.10745731103712 	0.00169047581130076 	140.243933928598 	1.49250501242134e-05 	0.0120310448270233 	4.02712028383677e-38
8.00000000000001 	3.028853826 	5.55111512312578e-17 	1.10746043697648 	0.000344442829763765 	435.789244625606 	1.69287792075132e-06 	0.00185126255087564 	4.02712028383658e-38
