1 	0.451351328310836 	4.16333634234434e-17 	1.00878839125435 	8.01885991346692e-08 	2028.25931474838 	1.94309336162268e-10 	5.04450030434554e-10 	5.7597558805733e-38
1 	0.457856884696221 	4.5102810375397e-17 	1.00879822433163 	8.91060028692898e-07 	563.323141842879 	5.10211901354345e-09 	1.35627795222311e-08 	5.59796415735807e-38
1 	0.464597494083271 	3.81639164714898e-17 	1.00880913535729 	4.73964709913124e-06 	145.981026095547 	5.50658689247143e-08 	1.47857297870191e-07 	5.43050088224869e-38
1 	0.471581531814159 	3.46944695195361e-17 	1.00881977986848 	1.59102671666992e-05 	62.29849320495 	3.3756611465068e-07 	9.13083503843201e-07 	5.25717660723827e-38
1 	0.478817663400926 	3.81639164714898e-17 	1.00883076116533 	4.02423939548085e-05 	33.7258986882402 	1.40624390137399e-06 	3.76714613604586e-06 	5.07779625965562e-38
1 	0.486314853978555 	4.16333634234434e-17 	1.00884234095462 	8.44834096067757e-05 	20.9943295744509 	4.46249705083054e-06 	1.14071388727633e-05 	4.89215909546212e-38
1 	0.494082377623917 	3.12250225675825e-17 	1.00885478197931 	0.000154889913102274 	14.3410637449648 	1.15596072740917e-05 	2.65737837867286e-05 	4.70005882288896e-38
1 	0.502129828236483 	2.77555756156289e-17 	1.00886849106447 	0.000254838478732583 	10.4578382309046 	2.55179579399453e-05 	4.86649221136891e-05 	4.50128246747471e-38
1 	0.510467129561931 	3.46944695195361e-17 	1.00888399568836 	0.000382637124268164 	7.99163080712445 	4.94448088150811e-05 	7.1037030755373e-05 	4.29561150614422e-38
1 	0.519104545279715 	3.46944695195361e-17 	1.00890188660856 	0.000531767986488469 	6.32139827336737 	8.6069445640932e-05 	8.42465114359033e-05 	4.08282108116237e-38
1 	0.528052690552042 	2.77555756156289e-17 	1.00892272178928 	0.000693899881983449 	5.13857123982543 	0.000137275737401397 	8.35270697100544e-05 	3.86267998773269e-38
1 	0.537322542780427 	3.46944695195361e-17 	1.00894692944971 	0.000862037314231161 	4.27652766273821 	0.000203969734881615 	7.16129828716687e-05 	3.63495083745845e-38
1 	0.546925453622544 	4.5102810375397e-17 	1.00897477254357 	0.0010317110995713 	3.63592370964747 	0.000286164776180672 	5.48881386112423e-05 	3.39938918525911e-38
1 	0.556873160477701 	5.20417042793042e-17 	1.00900637369979 	0.00120060416180756 	3.15219136105506 	0.000383179652362245 	3.88739131926223e-05 	3.15574455506435e-38
1 	0.567177798224492 	5.89805981832114e-17 	1.00904176087421 	0.00136777779392534 	2.7812149200315 	0.000493893194603127 	2.66359233571124e-05 	2.90375971847393e-38
1 	0.577851912442515 	5.89805981832114e-17 	1.00908090638371 	0.00153307436159891 	2.49223925884757 	0.000616988799756925 	1.92464827738745e-05 	2.64317037686242e-38
1 	0.588908471827774 	6.59194920871187e-17 	1.00912375147892 	0.0016967649732369 	2.26367792601104 	0.000751134354338433 	1.66897373044871e-05 	2.37370561939218e-38
1 	0.600360880988431 	6.59194920871187e-17 	1.00917021791636 	0.00185936583271176 	2.08032703955245 	0.000895079671496998 	1.85111975383802e-05 	2.09508790440411e-38
1 	0.612222994528264 	6.24500451351651e-17 	1.00922021088082 	0.0020215554315079 	1.93145346112196 	0.00104767680483345 	2.4153630096459e-05 	1.80703210976798e-38
1 	0.624509130623004 	5.55111512312578e-17 	1.00927361829303 	0.00218415575303807 	1.8095027647378 	0.00120782761468457 	3.30980364648176e-05 	1.50924660557263e-38
1 	0.637234084489395 	4.85722573273506e-17 	1.00933031278978 	0.00234816435428066 	1.70926525911823 	0.00137434496014192 	4.49164065687735e-05 	1.20143284199483e-38
1 	0.650413143825512 	4.16333634234434e-17 	1.00939016593579 	0.00251484274967645 	1.62739637751583 	0.00154568375234073 	5.93027277472669e-05 	8.83284647603176e-39
1 	0.664062103141271 	3.46944695195361e-17 	1.0094530920771 	0.0026858873415334 	1.56224503378835 	0.00171945367207761 	7.61245328985333e-05 	5.54489584644791e-39
1 	0.678197278882353 	3.81639164714898e-17 	1.00951916233175 	0.00286374181069761 	1.51401303643284 	0.00189156267379699 	9.55331597102761e-05 	2.14727498287116e-39
1 	0.692835525387836 	4.87890977618477e-17 	1.00958812587162 	0.00305279006570617 	1.48578048498514 	0.00205475676360714 	0.000118247987215945 	1.34736750810418e-39
1 	0.707994250564154 	5.35595873207839e-17 	1.00966101095211 	0.00326022964459413 	1.48545500072671 	0.00219541869082477 	0.000146119014225241 	4.93176514128349e-39
1 	0.723691432331879 	5.20417042793042e-17 	1.00974221556936 	0.0034963534366245 	1.52651703288341 	0.00229275694116256 	0.000182872494907696 	8.63455592294341e-39
1 	0.739945634763086 	5.24753851482984e-17 	1.00983592739547 	0.00377988211486528 	1.63123302873369 	0.00232258434274308 	0.000235562148966262 	1.24591837579745e-38
1 	0.756776025975396 	4.98732999343332e-17 	1.00994555606409 	0.00413026756017074 	1.81474508839089 	0.00228463035391647 	0.000317422556137981 	1.6409166560889e-38
1 	0.774202395171435 	5.07406616723216e-17 	1.01007232705592 	0.0045804112941838 	2.0738356618249 	0.00222031258231904 	0.000456530821585715 	2.04880832689643e-38
1 	0.792245170367388 	5.89805981832114e-17 	1.01021500110471 	0.00520152441854345 	2.42904493807463 	0.00215455102545182 	0.000705932953362226 	2.46995818981789e-38
1 	0.810925437080087 	6.59194920871187e-17 	1.01037215911039 	0.00609786099745742 	2.909594308728 	0.00210758751291419 	0.00116788848054714 	2.90473725836222e-38
1 	0.830264956543331 	6.93889390390723e-17 	1.01054591274697 	0.00740156352507166 	3.53158631154277 	0.00210349276944703 	0.00203190473749695 	3.35352271182365e-38
1 	0.850286185315132 	7.19910242530375e-17 	1.01074343972226 	0.0092542088310206 	4.28837471894472 	0.00215677975535883 	0.00361642189203733 	3.81669790180934e-38
1 	0.871012294381667 	6.93889390390723e-17 	1.010981768022 	0.0117641775116731 	5.14803885078809 	0.00226473488945756 	0.00640889249951446 	4.29465170795227e-38
1 	0.892467189059725 	5.89805981832114e-17 	1.01128117741217 	0.0149478499413804 	6.05681138602848 	0.00238098084947713 	0.0108392907893472 	4.78777852547697e-38
1 	0.914675529733915 	4.16333634234434e-17 	1.01166924557052 	0.0186568003817341 	6.93362182655653 	0.00253300030124236 	0.0170195278803393 	5.29647801719755e-38
1 	0.937662752487283 	2.42861286636753e-17 	1.0121844138107 	0.022519194974289 	7.67044352420563 	0.00275942121035474 	0.0243575563524502 	5.82115463088595e-38
1 	0.961455090555645 	2.08166817117217e-17 	1.01281789890459 	0.0260397807277841 	8.16096454620482 	0.00303315868689694 	0.0312625885901908 	6.36221736536215e-38
1 	0.986079596097515 	2.25514051876985e-17 	1.01352402269043 	0.0288071096486968 	8.32378008614 	0.00330804447287046 	0.0356572165956422 	6.92007923278894e-38
1 	1.01156416196527 	2.08166817117217e-17 	1.01426762387803 	0.0306545971947094 	8.12520321662687 	0.00361362012603167 	0.0363881722806313 	7.4951568246709e-38
1 	1.03793754524283 	2.08166817117217e-17 	1.01499771107169 	0.0316808408612789 	7.59152546028833 	0.00400230153987992 	0.0333060336347809 	8.08786999474739e-38
1 	1.06522939039445 	1.73472347597681e-17 	1.01565290978939 	0.032185228648881 	6.81052723235039 	0.00458200508686973 	0.027652912513528 	8.69864107119299e-38
1 	1.09347025249008 	1.73472347597681e-17 	1.01618473334241 	0.0325209839931946 	5.91141518361805 	0.00546356826061102 	0.0212676354766455 	9.32789458232934e-38
1 	1.12269162207332 	1.73472347597681e-17 	1.01655339130152 	0.0329460495064678 	5.02083355684961 	0.00666616274014088 	0.0155343121312357 	9.97605637702416e-38
1 	1.15292595102785 	1.04083408558608e-17 	1.01677185121875 	0.0335583909069287 	4.22292792904209 	0.00811257846777213 	0.0110417997987207 	1.06435531467573e-37
1 	1.18420667649174 	6.93889390390723e-18 	1.01689605739212 	0.0343258352389121 	3.55792439766157 	0.00984061806441628 	0.00805110295762422 	1.13308116311065e-37
1 	1.20932909520875 	3.46944695195361e-18 	1.01696153443951 	0.0349636492363727 	3.13538928374454 	0.0113284044063339 	0.00653209981131948 	1.18804332431996e-37
1 	1.22578615912366 	6.93889390390723e-18 	1.01699713868734 	0.0353678182802154 	2.90945304825786 	0.0123197172399319 	0.00585952896318922 	1.19213253475097e-37
1 	1.25005321740227 	1.38777878078145e-17 	1.01705901976161 	0.0358957175327064 	2.64403664851924 	0.0137257145920413 	0.00519256367140144 	1.13869034933158e-37
1 	1.28469102423831 	1.38777878078145e-17 	1.01718226364511 	0.0365054445530202 	2.35909717339661 	0.0155777737405698 	0.00463409197922356 	1.06276220561801e-37
1 	1.32051868216397 	1.04083408558608e-17 	1.0173772019176 	0.0369192367117126 	2.1506561650551 	0.0172343033655305 	0.00435006462038947 	9.84681970190263e-38
1 	1.35757491131609 	1.04083408558608e-17 	1.01765882974247 	0.037108813249552 	1.99194652811392 	0.0186738957184698 	0.00420237716001384 	9.04409524488386e-38
1 	1.39589958606674 	1.73472347597681e-17 	1.01803253801987 	0.0370586480077902 	1.86424979939108 	0.0199084594046681 	0.00410559805391597 	8.2190541519122e-38
1 	1.43553376582031 	2.08166817117217e-17 	1.01850043782425 	0.0367617477547665 	1.7557536109955 	0.0209584239078977 	0.00400854426665084 	7.37130929777684e-38
1 	1.47651972660739 	2.42861286636753e-17 	1.0190640018438 	0.0362186933359951 	1.6591920251182 	0.0218434387700065 	0.00388179509936905 	6.5004821385656e-38
1 	1.518900995497 	2.77555756156289e-17 	1.01972430581018 	0.0354375529287195 	1.57003969718307 	0.0225810871798448 	0.00371013806576717 	5.6062037401841e-38
1 	1.5627223857155 	2.42861286636753e-17 	1.02048165102398 	0.0344337532659723 	1.48545487578222 	0.023187408245519 	0.00348827854250993 	4.68811631898216e-38
1 	1.60803003102541 	2.42861286636753e-17 	1.02133521585707 	0.0332296622506861 	1.40371768148306 	0.0236770297524261 	0.00321832214458577 	3.74587458065191e-38
1 	1.65487142374064 	2.42861286636753e-17 	1.02228286323354 	0.0318537458367578 	1.32392553411381 	0.0240626942605362 	0.00290803212919367 	2.77914694534256e-38
1 	1.70329545284773 	2.77555756156289e-17 	1.02332118023626 	0.030339158454849 	1.24578642648004 	0.0243547109465498 	0.00256930441033798 	1.78761668219907e-38
1 	1.75335244493843 	4.16333634234434e-17 	1.02444561561985 	0.0287219533553678 	1.16944831914604 	0.0245606411456119 	0.00221672729087142 	7.70983531482809e-39
1 	1.80509420599974 	4.77048955893622e-17 	1.02565050416035 	0.0270413228997676 	1.09580010253885 	0.0246772804551629 	0.00186560258042681 	2.68072347888294e-39
1 	1.8585740643848 	4.85722573273506e-17 	1.02692696837813 	0.0253414950090106 	1.02658330876099 	0.0246851030566815 	0.00153053758836311 	1.32384047300359e-38
1 	1.91384691717186 	5.3776427755281e-17 	1.02826381663367 	0.0236572706556891 	0.962505008463629 	0.0245778850500914 	0.00122292509306178 	2.40531861994668e-38
1 	1.97096927691718 	5.8113236445223e-17 	1.02961657747256 	0.0220191168163656 	0.903186571255379 	0.0243774312727711 	0.000953928721010837 	3.51273213522804e-38
1 	2.020240096 	5.89805981832114e-17 	1.03084052346955 	0.0206751436084741 	0.85724746345486 	0.0241159739345846 	0.000753062043813206 	4.02712028383289e-38
1 	2.060005036 	5.89805981832114e-17 	1.03179979042033 	0.0196240123608858 	0.823596696131925 	0.0238252516464708 	0.000612978520855596 	4.02712028383289e-38
1 	2.0983647475 	5.55111512312578e-17 	1.03270516025766 	0.0186748251961179 	0.79540421320587 	0.0234763673382832 	0.000498921128202898 	4.02712028383289e-38
1 	2.135368889 	4.85722573273506e-17 	1.03356679368372 	0.0178023187014975 	0.771569973893098 	0.0230708240971658 	0.000404805680452857 	4.02712028383289e-38
1 	2.171065364 	4.85722573273506e-17 	1.03438329712592 	0.0169982540777954 	0.751655873107806 	0.0226124816242995 	0.000327158168407168 	4.02712028383289e-38
1 	2.205500383 	4.85722573273506e-17 	1.03515570245967 	0.0162551411207985 	0.735307375350476 	0.0221048365155229 	0.000263014553865744 	4.02712028383289e-38
1 	2.2387185245 	3.81639164714898e-17 	1.03588524366584 	0.0155663270224122 	0.722238771062403 	0.0215513621438635 	0.000209912792009507 	4.02712028383289e-38
1 	2.270762791 	3.12250225675825e-17 	1.03657332526112 	0.0149260089541882 	0.712224517557852 	0.0209556626142266 	0.000165846700010405 	4.02712028383301e-38
1 	2.3016746645 	3.12250225675825e-17 	1.03722151715073 	0.0143291975073667 	0.705093487219867 	0.0203215300220256 	0.000129212611981931 	4.02712028383301e-38
1 	2.3314941625 	3.12250225675825e-17 	1.03783148687588 	0.0137716515418024 	0.700724679381823 	0.0196529555281382 	9.87530414334137e-05 	4.02712028383296e-38
1 	2.360259888 	2.77555756156289e-17 	1.03840494889716 	0.0132498000409267 	0.69904389279114 	0.0189541194110262 	7.35033998605003e-05 	4.02712028383296e-38
1 	2.3880090795 	2.77555756156289e-17 	1.038943629519 	0.0127606614525565 	0.700021220184186 	0.0182293718193208 	5.27450642059489e-05 	4.02712028383297e-38
1 	2.4147776595 	3.12250225675825e-17 	1.03944924098792 	0.0123017670363763 	0.70366935126237 	0.0174832091763368 	3.59661595156035e-05 	4.02712028383301e-38
1 	2.440600281 	3.12250225675825e-17 	1.0399234624938 	0.0118710916977296 	0.710042692603621 	0.0167202477707356 	2.28301921743891e-05 	4.02712028383296e-38
1 	2.465510373 	3.81639164714898e-17 	1.04036792661659 	0.0114669936929516 	0.719237301948173 	0.0159451944119599 	1.31519948705813e-05 	4.02712028383289e-38
1 	2.4895401825 	4.5102810375397e-17 	1.04078420996976 	0.0110881632687901 	0.731391607048904 	0.0151628134967709 	6.88013033428247e-06 	4.02712028383294e-38
1 	2.5127208175 	4.85722573273506e-17 	1.04117382715481 	0.0107335793851793 	0.746687850713603 	0.014377889536207 	4.08477549973513e-06 	4.02712028383289e-38
1 	2.5350822865 	5.20417042793042e-17 	1.04153822724905 	0.0104024732698375 	0.765354164647442 	0.0135951844900589 	4.95006657144523e-06 	4.0271202838328e-38
1 	2.5566535375 	4.85722573273506e-17 	1.04187879230495 	0.0100942971665988 	0.787667130934261 	0.0128193893087827 	9.76984708712869e-06 	4.02712028383289e-38
1 	2.5774624955 	4.85722573273506e-17 	1.0421968374157 	0.00980869649700502 	0.813954633370006 	0.0120550694310842 	1.89456903024015e-05 	4.02712028383285e-38
1 	2.5975360985 	4.5102810375397e-17 	1.04249361200678 	0.0095454835142315 	0.844598729491564 	0.0113066043603579 	3.29859386937971e-05 	4.02712028383294e-38
1 	2.616900333 	3.81639164714898e-17 	1.04277030209188 	0.00930461044215479 	0.880038194269301 	0.0105781218971942 	5.25043211984567e-05 	4.02712028383296e-38
1 	2.6355802665 	3.46944695195361e-17 	1.04302803324753 	0.00908614009885662 	0.920770294216597 	0.00987342835860497 	7.82164983892653e-05 	4.02712028383292e-38
1 	2.6536000815 	3.12250225675825e-17 	1.04326787415967 	0.00889021203442673 	0.967351281788942 	0.00919593674165387 	0.000110932715110424 	4.02712028383297e-38
1 	2.670983106 	3.12250225675825e-17 	1.04349084051276 	0.00871700257579114 	1.02039504819182 	0.00854859596325273 	0.000151544687151576 	4.02712028383301e-38
1 	2.687751842 	3.12250225675825e-17 	1.04369789906911 	0.00856667764509657 	1.08056940883507 	0.00793382509900328 	0.0002010050672094 	4.02712028383296e-38
1 	2.703927998 	2.94902990916057e-17 	1.04388997181139 	0.00843933811509085 	1.14858967064007 	0.00735345720392829 	0.000260298461495709 	4.02712028383296e-38
1 	2.719532515 	2.77555756156289e-17 	1.04406793986872 	0.00833495887379184 	1.22520941882052 	0.0068086981818247 	0.000330404062939307 	4.02712028383296e-38
1 	2.7345855935 	2.25514051876985e-17 	1.04423264711794 	0.00825332426134478 	1.31120902680744 	0.00630010554140011 	0.000412251662249412 	4.02712028383301e-38
1 	2.749106721 	1.73472347597681e-17 	1.04438490329357 	0.00819396440995936 	1.40738313741309 	0.00582759106255438 	0.000506674834739509 	4.02712028383296e-38
1 	2.7631146955 	1.73472347597681e-17 	1.04452548644745 	0.00815609859549764 	1.51452922219688 	0.0053904497644156 	0.000614367218916628 	4.02712028383292e-38
1 	2.7766276505 	2.08166817117217e-17 	1.04465514473242 	0.00813859264406032 	1.63344030265274 	0.00498741478831208 	0.000735849536978734 	4.02712028383292e-38
1 	2.7896630795 	2.42861286636753e-17 	1.04477459748763 	0.00813993735609697 	1.76490566795317 	0.00461673525666518 	0.000871455762577157 	4.02712028383301e-38
1 	2.8022378575 	2.42861286636753e-17 	1.04488453566314 	0.00815825344820902 	1.9097238691267 	0.00427627161799819 	0.0010213462664952 	4.02712028383296e-38
1 	2.814368263 	1.73472347597681e-17 	1.04498562171113 	0.00819132573150354 	2.06873230339578 	0.00396360112408555 	0.00118555392562779 	4.02712028383304e-38
1 	2.82607 	6.93889390390723e-18 	1.04507848906346 	0.00823666560580322 	2.24285725314384 	0.00367612555851342 	0.00136406626130044 	4.02712028383299e-38
1 	2.8373582165 	0 	1.04516374128957 	0.0082915970426615 	2.43318745493567 	0.00341117405657801 	0.00155694349551605 	4.02712028383304e-38
1 	2.848247526 	-6.93889390390723e-18 	1.04524195105832 	0.00835335798170989 	2.64107365701494 	0.00316609531240912 	0.00176446990456898 	4.02712028383296e-38
1 	2.858752025 	-1.04083408558608e-17 	1.04531365891004 	0.00841920698129581 	2.86825616954709 	0.00293833589879452 	0.00198733442684692 	4.02712028383297e-38
1 	2.8688853115 	-1.21430643318376e-17 	1.04537937183704 	0.00848652446835065 	3.11702300918388 	0.0027255034321331 	0.00222683706698078 	4.02712028383308e-38
1 	2.878660504 	-1.21430643318376e-17 	1.04543956165746 	0.00855289885153545 	3.39040285295733 	0.00252541518378422 	0.002485119738762 	4.02712028383308e-38
1 	2.8880902575 	-1.04083408558608e-17 	1.04549466335101 	0.00861618963942739 	3.69239993320506 	0.00233613397600953 	0.00276542536526572 	4.02712028383304e-38
1 	2.897186779 	-1.04083408558608e-17 	1.0455450731711 	0.00867456181048098 	4.0282838816382 	0.00215599283706857 	0.00307238742632727 	4.02712028383303e-38
1 	2.9059618435 	-1.04083408558608e-17 	1.045591146692 	0.00872648843809821 	4.40495002173484 	0.0019836125894184 	0.00341236839231371 	4.02712028383303e-38
1 	2.9144268115 	-6.93889390390723e-18 	1.04563319692986 	0.00877071799368331 	4.83138238955779 	0.00181791039456857 	0.00379386137989886 	4.02712028383304e-38
1 	2.9225926415 	-3.46944695195361e-18 	1.04567149274507 	0.00880620403973728 	5.31925668366951 	0.00165810217812166 	0.00422796993188964 	4.02712028383301e-38
1 	2.930469904 	-6.93889390390723e-18 	1.04570625861916 	0.00883199230219109 	5.88374135538588 	0.00150369786097322 	0.00472898569962688 	4.02712028383304e-38
1 	2.938068797 	-1.04083408558608e-17 	1.04573767607216 	0.0088470562438738 	6.54458227193305 	0.00135448746223755 	0.00531506243263754 	4.02712028383304e-38
1 	2.9453991575 	-1.04083408558608e-17 	1.04576588292409 	0.00885006712753919 	7.32759233788074 	0.00121051709702108 	0.00600894767347717 	4.02712028383304e-38
1 	2.952470475 	-1.38777878078145e-17 	1.04579095768968 	0.0088390791228082 	8.26673604159348 	0.0010720528652402 	0.00683876446342215 	4.02712028383304e-38
1 	2.9592919035 	-1.73472347597681e-17 	1.04581295749702 	0.008811103091828 	9.40711900068551 	0.000939505948855249 	0.00784418314768956 	4.02712028383304e-38
1 	2.9658722735 	-2.08166817117217e-17 	1.04583233245467 	0.00876122464499915 	10.8099786755283 	0.000812200757132965 	0.0091037315386529 	4.02712028383303e-38
1 	2.9722201045 	-2.77555756156289e-17 	1.04584949840154 	0.00867943527853561 	12.5632062173924 	0.000683981783717431 	0.0106350156598864 	4.02712028383311e-38
1 	2.9783436135 	-3.12250225675825e-17 	1.04586401709434 	0.00855006947959697 	14.7847721346997 	0.000563945873008542 	0.0125284957747315 	4.02712028383311e-38
1 	2.984250727 	-3.46944695195361e-17 	1.0458753026313 	0.0083477724011999 	17.6200793680325 	0.000455888956594426 	0.0147842561419316 	4.02712028383311e-38
1 	2.9899490925 	-3.81639164714898e-17 	1.04588330751031 	0.00803546575022396 	21.2567858479241 	0.00036038103095533 	0.0173448711638475 	4.02712028383311e-38
1 	2.9954460875 	-3.81639164714898e-17 	1.04588832905591 	0.0075624441407521 	25.9540281967165 	0.000276598641807481 	0.0200177821553748 	4.02712028383311e-38
1 	3.0007488275 	-3.81639164714898e-17 	1.04589082908111 	0.00686571420005729 	32.1051116111516 	0.000203872734796608 	0.0223854383697803 	4.02712028383316e-38
1 	3.005864177 	-3.81639164714898e-17 	1.04589134240717 	0.00587909589007801 	40.4010473470789 	0.00014149247294869 	0.0236511978494656 	4.02712028383311e-38
1 	3.0107987585 	-3.81639164714898e-17 	1.04589041514092 	0.00456026068318886 	52.326969372429 	8.86352157276766e-05 	0.0224821892782503 	4.02712028383311e-38
1 	3.01555896 	-3.81639164714898e-17 	1.04588879313068 	0.00295306093169641 	71.8407716713415 	4.33377471310021e-05 	0.0161928026769971 	4.02712028383311e-38
1 	3.020150944 	-3.81639164714898e-17 	1.04588726352904 	0.00141938203447815 	112.114777967526 	1.43180413483227e-05 	0.007215047948032 	4.02712028383311e-38
1 	3.0245806545 	-3.81639164714898e-17 	1.04588600343653 	0.00044715585535625 	229.503576710474 	2.67374755791723e-06 	0.00160991285365006 	4.02712028383311e-38
1 	3.028853826 	-3.81639164714898e-17 	1.04588465971864 	7.84664432027212e-05 	802.28066640631 	2.36621503928092e-07 	0.000156689276568931 	4.02712028383311e-38
