3 	0.003911129678 	1.73472347597681e-18 	-0.0537418358611374 	0.000122952220121782 	-4.47892628845671e-21
3 	0.011876665168 	-3.46944695195361e-18 	-0.142927131497147 	0.000206938933273478 	-8.96001116044054e-20
3 	0.02013400155 	-1.73472347597681e-17 	-0.195070740145077 	0.00031063563786137 	-2.8568982266404e-20
3 	0.028693828345 	-2.77555756156289e-17 	-0.215085694435089 	0.000328486519089744 	1.06102129086691e-21
3 	0.03756722666 	-2.42861286636753e-17 	-0.221029248200336 	0.000277783122216848 	1.00292555285152e-20
3 	0.04676568354 	-1.90819582357449e-17 	-0.222001199704414 	0.000190165496503136 	1.26557939840761e-20
3 	0.056301106835 	-1.73472347597681e-17 	-0.220960467040647 	7.74994552546492e-05 	9.86343672156537e-21
3 	0.06618584061 	-8.67361737988404e-18 	-0.218899315974298 	-5.50044230307941e-05 	1.15328395660351e-21
3 	0.07643268113 	-3.46944695195361e-18 	-0.216214046041255 	-0.000204547786271883 	-9.49912322652869e-21
3 	0.087054893425 	-6.93889390390723e-18 	-0.213086867252949 	-0.000369694116001616 	3.14024307083746e-23
3 	0.098066228435 	-5.20417042793042e-18 	-0.209608972161302 	-0.000549784669585554 	-1.38408939347194e-23
3 	0.1094809409 	0 	-0.205827348064064 	-0.000744630741726416 	2.88817030168213e-21
3 	0.12131380775 	1.21430643318376e-17 	-0.201765093431045 	-0.00095436830109788 	1.59106090970244e-21
3 	0.13358014715 	2.08166817117217e-17 	-0.197431156001499 	-0.00117938745537016 	-1.9431686740173e-21
3 	0.1462958385 	2.42861286636753e-17 	-0.192825355530952 	-0.00142029806098336 	-9.88500922627278e-22
3 	0.15947734285 	3.81639164714898e-17 	-0.187941110268571 	-0.00167791608218077 	-2.07461218281504e-23
3 	0.1731417243 	4.85722573273506e-17 	-0.182766959285733 	-0.00195326350696155 	2.46296092323266e-21
3 	0.18730667205 	5.20417042793042e-17 	-0.177287410720932 	-0.00224757789706567 	-9.13977500663857e-22
3 	0.2019905233 	5.89805981832114e-17 	-0.171483388303644 	-0.00256232979046389 	2.12931679434844e-23
3 	0.21721228705 	6.24500451351651e-17 	-0.165332422484915 	-0.0028992467017524 	-2.48199742563127e-21
3 	0.23299166855 	5.55111512312578e-17 	-0.158808666950586 	-0.00326034352388802 	8.31065884151745e-22
3 	0.249349095 	4.85722573273506e-17 	-0.151882785063936 	-0.00364795908422801 	1.69523852078279e-21
3 	0.26630574195 	4.5102810375397e-17 	-0.144521730112771 	-0.00406479882472119 	1.71058449298801e-21
3 	0.2838835605 	5.20417042793042e-17 	-0.136688429694632 	-0.00451398378427529 	2.61769032911279e-21
3 	0.302105306 	5.20417042793042e-17 	-0.128341375575683 	-0.00499910557530282 	3.5795381085201e-21
3 	0.3209945674 	3.81639164714898e-17 	-0.119434113520413 	-0.00552428708986175 	1.83229737923399e-21
3 	0.34057579775 	3.81639164714898e-17 	-0.109914621202157 	-0.00609424794851973 	-1.88899363564353e-21
3 	0.36087434595 	4.16333634234434e-17 	-0.0997245564280983 	-0.00671437296397329 	-3.84780634665225e-21
3 	0.3819164894 	3.12250225675825e-17 	-0.0887983515996153 	-0.00739078074267185 	-3.26150068190785e-21
3 	0.4037294682 	2.42861286636753e-17 	-0.0770621239328965 	-0.00813038792032709 	1.80609657095878e-23
3 	0.4263415203 	2.42861286636753e-17 	-0.064432364424688 	-0.00894096093659713 	-4.67692469098158e-23
3 	0.44128572036153 	2.42861286636753e-17 	-0.0558481512043125 	-0.00949912981092727 	-1.43779798658724e-23
3 	0.45321673051153 	2.42861286636753e-17 	-0.0487849705054644 	-0.00996488528415692 	-2.63052596641599e-22
3 	0.4740810062 	2.42861286636753e-17 	-0.0361220459272976 	-0.0108085754488672 	-1.26521797385151e-22
3 	0.49927024115 	2.77555756156289e-17 	-0.0202121645629553 	-0.011885345368287 	-2.74005384455607e-21
3 	0.5253822315 	2.42861286636753e-17 	-0.0029482896331297 	-0.01307257626804 	-1.62857402838007e-22
3 	0.5524507805 	3.12250225675825e-17 	0.0158301748745665 	-0.0143802265799738 	-5.58899625988211e-21
3 	0.5805109298 	3.12250225675825e-17 	0.0363634707817037 	-0.0158187180397373 	-4.61953574259435e-21
3 	0.60959900455 	1.38777878078145e-17 	0.0591648277100214 	-0.0174146634552511 	-8.94945660820268e-21
3 	0.6397526606 	1.38777878078145e-17 	0.0851322453117266 	-0.0192090974738813 	-1.10060828161853e-20
3 	0.67101093335 	1.73472347597681e-17 	0.115193324383025 	-0.0212355634717429 	2.44403452385201e-20
3 	0.7034142882 	1.04083408558608e-17 	0.149831493534963 	-0.0234729555463317 	4.6651521157058e-21
3 	0.73700467285 	1.38777878078145e-17 	0.189060860667404 	-0.0258545174893352 	2.17537566815197e-20
3 	0.77182557165 	1.04083408558608e-17 	0.232576078690096 	-0.0282877706856103 	-8.89869654701335e-21
3 	0.80792206195 	3.46944695195361e-18 	0.279868852390117 	-0.0306745579558188 	-1.67008208985694e-20
3 	0.8453408724 	6.93889390390723e-18 	0.330290356295544 	-0.0329294115657822 	-6.868289444591e-20
3 	0.88413044345 	1.38777878078145e-17 	0.383096062166156 	-0.0349882650417559 	6.54609874351083e-20
3 	0.92434099005 	1.38777878078145e-17 	0.437493086805357 	-0.0368046828610848 	-7.50237445849494e-20
3 	0.96602456675 	1.38777878078145e-17 	0.492667703035399 	-0.0383378916583557 	-4.85172627347824e-21
3 	1.00923513475 	1.38777878078145e-17 	0.547764000455072 	-0.0395421750447192 	7.51387605710903e-20
3 	1.0540286325 	1.04083408558608e-17 	0.601822694070233 	-0.0403663481618304 	-8.28572366056984e-20
3 	1.1004630475 	1.73472347597681e-17 	0.653742121269463 	-0.0407654680137184 	7.20148940207491e-20
3 	1.148598491 	1.73472347597681e-17 	0.702364865964318 	-0.0407221434251906 	-1.40613686045965e-21
3 	1.1984972765 	1.38777878078145e-17 	0.746802245481033 	-0.0402755712636959 	1.58780557796234e-19
3 	1.250224001 	1.12757025938492e-17 	0.787018699509951 	-0.0394375569135874 	1.57943608199166e-19
3 	1.303845627 	9.97465998686664e-18 	0.823272089930327 	-0.0383108577463231 	5.96482406531666e-21
3 	1.3594315695 	2.38524477946811e-17 	0.855747979795719 	-0.0370299079460795 	1.33917567490497e-19
3 	1.417053788 	3.81639164714898e-17 	0.88475938564439 	-0.0357440611873312 	2.28154596802434e-20
3 	1.4767868775 	4.25007251614318e-17 	0.910949469036063 	-0.0345011186535863 	2.00480064651231e-20
3 	1.538708165 	4.5102810375397e-17 	0.934999006459483 	-0.0333004796393969 	-1.59133688091755e-19
3 	1.6028978105 	5.20417042793042e-17 	0.957442154031229 	-0.0321144377688775 	-9.54288555560973e-20
3 	1.6694389105 	5.89805981832114e-17 	0.978627300010528 	-0.0309053406392424 	-1.6055038846697e-20
3 	1.738417606 	5.72458747072346e-17 	0.998761630033841 	-0.0296365335631359 	0
3 	1.8099231935 	4.85722573273506e-17 	1.01794478697423 	-0.0282792265922371 	1.8435765989275e-20
3 	1.8840482395 	3.46944695195361e-17 	1.0361768187576 	-0.0268154650381714 	9.28805386162144e-20
3 	1.960888703 	2.77555756156289e-17 	1.05248917409601 	-0.0253320451973236 	7.74456259761952e-20
3 	2.020240096 	2.77555756156289e-17 	1.06465677067811 	-0.0241073238454744 	2.2984170319336e-20
3 	2.060005036 	2.77555756156289e-17 	1.07310670699978 	-0.0231733905808459 	0
3 	2.0983647475 	3.12250225675825e-17 	1.08002057139963 	-0.0223469947441179 	0
3 	2.135368889 	3.12250225675825e-17 	1.08629606898571 	-0.0215481944505521 	0
3 	2.171065364 	2.77555756156289e-17 	1.09198389450261 	-0.0207745059789022 	0
3 	2.205500383 	2.77555756156289e-17 	1.09713029258965 	-0.0200267958289317 	0
3 	2.2387185245 	2.08166817117217e-17 	1.1017771645782 	-0.0193052624665467 	0
3 	2.270762791 	1.38777878078145e-17 	1.1059622311027 	-0.0186097197377499 	0
3 	2.3016746645 	1.38777878078145e-17 	1.10971923447125 	-0.0179397489587004 	0
3 	2.3314941625 	1.38777878078145e-17 	1.11307816417698 	-0.0172947562047469 	0
3 	2.360259888 	1.38777878078145e-17 	1.11606549047826 	-0.0166740179344811 	0
3 	2.3880090795 	1.38777878078145e-17 	1.11870439407207 	-0.0160767212871541 	0
3 	2.4147776595 	2.08166817117217e-17 	1.12101498316539 	-0.0155019961786215 	0
3 	2.440600281 	2.77555756156289e-17 	1.12301449238766 	-0.0149489403408012 	0
3 	2.465510373 	2.77555756156289e-17 	1.12471746063525 	-0.0144166386556656 	0
3 	2.4895401825 	2.77555756156289e-17 	1.12613588688298 	-0.0139041778428369 	0
3 	2.5127208175 	2.77555756156289e-17 	1.12727936440099 	-0.0134106573827708 	0
3 	2.5350822865 	2.77555756156289e-17 	1.12815519473648 	-0.0129351974381403 	0
3 	2.5566535375 	3.12250225675825e-17 	1.12876848361669 	-0.0124769443913652 	0
3 	2.5774624955 	3.81639164714898e-17 	1.12912222154232 	-0.0120350744973277 	0
3 	2.5975360985 	4.16333634234434e-17 	1.12921735234596 	-0.011608796052644 	0
3 	2.616900333 	4.16333634234434e-17 	1.12905283347282 	-0.0111973503948936 	0
3 	2.6355802665 	4.16333634234434e-17 	1.12862569213339 	-0.0108000119612527 	0
3 	2.6536000815 	4.16333634234434e-17 	1.1279310817195 	-0.0104160875594319 	0
3 	2.670983106 	4.16333634234434e-17 	1.12696234293794 	-0.0100449149733581 	0
3 	2.687751842 	4.16333634234434e-17 	1.12571107369212 	-0.00968586093128217 	0
3 	2.703927998 	4.16333634234434e-17 	1.12416721075639 	-0.00933831842767446 	0
3 	2.719532515 	4.16333634234434e-17 	1.12231912482093 	-0.00900170342047948 	0
3 	2.7345855935 	4.16333634234434e-17 	1.12015372780197 	-0.00867545085145889 	0
3 	2.749106721 	4.16333634234434e-17 	1.11765658785443 	-0.0083590099587283 	0
3 	2.7631146955 	4.16333634234434e-17 	1.11481204341189 	-0.00805183891719493 	0
3 	2.7766276505 	4.16333634234434e-17 	1.11160330249382 	-0.00775339885614339 	0
3 	2.7896630795 	4.16333634234434e-17 	1.10801250893567 	-0.00746314741875145 	0
3 	2.8022378575 	4.16333634234434e-17 	1.10402075345467 	-0.00718053214701092 	0
3 	2.814368263 	4.16333634234434e-17 	1.0996080047173 	-0.0069049840486861 	0
3 	2.82607 	4.16333634234434e-17 	1.09475293588991 	-0.00663591184045156 	0
3 	2.8373582165 	4.16333634234434e-17 	1.08943262498455 	-0.00637269745146482 	0
3 	2.848247526 	4.5102810375397e-17 	1.08362211246796 	-0.00611469340603329 	0
3 	2.858752025 	4.5102810375397e-17 	1.07729380758874 	-0.00586122274317138 	0
3 	2.8688853115 	4.16333634234434e-17 	1.07041674242916 	-0.00561158206174216 	0
3 	2.878660504 	4.16333634234434e-17 	1.06295568024382 	-0.0053650482055417 	0
3 	2.8880902575 	4.16333634234434e-17 	1.05487009050701 	-0.00512088901315575 	0
3 	2.897186779 	4.16333634234434e-17 	1.04611300279963 	-0.00487837839445382 	0
3 	2.9059618435 	4.16333634234434e-17 	1.03662974558072 	-0.00463681588757119 	0
3 	2.9144268115 	4.16333634234434e-17 	1.02635656579095 	-0.00439555028145685 	0
3 	2.9225926415 	4.16333634234434e-17 	1.01521910727929 	-0.00415400564287499 	0
3 	2.930469904 	4.16333634234434e-17 	1.00313069055126 	-0.00391172756064854 	0
3 	2.938068797 	4.16333634234434e-17 	0.989989174173932 	-0.00366844582951782 	0
3 	2.9453991575 	4.16333634234434e-17 	0.975651171430135 	-0.00342361550985566 	0
3 	2.952470475 	4.16333634234434e-17 	0.95989398631072 	-0.00317575869046936 	0
3 	2.9592919035 	4.16333634234434e-17 	0.942439585089969 	-0.00292313272384055 	0
3 	2.9658722735 	4.16333634234434e-17 	0.923013988533714 	-0.002665155246404 	0
3 	2.9722201045 	4.16333634234434e-17 	0.901348286915171 	-0.00240284487473955 	0
3 	2.9783436135 	4.16333634234434e-17 	0.877138597738864 	-0.00213833878844657 	0
3 	2.984250727 	4.5102810375397e-17 	0.850001415886926 	-0.00187437811640359 	0
3 	2.9899490925 	4.5102810375397e-17 	0.819413896429128 	-0.0016140332995088 	0
3 	2.9954460875 	4.16333634234434e-17 	0.784623976553723 	-0.00136054918837455 	0
3 	3.0007488275 	4.16333634234434e-17 	0.744507227548729 	-0.00111724375595408 	0
3 	3.005864177 	4.16333634234434e-17 	0.697331563329131 	-0.00088746711646493 	0
3 	3.0107987585 	3.81639164714898e-17 	0.640358397519874 	-0.000674737225898756 	0
3 	3.01555896 	3.12250225675825e-17 	0.569175806662724 	-0.000482486416490788 	0
3 	3.020150944 	2.77555756156289e-17 	0.47706293698526 	-0.000313344605587816 	0
3 	3.0245806545 	2.77555756156289e-17 	0.358638838882999 	-0.000172018600649714 	0
3 	3.028853826 	2.77555756156289e-17 	0.219166582591179 	-6.93886660168774e-05 	0
