# Residuals            
# Time                 	Ux                     	Uy                     	Uz                     	p                      	k                      	omega                  
0                      	N/A	N/A	N/A	N/A
1                      	9.999999999999116e-01	8.679533607000322e-01	8.703595994097153e-01	1.036030213734538e-01	9.999999999999675e-01	1.642089932460396e-01
2                      	8.621718237528931e-01	9.541478443058878e-01	9.552294502396321e-01	7.004386810003170e-01	9.529209916674283e-01	7.164851590316695e-02
3                      	1.106793060448255e-01	8.378270675975412e-01	7.069833416107232e-01	8.109675036901730e-01	2.069561478907375e-01	4.077079917026724e-03
4                      	4.782619865458311e-02	5.346987462994744e-01	7.012690347665035e-01	7.924143700266620e-01	5.311254109586048e-02	1.429521292339485e-03
5                      	3.120183726698805e-02	3.738180428683763e-01	4.662477962091415e-01	7.685759108892205e-01	1.862985267006452e-02	4.820270530050786e-04
6                      	2.392416714790533e-02	5.378302893764731e-01	4.722756594974701e-01	6.922021456895162e-01	8.560046621448316e-03	1.945556824553640e-04
7                      	1.976258311751485e-02	4.919998882305353e-01	7.703523116305084e-01	7.379869579683368e-01	4.995686610465599e-03	7.339781354196099e-05
8                      	1.701825343299205e-02	3.567025468113420e-01	4.243635317195298e-01	7.168657686216930e-01	3.386999930306746e-03	2.956288385096252e-05
9                      	1.504248852586824e-02	4.167281262046926e-01	3.507261718337319e-01	6.160508885113594e-01	2.534740035065842e-03	1.132091243526245e-05
10                     	1.351354945301974e-02	5.063425296979829e-01	5.703123426610599e-01	6.038080921803830e-01	2.079955740008884e-03	5.187686118897542e-06
11                     	1.230779726775333e-02	3.044636540640265e-01	4.733542930847397e-01	5.986930618274890e-01	1.849593109485105e-03	2.155309539366842e-06
12                     	1.131260920410920e-02	3.405369396073626e-01	3.510734772651773e-01	5.065071353797429e-01	1.762250299008851e-03	1.388800113684264e-06
13                     	1.049699428971487e-02	4.893902160774967e-01	3.573129893554324e-01	4.815515439295188e-01	1.769869260312614e-03	7.746211091813558e-07
14                     	9.785208707928926e-03	2.902110214344091e-01	4.925236369930411e-01	4.511758840859061e-01	1.832087853080949e-03	6.918813999380945e-07
15                     	9.179890431142564e-03	2.756195350013890e-01	3.739841711070687e-01	3.859734149523745e-01	1.917216132988266e-03	5.050758464003290e-07
16                     	8.650797808717140e-03	3.716458863245345e-01	3.148071423234985e-01	3.218784909691260e-01	2.009493982687303e-03	4.960187169136897e-07
17                     	8.177465115814473e-03	3.295252645649434e-01	3.399005922256349e-01	2.866997671844369e-01	2.103140678977398e-03	4.308528362839194e-07
18                     	7.745391666490787e-03	2.652932380953949e-01	3.866595925241717e-01	2.588547326265915e-01	2.196610062581609e-03	3.973455319150268e-07
19                     	7.377269464063408e-03	2.183403660093817e-01	2.840121516240254e-01	2.452169052741889e-01	2.276428474789874e-03	3.588993841845517e-07
20                     	7.015375688472810e-03	3.249672738335652e-01	3.115425792410202e-01	2.549617952150906e-01	2.354379836576470e-03	3.297328467020505e-07
21                     	6.691361446432214e-03	2.676159956295007e-01	4.342114304222925e-01	2.233016995841428e-01	2.421549575924913e-03	3.020614743718533e-07
22                     	6.411971418800503e-03	2.181475606106408e-01	3.002940907822486e-01	2.061300959119272e-01	2.485690306340970e-03	2.788666832990872e-07
23                     	6.136719949564302e-03	2.770648350321991e-01	2.329769197335290e-01	2.199045994974138e-01	2.558679923707845e-03	2.574162604921996e-07
24                     	5.876039881966701e-03	2.355326097038918e-01	2.262653256363023e-01	1.833067066121846e-01	2.626883843894222e-03	2.389420467430962e-07
25                     	5.641851813171598e-03	1.559133831867734e-01	2.058719324871877e-01	1.933590197088190e-01	2.712025480186577e-03	2.216420225274685e-07
26                     	5.416036650391099e-03	2.236100517971952e-01	2.706986327960004e-01	1.785941900684050e-01	2.843610431258692e-03	2.060616228801480e-07
27                     	5.208301916909589e-03	2.356616203120758e-01	3.258639584346520e-01	1.648782309168371e-01	3.045173505187144e-03	1.921622953421691e-07
28                     	5.010653073047483e-03	1.759748368837441e-01	1.537494687428273e-01	1.568651634741720e-01	3.347836096691808e-03	1.792357225340779e-07
29                     	4.822173968152370e-03	1.961041746296307e-01	1.984746249463144e-01	1.595523898086629e-01	3.778122643797671e-03	1.674102744222893e-07
30                     	4.641940298628940e-03	2.260126844223790e-01	2.539467313266734e-01	1.425742506367429e-01	4.342854196381701e-03	1.565020098655377e-07
31                     	4.469697446697200e-03	1.600858228980602e-01	1.809300279732501e-01	1.433421260466696e-01	4.925324025723509e-03	1.464218584833809e-07
32                     	4.304165903132161e-03	1.794239608340965e-01	1.944477878050341e-01	1.455172281821938e-01	5.486885310380014e-03	1.371319864791416e-07
33                     	4.142365057569306e-03	2.055950413786191e-01	3.064105040667358e-01	1.586132536478553e-01	6.065897427744786e-03	1.286946946554052e-07
34                     	3.985683574338668e-03	1.593522591930669e-01	2.258020845624815e-01	1.236239122037307e-01	6.645358290680329e-03	1.210770214017541e-07
35                     	3.832853393491632e-03	1.603941635889356e-01	1.714282318323837e-01	1.337683512952287e-01	7.218640521642887e-03	1.140765049182175e-07
36                     	3.682740828144739e-03	2.192623930696747e-01	1.872610840035092e-01	1.442491533881669e-01	7.769635270307557e-03	1.076230120212347e-07
37                     	3.534050598051687e-03	1.592838073980861e-01	1.872470023529276e-01	1.243295242377047e-01	8.277884006496853e-03	1.016156507964544e-07
38                     	3.385971119024934e-03	2.718049600649919e-01	2.363991712164012e-01	1.685788256711762e-01	8.735782761955590e-03	9.598831257488439e-08
39                     	3.237278076885721e-03	3.029367091498922e-01	1.911553404138504e-01	1.727574927078485e-01	9.136067587656943e-03	9.065800491827859e-08
40                     	3.087160624764260e-03	2.125676863999929e-01	2.157105762191799e-01	1.392721538753030e-01	9.479856986103007e-03	8.562905273479912e-08
41                     	2.934857762104587e-03	1.790029708724206e-01	1.493557528041988e-01	1.479070488542419e-01	9.762881307561946e-03	8.087227548739840e-08
42                     	2.780105502547572e-03	3.169349500481229e-01	2.196799174422658e-01	1.699046679974586e-01	9.977746542873929e-03	7.634731042043854e-08
43                     	2.624297380362812e-03	1.559487883963050e-01	2.101156978678847e-01	1.369512049478433e-01	1.012119674031570e-02	7.208953211115628e-08
44                     	2.471213757823232e-03	1.819365150679623e-01	1.453207523348461e-01	1.373667578282382e-01	1.019562305653860e-02	6.800450334089721e-08
45                     	2.324400212457096e-03	2.496871504248820e-01	1.802242928012273e-01	1.380122835168512e-01	1.019736845444517e-02	6.415604224730036e-08
46                     	2.185535066193543e-03	1.316791804290771e-01	1.593036605522083e-01	1.142185754670665e-01	1.013264931647963e-02	6.103752401313126e-08
47                     	2.055897837803288e-03	2.377620524656456e-01	1.600850848461117e-01	1.455326496853204e-01	1.000834046276918e-02	5.828571849168224e-08
48                     	1.933086249486597e-03	2.291987537674495e-01	1.670790751164429e-01	1.276144868906220e-01	9.833861956707574e-03	5.585669969485491e-08
49                     	1.818992689499250e-03	1.593547148868850e-01	1.438141994758659e-01	1.239037307040278e-01	9.573997338380628e-03	5.372061297849375e-08
50                     	1.717996837038127e-03	2.675362278102902e-01	2.367091617015519e-01	1.303698609883331e-01	9.099101437472213e-03	5.203231971297264e-08
51                     	1.617229676056493e-03	1.809624350436935e-01	2.319021338907655e-01	1.096205264078173e-01	8.538843008576711e-03	5.050249631423043e-08
52                     	1.513118934591730e-03	3.168721766605708e-01	1.532296665194425e-01	1.271887738053609e-01	7.976318936669976e-03	4.915325084196918e-08
53                     	1.407449278952748e-03	2.985542375675557e-01	3.457133633521262e-01	1.329277185550826e-01	7.447104004076090e-03	4.761654005416148e-08
54                     	1.312219843143926e-03	2.797713003710540e-01	2.672622706545701e-01	8.623011431923948e-02	6.971378311182923e-03	4.636783610902574e-08
55                     	1.211857495511092e-03	2.555293742730628e-01	2.194707163802598e-01	1.341306586263155e-01	6.537445333971565e-03	4.496114454964515e-08
56                     	1.128887353904349e-03	1.966571347066764e-01	3.264858757736180e-01	1.893109863714413e-01	6.156337497927297e-03	4.365850798172965e-08
57                     	1.044137064844262e-03	3.913748962510876e-01	2.264450422059349e-01	1.651843747949157e-01	5.813873119892986e-03	4.233802608760331e-08
58                     	9.723783963050687e-04	2.737777602262146e-01	2.814608589518798e-01	9.338577237684949e-02	5.509470571466150e-03	4.097775041645891e-08
59                     	9.078539942899265e-04	2.834054566423672e-01	1.248173557782960e-01	1.200058830463113e-01	5.236307492962770e-03	3.981838227085227e-08
60                     	8.494039120291576e-04	1.685140268412613e-01	2.267879213064316e-01	1.161232164844622e-01	4.985154495715431e-03	3.857043151715822e-08
61                     	8.005422734910055e-04	2.951987249272664e-01	1.761135759792495e-01	1.170485327096799e-01	4.760025871602786e-03	3.743874614531857e-08
62                     	7.640653349430904e-04	2.013365605380070e-01	2.372523643908302e-01	1.149970808316240e-01	4.550926508366335e-03	3.648998548451620e-08
63                     	7.354826376930655e-04	3.257144621756036e-01	2.045746963367372e-01	1.283830367547997e-01	4.355703438680296e-03	3.548809012768391e-08
64                     	7.202976767979549e-04	2.700670386065762e-01	2.731776523506477e-01	1.226379135354140e-01	4.176441387221664e-03	3.467689364522459e-08
65                     	7.144537257885340e-04	2.554743884022577e-01	3.402385242120157e-01	1.126174249263742e-01	4.011251964313584e-03	3.398720866968563e-08
66                     	7.148715588608091e-04	3.023732372361742e-01	2.204101862108298e-01	1.128251921666772e-01	3.858077640250852e-03	3.340676549771891e-08
67                     	7.217495303756656e-04	3.628990446700351e-01	2.202629128260662e-01	1.028456043469803e-01	3.715181411733177e-03	3.288891436829835e-08
68                     	7.328194153715694e-04	2.291309920202792e-01	2.571078175744027e-01	1.166738520525468e-01	3.580138975275859e-03	3.258366348617194e-08
69                     	7.450722866039807e-04	3.033868158357782e-01	3.357102513899007e-01	1.052561622971882e-01	3.451059235762885e-03	3.232502414981922e-08
70                     	7.579693398704916e-04	2.049088455769749e-01	2.003734812501659e-01	9.419514006193751e-02	3.328831551124297e-03	3.208421640622466e-08
71                     	7.709199062574925e-04	1.772604234964058e-01	3.495535281851925e-01	9.801261558891432e-02	3.212716856146633e-03	3.186042685130296e-08
72                     	7.837595995497409e-04	3.629340842411016e-01	3.344051676431908e-01	1.193597641177998e-01	3.102152988093256e-03	3.169621906639844e-08
73                     	7.961610413379654e-04	2.359426922674048e-01	2.434543799800317e-01	1.063682486044270e-01	2.996557277162433e-03	3.165929695461556e-08
74                     	8.081196293921107e-04	2.937619243451415e-01	3.351166217954961e-01	9.691463670781232e-02	2.895624592660547e-03	3.164286384300649e-08
75                     	8.193848062931797e-04	2.371797102142316e-01	2.994448944453812e-01	1.355725965241034e-01	2.798787644332046e-03	3.164556349917610e-08
76                     	8.300008871969350e-04	4.459912494250798e-01	4.681289074016113e-01	1.466233418247870e-01	2.705319938023111e-03	3.166505566243728e-08
77                     	8.396889599579209e-04	3.641345437119921e-01	3.195590914568255e-01	1.136466334880206e-01	2.615195108946808e-03	3.169418620673127e-08
78                     	8.486558429755656e-04	3.199857097598370e-01	3.871976445341423e-01	1.245009242958391e-01	2.528552304932010e-03	3.172304988048584e-08
79                     	8.567639260889454e-04	4.130199269852979e-01	4.994130173900860e-01	1.128041896537846e-01	2.445257476487791e-03	3.176362481836382e-08
80                     	8.640450670820907e-04	2.719473917920597e-01	1.548114876705464e-01	1.098825401752859e-01	2.364964412118435e-03	3.184977003161463e-08
81                     	8.705422648928897e-04	3.059476212794106e-01	2.258415314491615e-01	1.116814846466450e-01	2.287299143647079e-03	3.192286716501431e-08
82                     	8.761626774949097e-04	2.818783028875715e-01	3.716894938363118e-01	1.269355761816492e-01	2.212175255296659e-03	3.199708405760832e-08
83                     	8.816208895823641e-04	3.626260493789258e-01	4.848558496037128e-01	1.317945117302506e-01	2.138697392157623e-03	3.204018478317522e-08
84                     	8.862911509603702e-04	3.296261804297309e-01	2.345803707839659e-01	1.016103737718107e-01	2.067877834775060e-03	3.208255660802501e-08
85                     	8.900846889565668e-04	5.370285582136121e-01	4.513301572170050e-01	1.676738996429626e-01	1.999291216913447e-03	3.212258511653658e-08
86                     	8.931650786821304e-04	3.398128183435528e-01	4.523067673224037e-01	1.278026297338068e-01	1.932984170188811e-03	3.214927684691501e-08
87                     	8.956108399638011e-04	2.700387807562301e-01	2.324416051915506e-01	1.298827207162066e-01	1.868853342071373e-03	3.216670090055952e-08
88                     	8.973359560821514e-04	3.216688461015332e-01	2.630313356816103e-01	1.189075087625190e-01	1.806585422251611e-03	3.216294209100146e-08
89                     	8.983464818708227e-04	3.963709638329014e-01	3.398680041624901e-01	1.322184393018751e-01	1.746407490284903e-03	3.214365957619043e-08
90                     	8.986955559285035e-04	2.678076047095304e-01	2.572981933040808e-01	9.534073309293942e-02	1.688102248515235e-03	3.210660380536615e-08
91                     	8.983689600443438e-04	4.698695339651548e-01	2.718800845176883e-01	1.222997089700300e-01	1.631522431418722e-03	3.205156812965234e-08
92                     	8.974156635510910e-04	4.846293706468670e-01	4.085765375947917e-01	1.125074190657569e-01	1.576331296327113e-03	3.198122574698796e-08
93                     	8.958192398832445e-04	2.570222490721984e-01	2.075285338577852e-01	1.247873847568239e-01	1.522972425932289e-03	3.189225285950096e-08
94                     	8.936401890667628e-04	3.552841979158159e-01	2.698725009409166e-01	1.206981176282806e-01	1.471139868922499e-03	3.179099017524361e-08
95                     	8.908833059294986e-04	2.828318052325096e-01	2.077720190679643e-01	1.169736659534132e-01	1.420926341462148e-03	3.167063230038071e-08
96                     	8.876018221362874e-04	1.976345923513063e-01	2.159633753016330e-01	1.092324137623957e-01	1.372213364230106e-03	3.153395235077181e-08
97                     	8.838940325336088e-04	2.860287191344797e-01	2.469306392725339e-01	1.145422959011718e-01	1.324465266048591e-03	3.137962164656353e-08
98                     	8.796970121788334e-04	2.492425178291216e-01	2.843360614475891e-01	8.889544108781690e-02	1.277998562875277e-03	3.120728280827334e-08
99                     	8.750231439082291e-04	2.986378820173251e-01	2.172371692090955e-01	9.594165964250498e-02	1.232827740531081e-03	3.102107131467538e-08
100                    	8.698980555805431e-04	2.414563165459393e-01	2.221269207658430e-01	9.652605112076916e-02	1.189004561668131e-03	3.081617650461384e-08
101                    	8.643856729607220e-04	2.658362724111812e-01	2.265747709861559e-01	7.841996477330514e-02	1.146405156207679e-03	3.059708608018701e-08
102                    	8.585044326217556e-04	3.479988366250492e-01	2.420463244417802e-01	9.000073179073567e-02	1.104862675094094e-03	3.036201324074253e-08
103                    	8.522971232155111e-04	1.984329521335981e-01	1.958946317513245e-01	8.854825311527004e-02	1.064129057561898e-03	3.011010824586741e-08
104                    	8.457216615542033e-04	3.392195689030430e-01	3.782568368444255e-01	1.210277983992980e-01	1.024482828338459e-03	2.984549371737438e-08
105                    	8.387667298327949e-04	4.147865802929021e-01	3.581677469187973e-01	1.154664387017432e-01	9.860062080923680e-04	2.956768316498733e-08
106                    	8.314519032021176e-04	2.510318646501501e-01	2.555857376653373e-01	9.631013996267979e-02	9.490880352716304e-04	2.924045397644045e-08
107                    	8.242365256128024e-04	3.452659017888989e-01	3.338497145610188e-01	9.566100932313860e-02	9.127444076447761e-04	2.895215912751353e-08
108                    	8.165908488034046e-04	3.153450458546641e-01	2.063719539205869e-01	8.586252418501786e-02	8.772833727928904e-04	2.862874588100103e-08
109                    	8.086514885439302e-04	3.624886197139535e-01	3.461481030542635e-01	1.066576713393170e-01	8.424625226420582e-04	2.829668751623009e-08
110                    	8.003866104978333e-04	4.910609792109059e-01	4.344326097294645e-01	1.260092903998538e-01	8.086777803424503e-04	2.795349955214803e-08
111                    	7.918074471374938e-04	3.616938075429162e-01	2.944514895842333e-01	8.746900926335918e-02	7.758648175791855e-04	2.760405563678907e-08
112                    	7.829792489378174e-04	4.539072325204065e-01	4.066955851530695e-01	1.208555093224313e-01	7.437492275746335e-04	2.724823156071056e-08
113                    	7.738906284220862e-04	3.725458118240125e-01	4.489616276796791e-01	1.244240797583364e-01	7.124562042704538e-04	2.688759501529416e-08
114                    	7.645511445656720e-04	4.225403490617333e-01	3.371877846994397e-01	1.031429010845866e-01	6.818776061706738e-04	2.652266342818409e-08
115                    	7.549866267333886e-04	2.309666202227479e-01	2.656558259170401e-01	9.202542646901685e-02	6.521249703073285e-04	2.615311965088160e-08
116                    	7.451892649892903e-04	2.334973987684758e-01	1.718293229401961e-01	8.540736807486234e-02	6.231630544841841e-04	2.577899078156696e-08
117                    	7.351870789615057e-04	2.807593297483071e-01	3.226795573678349e-01	1.020700087200224e-01	5.950039333162770e-04	2.540130163437655e-08
118                    	7.250057504638021e-04	3.566849390876191e-01	2.211953838261355e-01	9.057196478183811e-02	5.674437901493776e-04	2.502169617217458e-08
119                    	7.146442496152626e-04	3.227643261133194e-01	2.554759435024549e-01	1.282773006645251e-01	5.406526991722773e-04	2.463827112331866e-08
120                    	7.041029504962002e-04	3.179308546469095e-01	3.747615646196817e-01	1.057997366718284e-01	5.144469290937389e-04	2.425149851940875e-08
121                    	6.933876288623811e-04	2.621422490037219e-01	3.296620137553274e-01	1.172475899080560e-01	4.890159625891009e-04	2.386174743246879e-08
122                    	6.825038164285930e-04	2.508455087981739e-01	2.587699638618463e-01	1.152613329156372e-01	4.645050849445252e-04	2.346935767920678e-08
123                    	6.714343530041876e-04	3.120607096516003e-01	3.255373933684926e-01	1.190879862328579e-01	4.408405619149928e-04	2.307466566159229e-08
124                    	6.602619542136848e-04	3.638620413363580e-01	2.852467228108144e-01	1.477432852651545e-01	4.182247228917680e-04	2.267732810282317e-08
125                    	6.490500131099835e-04	4.768785835169683e-01	4.222188499807044e-01	1.422438464459904e-01	3.970802041567290e-04	2.227824244801695e-08
126                    	6.377096345674979e-04	4.711960586174784e-01	4.017461809728740e-01	1.389032252582323e-01	3.771361358551269e-04	2.187766687457023e-08
127                    	6.262953447466506e-04	3.404828650805456e-01	3.822095296764525e-01	1.107357639315620e-01	3.582610518595985e-04	2.147588738763706e-08
128                    	6.146824823663922e-04	3.059646061267654e-01	2.733775840193028e-01	1.457522983087181e-01	3.408228756024040e-04	2.107300754427166e-08
129                    	6.029846322404567e-04	3.761106065387498e-01	4.839734978641150e-01	1.282691141858248e-01	3.244706060394562e-04	2.066890807226795e-08
130                    	5.908253449483668e-04	3.795724874774288e-01	3.002709594712751e-01	1.146071346692131e-01	3.092138154556760e-04	2.026431918282623e-08
131                    	5.787930142668806e-04	4.836551665690955e-01	4.856102869164660e-01	1.357783069318569e-01	2.951492341577856e-04	1.985949492413639e-08
132                    	5.666138623700049e-04	3.484925887283380e-01	4.497352096817084e-01	1.036527459480478e-01	2.821817084967106e-04	1.945464196509766e-08
133                    	5.544900517247863e-04	3.567397432847104e-01	4.471197183893147e-01	1.485084642790408e-01	2.701273415472361e-04	1.904992142400006e-08
134                    	5.419749311609633e-04	3.625705588631847e-01	4.273037269004420e-01	1.095798507601868e-01	2.589124169408531e-04	1.864551824765842e-08
135                    	5.294241569025423e-04	1.976109232531266e-01	2.040503471755815e-01	1.154926676014374e-01	2.487247095503371e-04	1.824164061395539e-08
136                    	5.169881360683593e-04	2.940423251556172e-01	3.652273940014169e-01	1.099866875670686e-01	2.394835499076144e-04	1.783794161391743e-08
137                    	5.045520434726449e-04	2.002590763426147e-01	1.904310239747199e-01	1.139190052252100e-01	2.311539045009233e-04	1.743513205818887e-08
138                    	4.923819817518170e-04	4.209474599273345e-01	4.448932633083856e-01	1.579198885706122e-01	2.236315832540084e-04	1.703326129137142e-08
139                    	4.804449484271699e-04	4.728648887512318e-01	3.455056819271300e-01	1.339388003111472e-01	2.170408429025097e-04	1.663234895307806e-08
140                    	4.684400777811708e-04	3.407200405654040e-01	3.225459534654511e-01	1.330514615965811e-01	2.115898396902852e-04	1.623271354394093e-08
141                    	4.564589536208730e-04	4.829872814216392e-01	4.369761494678994e-01	1.354854679091410e-01	2.066961647405083e-04	1.583460170419457e-08
142                    	4.448210991943392e-04	3.802624231755390e-01	3.410057226164479e-01	1.293490373668758e-01	2.022450697949284e-04	1.543792604965758e-08
143                    	4.332439624291288e-04	2.925702209036834e-01	2.661648199562110e-01	1.133492740257963e-01	1.983657963496590e-04	1.504275948538519e-08
144                    	4.218378261505941e-04	4.110856039508400e-01	3.088041375957793e-01	1.159830220450030e-01	1.946842195161874e-04	1.464942395951412e-08
145                    	4.104758993002100e-04	3.208541068767947e-01	2.681463352011241e-01	1.177378287495535e-01	1.914995475858294e-04	1.425806268156198e-08
146                    	3.993147484181211e-04	4.431089543681374e-01	4.420121617075498e-01	1.016749086300905e-01	1.889311295433633e-04	1.386906996465040e-08
147                    	3.883077055352742e-04	3.327002636088277e-01	2.500027480341774e-01	1.094160911802646e-01	1.865391432848898e-04	1.348238480686965e-08
148                    	3.774355007101042e-04	3.775017623300638e-01	4.435892359327582e-01	1.087490984694925e-01	1.841941083962643e-04	1.309823642817741e-08
149                    	3.667105263008541e-04	3.713419084695870e-01	2.678499011449885e-01	9.164677193808532e-02	1.820891018652712e-04	1.271684525221016e-08
150                    	3.561469770350593e-04	3.467501644962084e-01	3.295877612569128e-01	1.089443017810183e-01	1.803124202722452e-04	1.233831145858115e-08
151                    	3.457474673220226e-04	4.373121022097534e-01	4.337064474997433e-01	1.120099704275722e-01	1.787105103705825e-04	1.196291595333130e-08
152                    	3.355038600848688e-04	3.208681100578588e-01	3.349770431219348e-01	8.959744062323127e-02	1.773170178612429e-04	1.159113700382007e-08
153                    	3.254018149536858e-04	2.321610626773416e-01	3.054941798004887e-01	1.041587364977781e-01	1.759774972684700e-04	1.122335750743332e-08
154                    	3.154609934085730e-04	3.243057775668037e-01	3.382599430312060e-01	1.011264143511468e-01	1.747236202431460e-04	1.085982808948348e-08
155                    	3.056841076636696e-04	2.335270377584276e-01	2.305655198896162e-01	8.642683471461841e-02	1.736961752992022e-04	1.050041152549012e-08
156                    	2.960784156855865e-04	2.630481196407328e-01	2.561086416343384e-01	1.169223050193681e-01	1.727465626951952e-04	1.014542726273382e-08
157                    	2.866419172497538e-04	3.586463408064511e-01	4.036917919750821e-01	1.049517648598156e-01	1.719313461624310e-04	9.795354514558458e-09
158                    	2.773732103838987e-04	2.096511314590800e-01	3.297977903939721e-01	8.201525566207939e-02	1.712111857318586e-04	9.450448466421461e-09
159                    	2.682621281238764e-04	2.668551855748933e-01	1.991195803046004e-01	9.379307535731100e-02	1.705243285390958e-04	9.111325497058183e-09
160                    	2.593283984483891e-04	2.764087026638627e-01	3.593612739220641e-01	8.898075292751974e-02	1.699701192861634e-04	8.777586860887592e-09
161                    	2.505578617230988e-04	3.034620064397480e-01	2.067536004464325e-01	1.057311355747187e-01	1.694807225039464e-04	8.449569179351178e-09
162                    	2.419609326280216e-04	3.621213747760221e-01	3.539004823668094e-01	1.081261782810424e-01	1.690549878289683e-04	8.127681719819045e-09
163                    	2.335350204154315e-04	2.732986149164013e-01	3.450154784137900e-01	1.032857961009293e-01	1.686604059240514e-04	7.812066040260080e-09
164                    	2.252801632001647e-04	4.136947894352069e-01	3.249257864331648e-01	1.007379652482111e-01	1.683163350163561e-04	7.502700553601411e-09
165                    	2.172023465121430e-04	2.531441462056458e-01	3.589923196635271e-01	9.069216744768586e-02	1.679927491148382e-04	7.200051344174491e-09
166                    	2.093026926752327e-04	3.110994077732893e-01	3.263988080551705e-01	1.221557151412943e-01	1.677100213054695e-04	6.904703759695891e-09
167                    	2.015694833119156e-04	3.381866633716461e-01	3.884629209047212e-01	9.612174927352389e-02	1.674464386363848e-04	6.616090392028586e-09
168                    	1.940076090490237e-04	2.166543341844730e-01	2.874351721614747e-01	9.824823165749913e-02	1.671842545416427e-04	6.334769470071071e-09
169                    	1.866134817064166e-04	3.669333726298121e-01	2.419683129193107e-01	1.055189393144534e-01	1.669109757363218e-04	6.060366049450079e-09
170                    	1.793854759500595e-04	3.730511549373667e-01	3.067482517616310e-01	9.548263570596090e-02	1.665957342575059e-04	5.792806298698639e-09
171                    	1.723257410667580e-04	2.119222989837586e-01	2.397102808156072e-01	1.052724046011093e-01	1.662381221318965e-04	5.533105570814999e-09
172                    	1.654294466756937e-04	2.755104153064580e-01	2.837128997286778e-01	9.443690173210167e-02	1.658280263311000e-04	5.280337015255675e-09
173                    	1.586954779362151e-04	1.604224772701328e-01	1.466640486448542e-01	1.007909102087593e-01	1.653870124975961e-04	5.035526858487128e-09
174                    	1.521240725849118e-04	5.459557732238269e-01	5.464089432473723e-01	1.343827347806815e-01	1.648600107103396e-04	4.797455527475380e-09
175                    	1.457169798864283e-04	3.311788156418600e-01	2.968940036419001e-01	1.117537121656064e-01	1.642865618016063e-04	4.567615529433877e-09
176                    	1.394680134849413e-04	3.214614350334878e-01	2.823524253157195e-01	1.265858064288334e-01	1.636428131616455e-04	4.345183610098081e-09
177                    	1.333786143900511e-04	3.508369851067146e-01	3.452717661428386e-01	1.013818413047654e-01	1.629442787664391e-04	4.129813387293462e-09
178                    	1.274483235889664e-04	1.653073353007366e-01	1.821925558633000e-01	9.415371136738211e-02	1.621912021323502e-04	3.922866516861317e-09
179                    	1.216765480889319e-04	2.407687073729850e-01	3.222212516645658e-01	9.168537699051575e-02	1.613640161563320e-04	3.722810542173717e-09
180                    	1.160578724863087e-04	3.210676977362987e-01	2.328714415613325e-01	1.122317333087739e-01	1.604844651369935e-04	3.530310851170904e-09
181                    	1.105877226929967e-04	3.431153226591386e-01	3.994167109048604e-01	9.273817011632599e-02	1.595303191600717e-04	3.353426052618191e-09
182                    	1.053225302162612e-04	3.617052185514681e-01	2.629972737687616e-01	1.305942751767219e-01	1.585236991781546e-04	3.192044342524775e-09
183                    	1.004110410273885e-04	4.448302881202190e-01	4.504588109529366e-01	1.039629311344549e-01	1.574494447894752e-04	3.045997452453728e-09
184                    	9.577662811759174e-05	3.442321138175636e-01	2.358322654458650e-01	9.856920943536174e-02	1.563209071159029e-04	2.914130420376509e-09
185                    	9.146117906596221e-05	3.736726700002043e-01	2.817638393391848e-01	1.188508689137062e-01	1.551401541257568e-04	2.793735855953895e-09
186                    	8.740999458940087e-05	3.974643739046762e-01	4.824640912269468e-01	1.304544554494693e-01	1.538940619839871e-04	2.686140609043523e-09
187                    	8.361041620036560e-05	3.707168475999505e-01	3.773175622900801e-01	9.181625493208702e-02	1.525978476092229e-04	2.589115708318838e-09
188                    	8.010610450639767e-05	3.297592112829429e-01	2.362942106783882e-01	9.057742737081438e-02	1.512459188919396e-04	2.503319412271955e-09
189                    	7.685675726636342e-05	2.379035655157027e-01	2.983106818916926e-01	9.248557594336350e-02	1.498395749918754e-04	2.425744236359724e-09
190                    	7.382205857571965e-05	4.721835036824233e-01	3.022083528124608e-01	1.157265664715263e-01	1.483990801146286e-04	2.355883214847260e-09
191                    	7.099928042406075e-05	4.499112521581686e-01	3.705315169225018e-01	9.455369715842235e-02	1.469042415510100e-04	2.291503759177853e-09
192                    	6.835214198545768e-05	2.526774899748194e-01	2.925290873369700e-01	9.323783761783906e-02	1.453670747544226e-04	2.232050280410796e-09
193                    	6.587197136299169e-05	3.671430608560750e-01	4.019118182403759e-01	1.146325964455275e-01	1.437850842173080e-04	2.176352271355205e-09
194                    	6.350905976237111e-05	3.616276106964399e-01	2.770458048662304e-01	1.201148527123800e-01	1.421663081578019e-04	2.125580859782641e-09
195                    	6.128950246085710e-05	4.355960124318618e-01	4.619684346145883e-01	1.301120489027054e-01	1.405119638326475e-04	2.078184619837690e-09
196                    	5.918796069725976e-05	4.404885202022075e-01	2.598149253167626e-01	1.182640059531467e-01	1.388222216248317e-04	2.033537956617745e-09
197                    	5.718546932845537e-05	4.005904721280798e-01	4.591645061004962e-01	1.160221560394479e-01	1.370947561319642e-04	1.992029403924263e-09
198                    	5.528324976093129e-05	4.205329965499006e-01	2.281891129123839e-01	9.640433248453061e-02	1.353372445458383e-04	1.952955829734239e-09
199                    	5.346162841074562e-05	2.861013020595247e-01	3.231885895885394e-01	1.147535939584395e-01	1.335500884791369e-04	1.916753663433691e-09
200                    	5.172850600510946e-05	3.678179023162748e-01	3.936034334939315e-01	1.024212767422481e-01	1.317310337440239e-04	1.882422808251676e-09
201                    	5.006904594777403e-05	2.290616452485200e-01	2.959893742349829e-01	1.104497954607322e-01	1.298933737606225e-04	1.849917507571347e-09
202                    	4.850376991159695e-05	3.664451644495367e-01	2.688202638275691e-01	1.076609042261549e-01	1.280378791832778e-04	1.819416863407701e-09
203                    	4.701428374599485e-05	3.410376128507810e-01	3.609601391242380e-01	1.007981725460067e-01	1.261569228641840e-04	1.789726448994401e-09
204                    	4.556062941539749e-05	2.818334264661896e-01	4.033287973373305e-01	1.053683623870926e-01	1.242595855838368e-04	1.761422005375235e-09
205                    	4.418294442719784e-05	3.867703418008667e-01	4.172902314042153e-01	1.022566614891157e-01	1.223458887102414e-04	1.734328785508066e-09
206                    	4.289097397820185e-05	3.735953558865307e-01	2.721986772907325e-01	1.009209683969975e-01	1.204130899772824e-04	1.708316587438810e-09
207                    	4.164424640025524e-05	3.389758707820272e-01	3.067446486195523e-01	8.937309407455105e-02	1.184676179015797e-04	1.683832611832012e-09
208                    	4.049536809786491e-05	2.521599112750991e-01	2.245576180138589e-01	8.624306460053774e-02	1.165180929608794e-04	1.659669218315018e-09
209                    	3.938361366481140e-05	2.212342977168681e-01	1.939056668241940e-01	8.216690753196115e-02	1.145556356795847e-04	1.636333781875710e-09
210                    	3.834400262085013e-05	3.107892572565142e-01	2.968135279805998e-01	1.025905343228469e-01	1.125865600672322e-04	1.614641268480139e-09
211                    	3.736029582162741e-05	4.245415190201618e-01	3.321947219433499e-01	9.305773775709543e-02	1.106121306994019e-04	1.593392529497519e-09
212                    	3.643658682699775e-05	3.467113690214154e-01	3.877675777766924e-01	9.327428754542839e-02	1.086313643598355e-04	1.572576169448400e-09
213                    	3.557384975477616e-05	2.348144426116792e-01	2.193458739375189e-01	8.162383252994605e-02	1.066500445944409e-04	1.552175117953152e-09
214                    	3.477756123652132e-05	3.611035472022590e-01	3.214338307556906e-01	1.035481054439311e-01	1.046662968844203e-04	1.532470395460334e-09
215                    	3.406604341003511e-05	2.783436620133067e-01	2.882518481366084e-01	1.051624677975729e-01	1.026796711256620e-04	1.513483590820749e-09
216                    	3.342054758887746e-05	4.527407316563184e-01	3.776069540096202e-01	9.183829770805367e-02	1.006952994157266e-04	1.494839611234596e-09
217                    	3.284263901853506e-05	3.994626696907620e-01	3.255749377007038e-01	9.422351130603901e-02	9.871122317885105e-05	1.476842018063124e-09
218                    	3.232759114414299e-05	3.991407613672033e-01	3.619548078216696e-01	9.620039304586152e-02	9.672933428363196e-05	1.458830146914800e-09
219                    	3.186713990333624e-05	3.169744174099571e-01	2.712124055381089e-01	1.061503146032064e-01	9.475960025608477e-05	1.441252494909174e-09
220                    	3.146838323760706e-05	3.648416336151306e-01	2.822252202427209e-01	9.921340250264438e-02	9.279337809332691e-05	1.424425571312669e-09
221                    	3.111734127629045e-05	3.970642982558702e-01	2.228815717416234e-01	8.293805015675418e-02	9.083424695124072e-05	1.407715453307642e-09
222                    	3.080898367474775e-05	2.096600157860929e-01	2.448670705906772e-01	9.573768282853003e-02	8.888165905095680e-05	1.391150189989191e-09
223                    	3.056330078776558e-05	2.796158019471405e-01	2.346059298235396e-01	9.394527312488371e-02	8.694179373366886e-05	1.374984646256038e-09
224                    	3.035903991916231e-05	1.895433232835069e-01	1.898582744577235e-01	8.016096282937575e-02	8.501393364332471e-05	1.359295407793741e-09
225                    	3.020019427268369e-05	3.421845122672528e-01	2.647600711666092e-01	1.235805878614037e-01	8.309499721609881e-05	1.343847793195781e-09
226                    	3.005852882876940e-05	6.298792621403361e-01	6.258527359186904e-01	1.587176094588857e-01	8.118683060879144e-05	1.328341547991393e-09
227                    	2.997057835997431e-05	5.924066532457876e-01	4.500399613732424e-01	1.318037617947650e-01	7.928952359510165e-05	1.313135989837939e-09
228                    	2.987023190431071e-05	3.178691686254187e-01	3.687040139585844e-01	1.367778699080077e-01	7.740591967899894e-05	1.298279793007827e-09
229                    	2.976573999627067e-05	3.955919895149625e-01	3.488236359591725e-01	1.177690824560635e-01	7.553826111008383e-05	1.283521697298477e-09
230                    	2.964852540165478e-05	3.224561831370505e-01	3.554902152690229e-01	1.227429990016290e-01	7.368661350970991e-05	1.268888236479639e-09
231                    	2.952012064315883e-05	4.270732078240090e-01	3.039478576551086e-01	1.140204976979358e-01	7.185008556858566e-05	1.254280350772769e-09
232                    	2.938577610605327e-05	2.756522137254313e-01	3.105624224529888e-01	1.119751046114389e-01	7.002953410948547e-05	1.240000389625061e-09
233                    	2.924413256574115e-05	3.289891487096137e-01	2.532738842268296e-01	1.092821457874058e-01	6.822560805405626e-05	1.225837770780772e-09
234                    	2.909464580267529e-05	4.293815089334905e-01	2.317094285757708e-01	9.926247318085732e-02	6.644046738122395e-05	1.211709579632364e-09
235                    	2.893440986712875e-05	2.463014026742733e-01	3.912639087335791e-01	1.082729734542946e-01	6.467786497138193e-05	1.197973882309385e-09
236                    	2.877061139591393e-05	4.190821723961226e-01	2.771683789475110e-01	1.174532191332011e-01	6.293388838346543e-05	1.184342481881798e-09
237                    	2.859834750947830e-05	3.206320517741619e-01	3.715623992090423e-01	1.054607955154754e-01	6.120879950643964e-05	1.170708799674614e-09
238                    	2.841899119055389e-05	3.775934075458093e-01	2.467482849104633e-01	1.270548718198927e-01	5.950427183221553e-05	1.157233277524064e-09
239                    	2.823512495113138e-05	4.698538318720044e-01	4.312333154265164e-01	1.324761570601401e-01	5.782272802595653e-05	1.143982207947914e-09
240                    	2.804495672499440e-05	3.875346046234738e-01	4.053741893551924e-01	1.139823875944004e-01	5.616578259178931e-05	1.130913550961496e-09
241                    	2.784814907948950e-05	4.244385156414699e-01	3.668977117918441e-01	9.928050749167644e-02	5.453006207384884e-05	1.117989833922914e-09
242                    	2.764697036152389e-05	2.780331682691062e-01	2.440578533868253e-01	1.161297309291986e-01	5.291595327318294e-05	1.105264381972712e-09
243                    	2.744545955588376e-05	2.993635283934792e-01	2.766064991877575e-01	8.947703867034011e-02	5.132397210386431e-05	1.092868226828786e-09
244                    	2.724403293135549e-05	2.163170924697647e-01	2.392630400112211e-01	1.021516017461608e-01	4.975503975748553e-05	1.080886398398074e-09
245                    	2.704396687411622e-05	3.160664099121440e-01	2.512809147263403e-01	9.982463495439321e-02	4.821178225718598e-05	1.069279832290043e-09
246                    	2.684354900116912e-05	2.433082380530580e-01	2.121775433795922e-01	9.190204386283742e-02	4.669230419982869e-05	1.057923717233780e-09
247                    	2.664150958628211e-05	4.164520646308257e-01	3.211514507167831e-01	1.358162002091427e-01	4.519891564371369e-05	1.046801718323661e-09
248                    	2.643688914130504e-05	4.275064021931905e-01	2.668261913762631e-01	1.027971932194356e-01	4.373092553293370e-05	1.035799094822665e-09
249                    	2.623089767501018e-05	2.204269505384938e-01	2.080071531787002e-01	1.007463767768963e-01	4.229102753439336e-05	1.024881052564860e-09
250                    	2.602794711894609e-05	2.844013341073208e-01	2.486635782163469e-01	9.512630035359640e-02	4.087628674976206e-05	1.013889454659532e-09
251                    	2.583202276318178e-05	2.882872679589673e-01	3.316663261290621e-01	1.006237500560084e-01	3.948635157658988e-05	1.002837091897070e-09
252                    	2.565183218582367e-05	3.220932935169268e-01	2.838500733694883e-01	1.020698112589474e-01	3.812137077236972e-05	9.916622770933029e-10
253                    	2.547679428404254e-05	4.381549918201197e-01	3.523657456560002e-01	1.097255145727922e-01	3.678152004426203e-05	9.804146522703049e-10
254                    	2.529689942043900e-05	3.398797577706281e-01	2.413956352025275e-01	1.231678059363374e-01	3.546700460251857e-05	9.690921922275519e-10
255                    	2.511044551568456e-05	3.700939651391466e-01	2.087905227796102e-01	1.158375704444290e-01	3.417831999176817e-05	9.575947480486316e-10
256                    	2.491384156267583e-05	3.603492664690172e-01	2.651032063870668e-01	1.606401449067605e-01	3.291560190963545e-05	9.459465842476745e-10
257                    	2.470773790681361e-05	3.744624775379446e-01	4.009651460500993e-01	1.391941156579857e-01	3.167854533454926e-05	9.341804949402261e-10
258                    	2.449246379185156e-05	3.805829993393339e-01	2.871288439223182e-01	1.341726409527333e-01	3.046776819722712e-05	9.222109317703991e-10
259                    	2.426894320601937e-05	4.090151247023255e-01	2.777952298760146e-01	1.301326813546675e-01	2.928372741203092e-05	9.101134300543113e-10
260                    	2.403517909362449e-05	3.676231982158759e-01	3.371552698348877e-01	1.409273224706012e-01	2.812526575958391e-05	8.978809868683316e-10
261                    	2.379195629664589e-05	3.128686430473815e-01	2.767519819674362e-01	9.361598019889590e-02	2.699229027118117e-05	8.855240454731097e-10
262                    	2.353940579389653e-05	3.116073664233378e-01	2.528602953197076e-01	1.297772402758926e-01	2.588473045441839e-05	8.729904976334839e-10
263                    	2.327769855747215e-05	3.881014819201755e-01	3.402506977538425e-01	1.048640953340090e-01	2.480270086275433e-05	8.602638489948343e-10
264                    	2.300793935603455e-05	3.448010836181118e-01	2.423909062486317e-01	1.265758418889941e-01	2.374634821190375e-05	8.474161223710771e-10
265                    	2.273375550756458e-05	4.768398245527858e-01	3.246056378080666e-01	1.197635328992032e-01	2.272380792992472e-05	8.344501981800480e-10
266                    	2.245122611473514e-05	2.462173112843647e-01	3.359392009935122e-01	1.124404521539387e-01	2.174165825380162e-05	8.213337724109599e-10
267                    	2.216143418601028e-05	5.430758977609916e-01	3.595466894765681e-01	1.300286809863044e-01	2.079406633651183e-05	8.080684971488287e-10
268                    	2.186480118453486e-05	3.326900974216215e-01	2.361854455728338e-01	1.257828130605483e-01	1.989008825984541e-05	7.946784120728047e-10
269                    	2.156219370389132e-05	3.541755205929740e-01	3.080671698553620e-01	1.146655063661667e-01	1.902839073770217e-05	7.811564275635739e-10
270                    	2.125380476854398e-05	2.386727087968795e-01	1.941511776180460e-01	1.106443994273712e-01	1.820490909906201e-05	7.675281039234187e-10
271                    	2.094034222869888e-05	3.551380183272639e-01	3.110587658092423e-01	1.068167609321087e-01	1.741316917464841e-05	7.538305854402325e-10
272                    	2.062133163875601e-05	3.975091951486241e-01	3.157592733674749e-01	1.175543089833087e-01	1.665913605394770e-05	7.400544732474357e-10
273                    	2.029721890641827e-05	4.514932491044190e-01	3.684951260879339e-01	1.238434938469372e-01	1.594658697513957e-05	7.262035608376169e-10
274                    	1.996845298339198e-05	3.877992323400289e-01	3.424941457755072e-01	1.302845563291306e-01	1.526864995383793e-05	7.123016829898143e-10
275                    	1.963561099644180e-05	4.372459012401620e-01	3.254070821065175e-01	1.238552452579328e-01	1.461683321627642e-05	6.983732751798769e-10
276                    	1.929918258407058e-05	4.023150428003839e-01	3.415196221037461e-01	1.150609211684662e-01	1.400020563608166e-05	6.844367913571897e-10
277                    	1.895975893577346e-05	2.773771688139068e-01	2.799246798300503e-01	1.092003313295752e-01	1.341450914475153e-05	6.705017137893752e-10
278                    	1.861761398590356e-05	6.507612228119304e-01	4.626807638377448e-01	1.398989195380818e-01	1.285562363637649e-05	6.565740957085259e-10
279                    	1.827359488007733e-05	5.646527197853699e-01	4.364182645868842e-01	1.145832860882744e-01	1.233369086960270e-05	6.426505064239021e-10
280                    	1.792834048611833e-05	2.566781161782536e-01	2.568882157638088e-01	1.084014565012694e-01	1.183391146753012e-05	6.287435352689977e-10
281                    	1.758164201443806e-05	5.850578589678926e-01	3.971683384488969e-01	1.180774543419960e-01	1.136093861098681e-05	6.148741984309748e-10
282                    	1.723375447249551e-05	2.858177547707353e-01	3.308149249026559e-01	1.155038721697201e-01	1.091285688663927e-05	6.010610268202195e-10
283                    	1.688499865251405e-05	4.260485018760893e-01	2.619024673512222e-01	1.055062575682543e-01	1.048671852249048e-05	5.872992962576001e-10
284                    	1.653571908590102e-05	2.030113153807290e-01	2.480913334283176e-01	1.241269338641601e-01	1.009084385882888e-05	5.736012178659207e-10
285                    	1.618643165221613e-05	5.918422818887135e-01	4.750753547293126e-01	1.566073809944954e-01	9.719257177446265e-06	5.599872244097209e-10
286                    	1.583737872753527e-05	6.465197293971460e-01	5.665375133435314e-01	1.497666718918436e-01	9.371104833079887e-06	5.464562336812161e-10
287                    	1.548881156916893e-05	3.223704696064654e-01	3.825844505167311e-01	1.376613692532200e-01	9.043628318018174e-06	5.330187703126912e-10
288                    	1.514105217896916e-05	5.464843840809958e-01	4.494724055090837e-01	1.458860717822181e-01	8.736229489249417e-06	5.196900691988243e-10
289                    	1.479440903008545e-05	5.879893253792259e-01	5.484337274512588e-01	1.521362480628304e-01	8.450408137899457e-06	5.065023383335129e-10
290                    	1.444917698086091e-05	4.626351043979529e-01	4.274086062949812e-01	1.052331849027244e-01	8.182071035865564e-06	4.934397531019047e-10
291                    	1.410563621321259e-05	3.093164925940028e-01	1.798701411925587e-01	1.249493248951769e-01	7.938299271256202e-06	4.805000715291433e-10
292                    	1.376420118321940e-05	4.183763175108048e-01	4.050475594344620e-01	1.057693001567227e-01	7.720485619561618e-06	4.676883895420151e-10
293                    	1.342527074451499e-05	1.786029965152292e-01	2.329496416472236e-01	1.032313834100604e-01	7.525246261351830e-06	4.550170442374421e-10
294                    	1.308879230103246e-05	2.987518622530012e-01	2.089442117950601e-01	1.090082092168971e-01	7.359064442595721e-06	4.425153331405880e-10
295                    	1.275499266321776e-05	3.081703254838405e-01	2.340651371359140e-01	8.308738647493984e-02	7.209084917247658e-06	4.301645530989200e-10
296                    	1.242409736652689e-05	2.349624382661571e-01	1.623205471575107e-01	9.025937781782509e-02	7.067460419775042e-06	4.179681121878989e-10
297                    	1.209636320675681e-05	2.418605643036378e-01	1.780631978887569e-01	8.827121459618771e-02	6.943756170168209e-06	4.059299275905557e-10
298                    	1.177183593478095e-05	1.459867826537729e-01	1.871943888710965e-01	9.370309420259264e-02	6.828514152860492e-06	3.940552466681246e-10
299                    	1.145066844665416e-05	2.906260375571410e-01	2.070725104652985e-01	8.184576271355273e-02	6.722820360751368e-06	3.823560754302439e-10
300                    	1.113300476849980e-05	2.262559308820490e-01	2.541573812162753e-01	1.014687641769488e-01	6.629471228322963e-06	3.708517445864998e-10
301                    	1.081898048275653e-05	3.531662551829087e-01	3.599060641455045e-01	1.252893158724357e-01	6.543906241812489e-06	3.595160403486021e-10
302                    	1.050872336566996e-05	4.512587907592022e-01	3.707491830341392e-01	1.252138238951004e-01	6.466612606768663e-06	3.483826575423354e-10
303                    	1.020235352083258e-05	3.220339489522916e-01	2.766393614293819e-01	8.464075158371431e-02	6.391719399613377e-06	3.374214391316987e-10
304                    	9.900011204028428e-06	2.291680667708283e-01	2.132097046278603e-01	8.989726650331162e-02	6.317173386191587e-06	3.266358759379678e-10
305                    	9.601862895336602e-06	3.855359496854066e-01	3.431195224315072e-01	1.124026168174692e-01	6.246780416508482e-06	3.160270933989548e-10
306                    	9.307946017291062e-06	3.494243311742233e-01	2.362723820229694e-01	9.277948445196484e-02	6.181761200340879e-06	3.056210690135195e-10
307                    	9.018315385082068e-06	2.923610221377904e-01	2.277948637064265e-01	8.169146763324257e-02	6.127128319666489e-06	2.954110033237463e-10
308                    	8.733055570503822e-06	2.008758408172412e-01	2.109152133422063e-01	9.234125054696436e-02	6.073028754535905e-06	2.853826562324247e-10
309                    	8.452244242623476e-06	3.158037905657113e-01	2.811372862368315e-01	9.447938597938896e-02	6.021512374611427e-06	2.755394814637872e-10
310                    	8.175952222514855e-06	4.941324736384699e-01	3.465927081657261e-01	1.266577764320451e-01	5.970253505666669e-06	2.659066662256246e-10
311                    	7.904243524733193e-06	3.784120786362311e-01	3.594625253213880e-01	9.496525611148066e-02	5.920622710381763e-06	2.564692444806251e-10
312                    	7.637175415770507e-06	4.511489546657184e-01	2.515351013064620e-01	1.068736185156377e-01	5.874312203455271e-06	2.472252193351775e-10
313                    	7.374825414210769e-06	3.836126166438279e-01	3.928058174742132e-01	1.125973096533059e-01	5.832092849677691e-06	2.381844348413376e-10
314                    	7.117256047767498e-06	4.579263463606301e-01	4.048263855627781e-01	1.096611206914389e-01	5.789903141029303e-06	2.293284175626233e-10
315                    	6.864554632150025e-06	4.245407109913348e-01	2.155452439097270e-01	1.116973473377889e-01	5.748678370042874e-06	2.206711722040440e-10
316                    	6.616692324535451e-06	2.501522340969238e-01	2.665324961089225e-01	1.160751160220205e-01	5.707264575768035e-06	2.122162550197998e-10
317                    	6.373647428757046e-06	5.610095474702405e-01	4.040823026560793e-01	1.671217889583011e-01	5.665323573758295e-06	2.039496475299578e-10
318                    	6.135444072170618e-06	5.311637605939391e-01	4.697208350385003e-01	1.558747709447192e-01	5.624349268831017e-06	1.959028632479518e-10
319                    	5.902130699827346e-06	3.377682773030576e-01	3.054437989132370e-01	1.288986262085550e-01	5.583853418383861e-06	1.880394562000722e-10
320                    	5.673796943246222e-06	3.261702636517932e-01	3.292664310842507e-01	1.230717112929901e-01	5.543076673284703e-06	1.803620372694212e-10
321                    	5.450322336228821e-06	2.625980394854454e-01	2.301961878126323e-01	1.029709016551911e-01	5.501226095361068e-06	1.728739998264861e-10
322                    	5.231699848763399e-06	2.069123915902291e-01	1.733015572907043e-01	9.700206072712618e-02	5.459763270210639e-06	1.655745815895659e-10
323                    	5.017922987893877e-06	2.057821188158428e-01	2.458120609649437e-01	9.599363303467344e-02	5.416851832262154e-06	1.584887622558701e-10
324                    	4.808980623660421e-06	1.764475982153407e-01	1.446477958470753e-01	1.010434835237996e-01	5.374182117090194e-06	1.515899374042801e-10
325                    	4.604857218340535e-06	2.173423962940486e-01	2.139114936403220e-01	8.559074233147504e-02	5.330989488323077e-06	1.448869889396161e-10
326                    	4.405533669299660e-06	1.992853599458732e-01	2.448210010764593e-01	9.651460481596655e-02	5.287079533927875e-06	1.383655691076784e-10
327                    	4.210986293990234e-06	3.171407299682334e-01	4.606920380323626e-01	9.822019751656330e-02	5.241984445112627e-06	1.320357596758102e-10
328                    	4.021187343286611e-06	2.807205856400373e-01	2.492653062388914e-01	1.156044270075763e-01	5.196499248483391e-06	1.258971782726792e-10
329                    	3.836804127258046e-06	4.071165025958309e-01	3.771216500208516e-01	1.048240359439170e-01	5.150303327161136e-06	1.202312533887984e-10
330                    	3.662187769003728e-06	3.890063907788813e-01	3.221093314524903e-01	1.018443955949458e-01	5.102969593448176e-06	1.150953105159574e-10
331                    	3.497145240535538e-06	3.694514448366467e-01	2.904033001957536e-01	1.111667330094543e-01	5.055384400407204e-06	1.102974460778131e-10
332                    	3.339968683663551e-06	2.461987031747640e-01	2.733028960770104e-01	1.189904375160260e-01	5.006433440480088e-06	1.059763783871746e-10
333                    	3.192585974998002e-06	4.163796211135072e-01	2.695224250849819e-01	1.069478285407896e-01	4.956969327416724e-06	1.020132255444619e-10
334                    	3.053500786723152e-06	3.028918599181518e-01	3.423548406003331e-01	1.329226948065081e-01	4.906458405962143e-06	9.835337156226160e-11
335                    	2.922066040588875e-06	3.600184127141450e-01	4.758311230464745e-01	9.731602578283957e-02	4.855092349158308e-06	9.498695260646548e-11
336                    	2.798996038949003e-06	2.952629294110251e-01	2.853417741856847e-01	1.143094258081266e-01	4.802843900360879e-06	9.193449924992994e-11
337                    	2.685296264341412e-06	3.241103358897613e-01	3.062539470803591e-01	8.834712969712272e-02	4.750085973448982e-06	8.916406708587044e-11
338                    	2.578472402112249e-06	4.655359917085237e-01	3.621110418699682e-01	1.422762288619719e-01	4.696229884474331e-06	8.655185322916560e-11
339                    	2.477523282465194e-06	5.620310314970296e-01	5.514973283872846e-01	1.599256027098117e-01	4.641864979482839e-06	8.407861320394114e-11
340                    	2.381990694120825e-06	6.489832442918123e-01	5.047917300275514e-01	1.249231267389137e-01	4.586391051666305e-06	8.183563849227345e-11
341                    	2.292020059113116e-06	4.164800010325923e-01	4.251489430792880e-01	1.624021914895397e-01	4.530299962044546e-06	7.973588434816827e-11
342                    	2.207971317383764e-06	6.432328041917412e-01	6.291144116516765e-01	1.544949926234017e-01	4.473562673255837e-06	7.773477974765277e-11
343                    	2.127918770747856e-06	5.592113408132758e-01	3.719186670734306e-01	1.117665080111623e-01	4.416038364982963e-06	7.583579012950022e-11
344                    	2.052698690590302e-06	5.029056585565616e-01	4.655649641663074e-01	1.686777691031541e-01	4.357987272460412e-06	7.401829243967027e-11
345                    	1.980398073364349e-06	6.724663565252309e-01	6.197067655244272e-01	1.929980874737286e-01	4.299175672665363e-06	7.233711762955830e-11
346                    	1.911935153222675e-06	6.581981083442516e-01	6.035328997865580e-01	1.601318945250502e-01	4.239780564262445e-06	7.076148345730133e-11
347                    	1.847553657929120e-06	3.434411583427998e-01	4.550909600557502e-01	1.128026378575391e-01	4.179788461770277e-06	6.928279567673543e-11
348                    	1.786505517881465e-06	5.672639448229085e-01	4.370610472995192e-01	1.516606859613215e-01	4.119261228629899e-06	6.786155906112487e-11
349                    	1.728748045479231e-06	5.527368110215342e-01	4.056081085809425e-01	1.384359993899291e-01	4.058262336174006e-06	6.650072204790447e-11
350                    	1.673192916312029e-06	2.648505817190513e-01	2.893024961127590e-01	1.318426345701974e-01	3.996746842124296e-06	6.518855429782378e-11
351                    	1.620029877214236e-06	3.167097844343298e-01	3.325836323067137e-01	1.105683535687695e-01	3.934913430360722e-06	6.395521454263039e-11
352                    	1.569771393863908e-06	4.165452141848041e-01	3.307125407562932e-01	1.446166116544296e-01	3.872679107833991e-06	6.277968387140163e-11
353                    	1.522357244395183e-06	5.542756933534034e-01	3.501669970702178e-01	1.148774374751035e-01	3.809997024820617e-06	6.163262879206341e-11
354                    	1.477383357654170e-06	4.471543835372923e-01	2.821555523595374e-01	1.059777687067730e-01	3.747295222467697e-06	6.052228411760349e-11
355                    	1.434442322917199e-06	2.961442454146280e-01	3.128924799769366e-01	1.242805473086033e-01	3.684189144764601e-06	5.943884652585714e-11
356                    	1.392723124728053e-06	3.894441933489736e-01	3.202947908304303e-01	9.562595187968667e-02	3.620946186858508e-06	5.840955940548085e-11
357                    	1.353741696703357e-06	2.418800324747974e-01	2.016946482725095e-01	8.703275686800246e-02	3.557602949545058e-06	5.743094551465658e-11
358                    	1.317030225121684e-06	3.902086639465662e-01	2.379395002263308e-01	1.056144294750394e-01	3.494136655415275e-06	5.648395443299395e-11
359                    	1.282805054830809e-06	2.995543143442032e-01	3.009963340017722e-01	9.165594756840949e-02	3.430627539815160e-06	5.555695717107001e-11
360                    	1.251001304499582e-06	3.220554061041073e-01	1.747829598716916e-01	1.167726863000716e-01	3.367171335362547e-06	5.465335883049341e-11
361                    	1.221140553168854e-06	4.564495941112336e-01	2.593283871626395e-01	9.823157106675143e-02	3.303655058383392e-06	5.378881577181176e-11
362                    	1.193729821665761e-06	3.092481500292152e-01	3.527220618267745e-01	1.109334726122447e-01	3.240305068123133e-06	5.295709411345817e-11
363                    	1.168863194430700e-06	2.985213856302961e-01	2.382343167025374e-01	1.079919085734780e-01	3.177030966988371e-06	5.215464826238124e-11
364                    	1.146976903920885e-06	4.032730106623162e-01	2.744671993571124e-01	1.266046853666731e-01	3.113887603415263e-06	5.138367794447588e-11
365                    	1.127022589377916e-06	2.826013033954249e-01	3.363983523960381e-01	1.105210654581394e-01	3.050991063135787e-06	5.062270111538852e-11
366                    	1.109446131845883e-06	2.661600615520567e-01	2.674403967476776e-01	9.123629754384416e-02	2.988327852342476e-06	4.987419847832356e-11
367                    	1.093831752605786e-06	2.195210653310952e-01	2.082450125931432e-01	9.584455216553529e-02	2.925804330732224e-06	4.915791056031444e-11
368                    	1.079515416626344e-06	2.955600055760151e-01	2.948001680870899e-01	9.706366463104320e-02	2.863682447798666e-06	4.846635367033630e-11
369                    	1.067503201007418e-06	2.675207149715964e-01	2.552692593108402e-01	9.228366439761974e-02	2.801799331159388e-06	4.778965266609667e-11
370                    	1.057451908138559e-06	2.675603884507822e-01	3.199000090415591e-01	1.024949604065973e-01	2.740203684681852e-06	4.713351997305020e-11
371                    	1.048526887110393e-06	3.318153698053171e-01	2.070057555167752e-01	8.992045902834682e-02	2.679059392139671e-06	4.649094869551783e-11
372                    	1.041706919839896e-06	2.213826944470439e-01	5.078859485209608e-01	1.049369920919726e-01	2.618230036609308e-06	4.587058568959209e-11
373                    	1.034634732899819e-06	5.609379468347377e-01	3.301885449106905e-01	1.465804119691195e-01	2.557800481202379e-06	4.526708268552238e-11
374                    	1.030322607417625e-06	5.639493612963705e-01	4.452259880589731e-01	1.252212377041594e-01	2.497864006775320e-06	4.467066689247158e-11
375                    	1.025794851793553e-06	3.645836464063237e-01	3.860888436870171e-01	9.234708872319801e-02	2.438326567509838e-06	4.408941544303996e-11
376                    	1.020892443137197e-06	3.402171157021273e-01	2.717069505842033e-01	1.146624420722133e-01	2.379311539459177e-06	4.351168931772051e-11
377                    	1.015662912750249e-06	4.583568822710715e-01	2.877368757781557e-01	9.368384085418673e-02	2.320799932103558e-06	4.294961529514793e-11
378                    	1.010115783652342e-06	1.982002287735652e-01	1.811603213705656e-01	9.935423516543228e-02	2.262791946475074e-06	4.239894651322661e-11
379                    	1.004429332326172e-06	3.338066136899205e-01	3.312454346710741e-01	9.991638474446629e-02	2.205387620672518e-06	4.185545064235496e-11
380                    	9.984765019910834e-07	3.031678025161046e-01	2.175171507850426e-01	8.975821389403529e-02	2.148536812358661e-06	4.131797807294183e-11
381                    	9.922328801770416e-07	4.547829885263567e-01	2.896285155391467e-01	1.066474313324329e-01	2.092299039657231e-06	4.078187320311487e-11
382                    	9.855891431641667e-07	2.956068871469383e-01	2.325803343610582e-01	1.056731624513414e-01	2.036669528600033e-06	4.026138143369357e-11
383                    	9.788093955021194e-07	3.059516736135593e-01	2.666907728570241e-01	8.614586470348246e-02	1.981692357838813e-06	3.974681827544401e-11
384                    	9.717599485495765e-07	2.781949898075267e-01	1.740739497669082e-01	9.759814201808044e-02	1.927367819128083e-06	3.923316555994227e-11
385                    	9.643752753104882e-07	3.254014326865892e-01	2.501788791876534e-01	9.639573075927312e-02	1.873726190166526e-06	3.872689116734594e-11
386                    	9.567933737382838e-07	2.540024433345076e-01	2.737007359282547e-01	9.246150309993231e-02	1.820768947425895e-06	3.823528247655863e-11
387                    	9.490567561029420e-07	2.504913710039718e-01	1.872033982928510e-01	9.533915116692342e-02	1.768526709853911e-06	3.774663265813348e-11
388                    	9.410364762773666e-07	3.495390103801779e-01	3.532418792268199e-01	9.196364048413738e-02	1.716999653400944e-06	3.725634077822255e-11
389                    	9.327619610378172e-07	2.197162567096589e-01	1.742228864960811e-01	9.949764965559384e-02	1.666204750444396e-06	3.677336778208198e-11
390                    	9.242476184509985e-07	2.306213515346180e-01	2.113091009273310e-01	9.056295815516287e-02	1.616155508149329e-06	3.629581931607306e-11
391                    	9.156741763437765e-07	2.488523586175593e-01	2.187397461992406e-01	9.658602124597250e-02	1.566853452981932e-06	3.582230225277603e-11
392                    	9.068719829129613e-07	4.777706183008960e-01	3.231667459783383e-01	1.227471395522039e-01	1.518316192265959e-06	3.534963929417722e-11
393                    	8.978902704395311e-07	5.299388432407752e-01	4.791850603162882e-01	1.211201237050393e-01	1.470548432405123e-06	3.487947929819170e-11
394                    	8.888431281208545e-07	3.045826990145262e-01	3.700011033016071e-01	1.008068169749924e-01	1.423555908059472e-06	3.441251575014818e-11
395                    	8.796946487803522e-07	4.178959400121253e-01	4.062906235396820e-01	1.205995574725789e-01	1.377346201568820e-06	3.395012693941467e-11
396                    	8.703727092577107e-07	5.488893408643578e-01	5.167188429925399e-01	1.218596080118979e-01	1.331926294556810e-06	3.349084753982990e-11
397                    	8.609398285502780e-07	4.355040223716515e-01	3.436395260716908e-01	1.024601832299418e-01	1.287300090974182e-06	3.303465638749571e-11
398                    	8.514749970929420e-07	3.053716107760086e-01	2.661569954548078e-01	1.046450425656618e-01	1.243472387864040e-06	3.258312473124437e-11
399                    	8.419443946043738e-07	3.839107761549929e-01	2.150990869996129e-01	1.000946896863416e-01	1.200447026902429e-06	3.213623282378765e-11
400                    	8.323705647025146e-07	4.781174867926626e-01	2.165181912812431e-01	1.027469936114441e-01	1.158227776755170e-06	3.169638068054432e-11
401                    	8.228094041793417e-07	4.651071664783094e-01	2.463569283354579e-01	9.436318106609248e-02	1.116817618820517e-06	3.126077608760998e-11
402                    	8.132944884561759e-07	2.416812670115011e-01	2.219680574217073e-01	8.758283344479183e-02	1.076219118999372e-06	3.082724962482817e-11
403                    	8.038774201561799e-07	4.041281087028870e-01	2.492663771122762e-01	1.095362094239871e-01	1.036434225919708e-06	3.039428114580842e-11
404                    	7.946125253241070e-07	4.055007200228022e-01	2.546864241010743e-01	1.008434012729818e-01	9.974642186760494e-07	2.996246754563497e-11
