5 	0.00848137685241546 	-2.77555756156289e-17 	0.0541810350732391 	-0.000297615160429818 	0.000264122589701187 	0.0541810350732391 	-0.000297615160429818 	0.000264122589701187
5 	0.0257121859855926 	-1.73472347597681e-17 	0.114647546839526 	-0.00183058443354379 	0.000483839930092602 	0.114647546839526 	-0.00183058443354379 	0.000483839930092602
5 	0.0434875779150913 	-1.73472347597681e-17 	0.142637147591895 	-0.00389740361104299 	0.000589953156032198 	0.142637147591895 	-0.00389740361104299 	0.000589953156032198
5 	0.0618247642773334 	-1.73472347597681e-17 	0.159113616338902 	-0.00623803531939012 	0.000631515892643864 	0.159113616338902 	-0.00623803531939012 	0.000631515892643864
5 	0.0807415006855795 	-1.38777878078145e-17 	0.170983208702478 	-0.00870500920399287 	0.00051310699256456 	0.170983208702478 	-0.00870500920399287 	0.00051310699256456
5 	0.100256103922415 	-2.08166817117217e-17 	0.180815496424949 	-0.0112825770511422 	0.000389285784690168 	0.180815496424949 	-0.0112825770511422 	0.000389285784690168
5 	0.120387469675606 	-2.77555756156289e-17 	0.189832890735283 	-0.0139804877922555 	0.000221270021286937 	0.189832890735283 	-0.0139804877922555 	0.000221270021286937
5 	0.141155090834502 	-2.77555756156289e-17 	0.198748430162012 	-0.0167535947267777 	3.33632047763812e-05 	0.198748430162012 	-0.0167535947267777 	3.33632047763812e-05
5 	0.162579076364696 	-3.12250225675825e-17 	0.207892182965118 	-0.0196023628383741 	-0.000217055883856811 	0.207892182965118 	-0.0196023628383741 	-0.000217055883856811
5 	0.184680170779227 	-3.81639164714898e-17 	0.217575361324255 	-0.0225229408163587 	-0.000701498048441856 	0.217575361324255 	-0.0225229408163587 	-0.000701498048441856
5 	0.207479774225169 	-4.5102810375397e-17 	0.227740762755956 	-0.0254536280518729 	-0.00121028135045392 	0.227740762755956 	-0.0254536280518729 	-0.00121028135045392
5 	0.23099996320506 	-4.5102810375397e-17 	0.238630597507487 	-0.0283928873598334 	-0.00162714187603034 	0.238630597507487 	-0.0283928873598334 	-0.00162714187603034
5 	0.255263511953241 	-4.16333634234434e-17 	0.250576020400361 	-0.031388168228592 	-0.00184297580964817 	0.250576020400361 	-0.031388168228592 	-0.00184297580964817
5 	0.28029391448779 	-3.81639164714898e-17 	0.263629793866325 	-0.0344165381508628 	-0.00191005332822937 	0.263629793866325 	-0.0344165381508628 	-0.00191005332822937
5 	0.306115407359419 	-4.16333634234434e-17 	0.277768412384825 	-0.037407259746484 	-0.00183325572705768 	0.277768412384825 	-0.037407259746484 	-0.00183325572705768
5 	0.332752993119348 	-4.5102810375397e-17 	0.293033129174351 	-0.0403521926783555 	-0.00159890054933478 	0.293033129174351 	-0.0403521926783555 	-0.00159890054933478
5 	0.360232464528887 	-3.81639164714898e-17 	0.309433943647122 	-0.0431949570014598 	-0.0011888620345653 	0.309433943647122 	-0.0431949570014598 	-0.0011888620345653
5 	0.38858042953417 	-3.46944695195361e-17 	0.327062599968143 	-0.045928828431356 	-0.000791485825457394 	0.327062599968143 	-0.045928828431356 	-0.000791485825457394
5 	0.417824337030214 	-3.12250225675825e-17 	0.346130835234125 	-0.0485795315420338 	-0.000539326755786377 	0.346130835234125 	-0.0485795315420338 	-0.000539326755786377
5 	0.447992503439259 	-2.42861286636753e-17 	0.366768861791101 	-0.0512067329857689 	-0.00040643012467956 	0.366768861791101 	-0.0512067329857689 	-0.00040643012467956
5.00000000000001 	0.479114140129123 	-2.77555756156289e-17 	0.389094829548757 	-0.0538085770653664 	-0.000193669953148709 	0.389094829548757 	-0.0538085770653664 	-0.000193669953148709
5.00000000000001 	0.511219381698112 	-2.77555756156289e-17 	0.413143257110496 	-0.056283021020094 	0.000210175921479405 	0.413143257110496 	-0.056283021020094 	0.000210175921479405
5.00000000000001 	0.544339315153888 	-2.14502623562679e-17 	0.438571042308454 	-0.0586478701025334 	0.000707935136721399 	0.438571042308454 	-0.0586478701025334 	0.000707935136721399
5.00000000000001 	0.578506010014537 	-1.77097648611929e-17 	0.465456450788907 	-0.0608448731168524 	0.00114575078214934 	0.465456450788907 	-0.0608448731168524 	0.00114575078214934
5 	0.613752549360983 	-4.06575814682064e-18 	0.493715716101011 	-0.0628296590760436 	0.00128987523881561 	0.493715716101011 	-0.0628296590760436 	0.00128987523881561
5 	0.650113061870825 	2.92734586571086e-18 	0.523178911500045 	-0.0645882440458884 	0.00112289960864422 	0.523178911500045 	-0.0645882440458884 	0.00112289960864422
5.00000000000001 	0.687622754864604 	6.83047368665868e-18 	0.553445037792079 	-0.0661079971917531 	0.000671766181243071 	0.553445037792079 	-0.0661079971917531 	0.000671766181243071
5 	0.726317948396508 	1.06251812903579e-17 	0.584460790144672 	-0.0673914765260627 	0.000259540376238815 	0.584460790144672 	-0.0673914765260627 	0.000259540376238815
5 	0.766236110422517 	1.25767452008319e-17 	0.615397943702962 	-0.068469654308265 	0.000394490535836426 	0.615397943702962 	-0.068469654308265 	0.000394490535836426
5 	0.807415893080043 	2.49366499671666e-17 	0.64632207604603 	-0.0693495148279707 	0.000465974514906327 	0.64632207604603 	-0.0693495148279707 	0.000465974514906327
5 	0.849897170114196 	2.90566182226115e-17 	0.676335587573568 	-0.0699784401358641 	0.000221427539617297 	0.676335587573568 	-0.0699784401358641 	0.000221427539617297
5 	0.893721075486911 	2.60208521396521e-17 	0.705020838589031 	-0.0704901802832006 	0.00028841335481269 	0.705020838589031 	-0.0704901802832006 	0.00028841335481269
5 	0.938930043206331 	2.29850860566927e-17 	0.731659861746465 	-0.0708657365741513 	0.000390326612965184 	0.731659861746465 	-0.0708657365741513 	0.000390326612965184
5 	0.985567848414992 	2.21177243187043e-17 	0.756526366202659 	-0.0711724893603176 	0.000363680325043157 	0.756526366202659 	-0.0711724893603176 	0.000363680325043157
5 	1.03367964977662 	2.21177243187043e-17 	0.778979988312493 	-0.0713920863525924 	0.000401845067676455 	0.778979988312493 	-0.0713920863525924 	0.000401845067676455
5 	1.08331203320257 	2.55871712706579e-17 	0.799241471231118 	-0.0716083519366164 	0.000265405991393815 	0.799241471231118 	-0.0716083519366164 	0.000265405991393815
5 	1.13451305696023 	3.42607886505419e-17 	0.8177564547764 	-0.0718253402521347 	3.3926708713404e-05 	0.8177564547764 	-0.0718253402521347 	3.3926708713404e-05
5 	1.18733229820708 	4.55364912443912e-17 	0.834160842420648 	-0.0719515393378484 	-8.41913859885636e-05 	0.834160842420648 	-0.0719515393378484 	-8.41913859885636e-05
5 	1.24182090099555 	4.38017677684144e-17 	0.849166774634517 	-0.0720511984059565 	-0.000218749076808102 	0.849166774634517 	-0.0720511984059565 	-0.000218749076808102
5 	1.29803162579495 	3.29597460435593e-17 	0.863076347849792 	-0.0721303276876309 	-0.000322393168957528 	0.863076347849792 	-0.0721303276876309 	-0.000322393168957528
5 	1.35601890057861 	3.03576608295941e-17 	0.875658944611826 	-0.0720576676384265 	-0.000308452143115816 	0.875658944611826 	-0.0720576676384265 	-0.000308452143115816
5 	1.4158388735257 	3.38271077815477e-17 	0.886899623685503 	-0.0718965248473123 	-0.000249788809287616 	0.886899623685503 	-0.0718965248473123 	-0.000249788809287616
5 	1.47754946738859 	3.72965547335014e-17 	0.896553770626752 	-0.0716424280161569 	-0.00019663797620695 	0.896553770626752 	-0.0716424280161569 	-0.00019663797620695
5 	1.54121043557859 	2.68882138776405e-17 	0.904222782988992 	-0.0711410458852443 	-0.000168016780836395 	0.904222782988992 	-0.0711410458852443 	-0.000168016780836395
5 	1.60688342002421 	2.16840434497101e-17 	0.910300179556939 	-0.0705602296591852 	-0.000105736148826694 	0.910300179556939 	-0.0705602296591852 	-0.000105736148826694
5 	1.67463201085811 	2.08166817117217e-17 	0.914972456139017 	-0.0698782404049705 	-5.13131364528627e-05 	0.914972456139017 	-0.0698782404049705 	-5.13131364528627e-05
5 	1.74452180799045 	1.21430643318376e-17 	0.918369435657236 	-0.0689990844940587 	-1.87666811561119e-05 	0.918369435657236 	-0.0689990844940587 	-1.87666811561119e-05
5 	1.81662048462825 	7.80625564189563e-18 	0.920823864046874 	-0.068155697616415 	-9.10103703298575e-06 	0.920823864046874 	-0.068155697616415 	-9.10103703298575e-06
5 	1.8909978528023 	1.64798730217797e-17 	0.922642318055565 	-0.067182156769481 	-7.46548073906829e-06 	0.922642318055565 	-0.067182156769481 	-7.46548073906829e-06
5 	1.96772593096508 	2.60208521396521e-17 	0.924033556813561 	-0.0661428268934909 	-7.58068944041483e-07 	0.924033556813561 	-0.0661428268934909 	-7.58068944041483e-07
5 	2.0468790137251 	2.60208521396521e-17 	0.925238303067301 	-0.0651766683957146 	2.1300230810215e-06 	0.925238303067301 	-0.0651766683957146 	2.1300230810215e-06
5 	2.12853374378525 	2.77555756156289e-17 	0.926276808621225 	-0.0640213666361239 	1.16738378803752e-06 	0.926276808621225 	-0.0640213666361239 	1.16738378803752e-06
5 	2.2127691861547 	3.12250225675825e-17 	0.927326559747352 	-0.0629711268557407 	4.2705758300928e-07 	0.927326559747352 	-0.0629711268557407 	4.2705758300928e-07
5 	2.29966690470632 	2.60208521396521e-17 	0.928277818160455 	-0.061852698052845 	2.0056194041724e-08 	0.928277818160455 	-0.061852698052845 	2.0056194041724e-08
5 	2.38931104115376 	1.73472347597681e-17 	0.929196104700754 	-0.060668523947738 	-1.20033957135217e-07 	0.929196104700754 	-0.060668523947738 	-1.20033957135217e-07
5 	2.48178839652453 	1.04083408558608e-17 	0.930222141952435 	-0.0596146024446887 	-2.38639241676778e-08 	0.930222141952435 	-0.0596146024446887 	-2.38639241676778e-08
5 	2.57718851520809 	8.67361737988404e-18 	0.931199033941668 	-0.0583371695744638 	4.59875068075964e-08 	0.931199033941668 	-0.0583371695744638 	4.59875068075964e-08
5 	2.67560377166032 	1.21430643318376e-17 	0.932197558240753 	-0.0572107084353025 	4.56806213431324e-08 	0.932197558240753 	-0.0572107084353025 	4.56806213431324e-08
5 	2.77712945984825 	8.67361737988404e-18 	0.933104044688755 	-0.0559782532591612 	3.43153413692858e-08 	0.933104044688755 	-0.0559782532591612 	3.43153413692858e-08
5 	2.88186388552171 	6.93889390390723e-18 	0.934068185377003 	-0.0547314625726484 	2.27386133653347e-08 	0.934068185377003 	-0.0547314625726484 	2.27386133653347e-08
5 	2.98990846140133 	1.04083408558608e-17 	0.935117793942785 	-0.0535516333629424 	1.28409581919104e-08 	0.935117793942785 	-0.0535516333629424 	1.28409581919104e-08
5 	3.10136780537485 	6.93889390390723e-18 	0.936088480933925 	-0.0521861850011218 	8.60846481347313e-09 	0.936088480933925 	-0.0521861850011218 	8.60846481347313e-09
5 	3.21634984179699 	-1.73472347597681e-18 	0.937068479335406 	-0.0510304919795597 	4.14622401747243e-09 	0.937068479335406 	-0.0510304919795597 	4.14622401747243e-09
5 	3.33496590599099 	-1.04083408558608e-17 	0.937937877590943 	-0.0496578709750802 	2.98933196673656e-09 	0.937937877590943 	-0.0496578709750802 	2.98933196673656e-09
5 	3.45733085205282 	-1.04083408558608e-17 	0.938941256173785 	-0.0483963610491494 	2.08046799496042e-09 	0.938941256173785 	-0.0483963610491494 	2.08046799496042e-09
5 	3.58356316406265 	-1.38777878078145e-17 	0.93995804062759 	-0.0470733811277233 	1.36969315579322e-09 	0.93995804062759 	-0.0470733811277233 	1.36969315579322e-09
5 	3.71378507081114 	-2.42861286636753e-17 	0.940916290191437 	-0.0457229894014837 	4.95291206525023e-10 	0.940916290191437 	-0.0457229894014837 	4.95291206525023e-10
5 	3.84812266415166 	-1.38777878078145e-17 	0.941831775288022 	-0.0444173213670337 	6.81790034490302e-11 	0.941831775288022 	-0.0444173213670337 	6.81790034490302e-11
5 	3.98670602109313 	3.46944695195361e-18 	0.942704682043338 	-0.042994331636885 	0 	0.942704682043338 	-0.042994331636885 	0
5 	4.12966932975153 	6.93889390390723e-18 	0.943704859917342 	-0.0417160353342521 	1.37909622663475e-11 	0.943704859917342 	-0.0417160353342521 	1.37909622663475e-11
5 	4.27715101928216 	1.04083408558608e-17 	0.944657063878817 	-0.0402649597766248 	1.3864461826534e-10 	0.944657063878817 	-0.0402649597766248 	1.3864461826534e-10
5 	4.4292938939185 	1.04083408558608e-17 	0.945588082423561 	-0.038907798323885 	2.81870644433973e-10 	0.945588082423561 	-0.038907798323885 	2.81870644433973e-10
5 	4.58624527124729 	1.04083408558608e-17 	0.946439290027499 	-0.0374915292361006 	1.75997461330154e-10 	0.946439290027499 	-0.0374915292361006 	1.75997461330154e-10
5 	4.71557360476392 	6.93889390390723e-18 	0.947110800026664 	-0.0363540081082294 	7.04953361980845e-12 	0.947110800026664 	-0.0363540081082294 	7.04953361980845e-12
5 	4.79778894286175 	6.93889390390723e-18 	0.94754272077754 	-0.0356730917883102 	-1.53025303044198e-10 	0.94754272077754 	-0.0356730917883102 	-1.53025303044198e-10
