5 	0.00848137685241546 	-2.77555756156289e-17 	0.065770095182076 	79.4200567837343 	0.000383612627805087 	0.0014942044562362 	-0.00111059182843111 	0.000385533357464539 	0.0372555129194049 	0.00635761480118503
5 	0.0257121859855926 	-1.73472347597681e-17 	0.0657114117031443 	28.2960531431588 	0.000721934121674018 	0.00339751106704322 	-0.0026755769453692 	0.000648780714423224 	0.0358814561410924 	0.0146481353472772
5 	0.0434875779150913 	-1.73472347597681e-17 	0.0655462627906052 	14.5346257913073 	0.000296035022388682 	0.00193645182902754 	-0.00164041680663886 	0.000260346116760485 	0.0228209040081091 	0.0177377532258633
5 	0.0618247642773334 	-1.73472347597681e-17 	0.0652924468038394 	9.33870703634875 	0.000236307705287632 	0.00135294817977352 	-0.00111664047448589 	0.000219349041467846 	0.015262674234872 	0.0193315320267277
5 	0.0807415006855795 	-1.38777878078145e-17 	0.0650164990214952 	6.74596895454809 	0.000355687984406671 	0.00119323443863748 	-0.000837546454230807 	0.000333084900142579 	0.0107148600482261 	0.0204145957734992
5 	0.100256103922415 	-2.08166817117217e-17 	0.0647474045239158 	5.26196262558957 	0.000557361258679979 	0.00122526095560453 	-0.00066789969692455 	0.000543274280740141 	0.00700596075674588 	0.0212987616761305
5 	0.120387469675606 	-2.77555756156289e-17 	0.0644927037879439 	4.35793427078954 	0.00082405212047958 	0.00137108317341732 	-0.000547031052937739 	0.000824165803567077 	0.00498006640705037 	0.0221776495701938
5 	0.141155090834502 	-2.77555756156289e-17 	0.0642565308077113 	3.78391103356391 	0.00114325925768771 	0.00158754560717106 	-0.000444286349483349 	0.00115112875658733 	0.00406232676136405 	0.02308424127405
5 	0.162579076364696 	-3.12250225675825e-17 	0.0640413838659181 	3.40840949118583 	0.00151161175746322 	0.00185722499091305 	-0.000345613233449827 	0.00153732510008272 	0.00322351790640368 	0.0239958594423248
5 	0.184680170779227 	-3.81639164714898e-17 	0.0638478334100856 	3.16155906556605 	0.0019060827274216 	0.00213557895874617 	-0.00022949623132457 	0.00192929278362667 	0.00261183275293286 	0.0249112299722094
5 	0.207479774225169 	-4.5102810375397e-17 	0.0636750301736469 	3.00339836020147 	0.0023113901710725 	0.00240928773226166 	-9.78975611891558e-05 	0.00230931523384015 	0.00222467013627918 	0.0258312114483544
5 	0.23099996320506 	-4.5102810375397e-17 	0.0635213548694773 	2.90910328654873 	0.00278488546205095 	0.00276020314361657 	2.46823184343859e-05 	0.00277946222379178 	0.00265552576254867 	0.02675354788234
5 	0.255263511953241 	-4.16333634234434e-17 	0.0633846871537263 	2.85778882013056 	0.0033164426935085 	0.00316224833775902 	0.000154194355749472 	0.00333841398729679 	0.00211384333185198 	0.0276208100073767
5 	0.28029391448779 	-3.81639164714898e-17 	0.0632616297020821 	2.83999127066157 	0.00386550536179266 	0.00353509269713621 	0.000330412664656456 	0.00390354465096194 	0.0013605206449189 	0.0284396323851691
5 	0.306115407359419 	-4.16333634234434e-17 	0.0631482128044807 	2.85013685483059 	0.00441051101334122 	0.00387619812425163 	0.000534312889089591 	0.00444821750818056 	0.000505371887991599 	0.0292308734473142
5 	0.332752993119348 	-4.5102810375397e-17 	0.0630566099563911 	2.88476291245231 	0.00495103046411723 	0.00419377534254957 	0.000757255121567661 	0.00498219602019025 	0.00116723742264073 	0.0300267541421817
5 	0.360232464528887 	-3.81639164714898e-17 	0.0630147380241392 	2.93356394297649 	0.00548944600093558 	0.00449606983191588 	0.000993376169019697 	0.00549507101756532 	0.00210036336401837 	0.0307523710260895
5 	0.38858042953417 	-3.46944695195361e-17 	0.0630157629871792 	2.98574705622716 	0.00603417642474786 	0.00483342703542271 	0.00120074938932515 	0.00601667173414839 	0.00167815087435229 	0.0313089023837085
5 	0.417824337030214 	-3.12250225675825e-17 	0.0630146828058035 	3.04024461257417 	0.00657996337013025 	0.00521311459133374 	0.00136684877879651 	0.00656246827810025 	0.0016730581686153 	0.0317089046350078
5 	0.447992503439259 	-2.42861286636753e-17 	0.062986335567841 	3.09258504865222 	0.0071103121347275 	0.00561506048576657 	0.00149525164896093 	0.00711033973909112 	0.00156943066203058 	0.0319218872049565
5.00000000000001 	0.479114140129123 	-2.77555756156289e-17 	0.0629344551950047 	3.13838842880947 	0.00760114680280823 	0.00600069581437666 	0.00160045098843157 	0.00758299470354702 	0.00154313816425772 	0.0319210476242885
5.00000000000001 	0.511219381698112 	-2.77555756156289e-17 	0.062865831116797 	3.17351246802009 	0.00796366092029548 	0.00624621632623134 	0.00171744459406414 	0.0079474040127616 	0.00144353537858746 	0.0316780375143343
5.00000000000001 	0.544339315153888 	-2.14502623562679e-17 	0.0627813952457681 	3.19539843348514 	0.00816793476002255 	0.00637209934500573 	0.00179583541501682 	0.00816090111517221 	0.00163860799850622 	0.0311776372463439
5.00000000000001 	0.578506010014537 	-1.77097648611929e-17 	0.0626765232637949 	3.20048447941506 	0.00826092455612418 	0.00643206867139951 	0.00182885588472467 	0.00825988124774043 	0.00223604025757352 	0.0303799942957249
5 	0.613752549360983 	-4.06575814682064e-18 	0.0625460385378125 	3.18553190991993 	0.00818600016719161 	0.00636220142682631 	0.0018237987403653 	0.0081932449065466 	0.00219777317445017 	0.0292134279754527
5 	0.650113061870825 	2.92734586571086e-18 	0.0623859718339086 	3.15363415923061 	0.00788177877136334 	0.00611732968147002 	0.00176444908989332 	0.00788488238287354 	0.00243113503976223 	0.0277119871022443
5.00000000000001 	0.687622754864604 	6.83047368665868e-18 	0.0621935805683399 	3.1017567435476 	0.00738404380482768 	0.00573337458394246 	0.00165066922088522 	0.00737575236792576 	0.00274740102725968 	0.0258728291245084
5 	0.726317948396508 	1.06251812903579e-17 	0.0619691668268036 	3.02485133796121 	0.00668941455607053 	0.00516878950114187 	0.00152062505492867 	0.0066915250209484 	0.0030480342260939 	0.0237020417800179
5 	0.766236110422517 	1.25767452008319e-17 	0.0617168843790831 	2.91466326206811 	0.00584241525368146 	0.00450248199738481 	0.00133993325629665 	0.00584739513617434 	0.00269101305534871 	0.0212160488005285
5 	0.807415893080043 	2.49366499671666e-17 	0.0614427197252764 	2.76919794634968 	0.00491819385821201 	0.00379312141223264 	0.00112507244597937 	0.00491752233666846 	0.00294518429544091 	0.0185840614568141
5 	0.849897170114196 	2.90566182226115e-17 	0.0611571787932291 	2.58225516227733 	0.0039282776235403 	0.00304576597669477 	0.000882511646845534 	0.00392786392814634 	0.00308723949999696 	0.0158932318137128
5 	0.893721075486911 	2.60208521396521e-17 	0.0608781422261416 	2.34483961218959 	0.00297678193942583 	0.0023439017471896 	0.000632880192236225 	0.00297823752706799 	0.00273414965723818 	0.0132187693819475
5 	0.938930043206331 	2.29850860566927e-17 	0.0605960601337932 	2.06067208968331 	0.00216644882707338 	0.00177517313365773 	0.000391275693415649 	0.00216608784928984 	0.00264934750666969 	0.0107335132481022
5 	0.985567848414992 	2.21177243187043e-17 	0.0602954551773999 	1.74821134326039 	0.00151391153411525 	0.00132875330640076 	0.000185158227714484 	0.00151300022033758 	0.00218201207346242 	0.00851714097841206
5 	1.03367964977662 	2.21177243187043e-17 	0.0599857911586064 	1.44410638871915 	0.00101893148347431 	0.000978900397972358 	4.00310855019482e-05 	0.00101853443272755 	0.00183018142090191 	0.006698102269979
5 	1.08331203320257 	2.55871712706579e-17 	0.0596712590855884 	1.17735304742116 	0.000678686744931466 	0.000717968279401681 	-3.92815344702149e-05 	0.00067992094891087 	0.00140660474080775 	0.00525119295516572
5 	1.13451305696023 	3.42607886505419e-17 	0.059349352103688 	0.963751717531936 	0.000443152289519749 	0.00048933139800396 	-4.61791084842109e-05 	0.000443059240890378 	0.000964239549977761 	0.00412425563846799
5 	1.18733229820708 	4.55364912443912e-17 	0.0590202587590472 	0.810047510597108 	0.000295437829922996 	0.000340997058299708 	-4.55592283767118e-05 	0.000294890475509882 	0.000729898262020836 	0.00329435034221726
5 	1.24182090099555 	4.38017677684144e-17 	0.0586863931115264 	0.703160648993014 	0.000202212487739544 	0.000247113388315329 	-4.4900900575785e-05 	0.000202736924022855 	0.000513642708461684 	0.00264209882815172
5 	1.29803162579495 	3.29597460435593e-17 	0.0583502264207194 	0.625929276306345 	0.000137917085751364 	0.000180406700321828 	-4.2489614570464e-05 	0.00013791511804754 	0.000360777541125247 	0.00211263521565907
5 	1.35601890057861 	3.03576608295941e-17 	0.0580133946816764 	0.56589802629983 	9.28321773280983e-05 	0.000130656341211722 	-3.78241638836239e-05 	9.24767646577969e-05 	0.00028224734160735 	0.00167495401141671
5 	1.4158388735257 	3.38271077815477e-17 	0.0576761822139353 	0.514555129193715 	5.93760730727649e-05 	9.207316325458e-05 	-3.26970901818151e-05 	5.96707098051856e-05 	0.000208284475792714 	0.00129520081270607
5 	1.47754946738859 	3.72965547335014e-17 	0.0573381699013306 	0.470975875787058 	3.44290067282337e-05 	5.20499470095442e-05 	-1.76209402813105e-05 	3.44412566346336e-05 	0.000148341129553486 	0.000970079590832079
5 	1.54121043557859 	2.68882138776405e-17 	0.0569962165766051 	0.440071565597484 	1.855884428165e-05 	2.6216378281391e-05 	-7.65753399974099e-06 	1.83988471456645e-05 	0.000123706128432395 	0.000709359911945017
5 	1.60688342002421 	2.16840434497101e-17 	0.0566507597279196 	0.426531663347403 	9.15428156056941e-06 	1.23459127045275e-05 	-3.19163114395815e-06 	9.25530034260073e-06 	0.000105705486869309 	0.000504732014494416
5 	1.67463201085811 	2.08166817117217e-17 	0.0563059647565045 	0.43362029765746 	3.75507809709053e-06 	5.32060303498189e-06 	-1.56552493789136e-06 	3.71434935724693e-06 	9.11158560257199e-05 	0.000350580185722416
5 	1.74452180799045 	1.21430643318376e-17 	0.055964072705815 	0.45869105288532 	1.22454714551887e-06 	2.194873691031e-06 	-9.70326545512128e-07 	1.21852215802728e-06 	7.46786396458176e-05 	0.000242141660076079
5 	1.81662048462825 	7.80625564189563e-18 	0.0556287376401205 	0.491205150719067 	3.23494231912769e-07 	9.75844140104663e-07 	-6.52349908191894e-07 	3.58397898759811e-07 	5.90905940554155e-05 	0.000171354565368867
5 	1.8909978528023 	1.64798730217797e-17 	0.0553035724684979 	0.51947547371617 	1.04456111544257e-08 	5.00412098409206e-07 	-4.8996648725478e-07 	-1.12192302114713e-08 	4.7095263835318e-05 	0.000123526930110434
5 	1.96772593096508 	2.60208521396521e-17 	0.054989660831338 	0.535733246176063 	-3.91336618119608e-08 	2.89306167056971e-07 	-3.28439828868932e-07 	-1.98994288939336e-08 	3.6886458125259e-05 	9.09383036532807e-05
5 	2.0468790137251 	2.60208521396521e-17 	0.0546841907628231 	0.54029040443429 	-5.56295724619174e-08 	1.9068230625765e-07 	-2.46311878719568e-07 	-5.5471572247315e-08 	2.89402971472492e-05 	6.85099352259378e-05
5 	2.12853374378525 	2.77555756156289e-17 	0.0543840123714732 	0.538721593398878 	-3.99064397220819e-08 	1.37706976263481e-07 	-1.77613415985563e-07 	-4.93231366142553e-08 	2.24823545625848e-05 	5.3332845026401e-05
5 	2.2127691861547 	3.12250225675825e-17 	0.0540880860657332 	0.535272499352333 	-9.28878369983306e-09 	1.01025679648121e-07 	-1.10314463347954e-07 	-2.33032346926994e-09 	1.79572220536159e-05 	4.24302940737926e-05
5 	2.29966690470632 	2.60208521396521e-17 	0.0537962270842906 	0.527668394100582 	-1.14565148897856e-10 	7.81107609244837e-08 	-7.82253260733815e-08 	-6.10703769984406e-09 	1.457931033437e-05 	3.42614955617648e-05
5 	2.38931104115376 	1.73472347597681e-17 	0.0535083860951744 	0.516327154918863 	1.54656040348579e-08 	6.11153045405564e-08 	-4.56497005056985e-08 	2.07465514840093e-08 	1.1784452739222e-05 	2.78940640091863e-05
5 	2.48178839652453 	1.04083408558608e-17 	0.0532248075974094 	0.503740307306987 	1.60551557200323e-08 	4.99006050104297e-08 	-3.38454492903974e-08 	1.56411251845231e-08 	9.48747931909909e-06 	2.28753781542247e-05
5 	2.57718851520809 	8.67361737988404e-18 	0.0529455535306657 	0.492235597513163 	1.57391909356671e-08 	4.04133716352818e-08 	-2.46741806996147e-08 	1.27934130248016e-08 	7.7511198964128e-06 	1.89591892721662e-05
5 	2.67560377166032 	1.21430643318376e-17 	0.0526707114573878 	0.479785019430621 	1.83845670222119e-08 	3.18385801459446e-08 	-1.34540131237327e-08 	2.07048250121915e-08 	6.3632195740026e-06 	1.58616814233975e-05
5 	2.77712945984825 	8.67361737988404e-18 	0.0524004019353571 	0.462902609662362 	1.79523196340203e-08 	2.67065421635669e-08 	-8.75422252954657e-09 	1.61744966428261e-08 	5.29068169606847e-06 	1.3371551201652e-05
5 	2.88186388552171 	6.93889390390723e-18 	0.05213479538632 	0.443814641349038 	2.07222521344892e-08 	2.23939121083639e-08 	-1.67165997387471e-09 	2.21284062445848e-08 	4.35874562557289e-06 	1.12854148390156e-05
5 	2.98990846140133 	1.04083408558608e-17 	0.0518740963208059 	0.427960080123991 	1.82953564788342e-08 	1.89524361429666e-08 	-6.57079664132408e-10 	1.68293228544553e-08 	3.51880950984963e-06 	9.50740116898474e-06
5 	3.10136780537485 	6.93889390390723e-18 	0.0516185163575646 	0.416692480335449 	1.7598504058429e-08 	1.52090041673492e-08 	2.38949989107987e-09 	1.78230960742896e-08 	2.93254754276055e-06 	8.026981375999e-06
5 	3.21634984179699 	-1.73472347597681e-18 	0.0513683327583482 	0.402159934712165 	1.62296041548846e-08 	1.23739458306763e-08 	3.85565832420822e-09 	1.7028635987576e-08 	2.47400614426867e-06 	6.84226108962425e-06
5 	3.33496590599099 	-1.04083408558608e-17 	0.0511238466416166 	0.376719044233561 	1.49116969759875e-08 	1.09221215109526e-08 	3.98957546503493e-09 	1.43394706289385e-08 	1.9758912072787e-06 	5.85753386079821e-06
5 	3.45733085205282 	-1.04083408558608e-17 	0.0508853728388006 	0.346848730455771 	1.46217175073093e-08 	9.65997258534782e-09 	4.9617449219615e-09 	1.50500196690196e-08 	1.66085036460372e-06 	5.01564822560789e-06
5 	3.58356316406265 	-1.38777878078145e-17 	0.0506531808395394 	0.326039708649093 	1.35170828455049e-08 	8.43901306624133e-09 	5.07806977926354e-09 	1.31979218922721e-08 	1.40226469052397e-06 	4.31830822725718e-06
5 	3.71378507081114 	-2.42861286636753e-17 	0.0504275524056414 	0.316853093043721 	1.2539226535634e-08 	6.88846723918115e-09 	5.65075929645287e-09 	1.27801982658853e-08 	1.13421729958489e-06 	3.72034473678839e-06
5 	3.84812266415166 	-1.38777878078145e-17 	0.0502088060587311 	0.311413959544466 	1.10812312284646e-08 	5.693795661873e-09 	5.38743556659157e-09 	1.08566821456362e-08 	9.70578156508216e-07 	3.20840632944253e-06
5 	3.98670602109313 	3.46944695195361e-18 	0.0499972779394503 	0.297304044878644 	9.94952096852651e-09 	4.82172864939952e-09 	5.12779231912699e-09 	1.01443614196987e-08 	8.48227672613479e-07 	2.76123529935144e-06
5 	4.12966932975153 	6.93889390390723e-18 	0.0497932576034847 	0.277370235322467 	9.00598430154183e-09 	4.27721913841542e-09 	4.72876516312641e-09 	9.06270329243598e-09 	6.94229844882151e-07 	2.38721390816591e-06
5 	4.27715101928216 	1.04083408558608e-17 	0.0495969614232531 	0.294177306155903 	8.53209544327551e-09 	3.43673775668475e-09 	5.09535768659076e-09 	8.37662467304201e-09 	5.81266961716546e-07 	2.08039961698128e-06
5 	4.4292938939185 	1.04083408558608e-17 	0.0494086268298679 	0.363860872828836 	8.04148631945606e-09 	2.28446805468626e-09 	5.7570182647698e-09 	8.07774824165037e-09 	5.21333642352699e-07 	1.81928671311219e-06
5 	4.58624527124729 	1.04083408558608e-17 	0.0492283391456175 	0.415958305524899 	7.48843882204756e-09 	1.57460836130383e-09 	5.91383046074373e-09 	7.47852284297768e-09 	4.50938284174197e-07 	1.60322712420766e-06
5 	4.71557360476392 	6.93889390390723e-18 	0.0490894808363179 	0.407335884741264 	7.0809115457094e-09 	1.37288477377549e-09 	5.70802677193391e-09 	7.09200487477902e-09 	3.89637569628588e-07 	1.45877757131618e-06
5 	4.79778894286175 	6.93889390390723e-18 	0.0490068810005787 	0.379935215505382 	6.79648167111945e-09 	1.34911433808891e-09 	5.44736733303054e-09 	6.84804163451161e-09 	3.53738981918536e-07 	1.37847099875136e-06
