8 	0.451351328290421 	0 	1.23530953385061 	2048.57027107038 	1.84595288508384e-05 	0.000444705387691527 	-0.000426245858840689 	3.85534572112421e-05 	0.131762904780909 	0.0016735858874233
8 	0.457856884634129 	1.73472347597681e-18 	1.23514832642312 	708.451985886739 	0.000171180620360305 	0.00400186903759285 	-0.00383068841723254 	0.00023981494627784 	0.387832880826375 	0.00976393493324622
8 	0.46459749399905 	1.73472347597681e-18 	1.23496198933129 	246.902962446789 	-5.38667566320992e-05 	0.010881922183164 	-0.0109357889397961 	-6.42077371087241e-05 	0.398118578671473 	0.0211901066877879
8 	0.471581531804188 	0 	1.23473398435184 	122.735673344373 	-0.00148788052769728 	0.0147962203906791 	-0.0162841009183764 	-0.00167516519523336 	0.321780373965326 	0.0313338688610728
8 	0.478817663433499 	1.73472347597681e-18 	1.23441549457045 	74.5672247646201 	-0.00346939818789569 	0.0140323759830987 	-0.0175017741709944 	-0.00375555353846404 	0.25802484508897 	0.0388770460068237
8 	0.486314853933297 	3.46944695195361e-18 	1.23397688604054 	51.2550775509643 	-0.00500881534992208 	0.0113920117132274 	-0.0164008270631495 	-0.00542314169022616 	0.213606242452712 	0.044220239348218
8 	0.494082377532462 	5.20417042793042e-18 	1.23342151631304 	38.0308204234403 	-0.00587051703519245 	0.0090218357631374 	-0.0148923527983298 	-0.00621164737429703 	0.180480387287895 	0.0480153496100296
8 	0.502129828166706 	1.21430643318376e-17 	1.23276749795596 	29.6481145969073 	-0.00614950591206894 	0.00735043159190791 	-0.0134999375039769 	-0.00640092868462 	0.155731164472941 	0.0507482795256548
8 	0.510467129514287 	1.04083408558608e-17 	1.23202964279306 	23.9056936905969 	-0.00599428684558521 	0.00636132951695117 	-0.0123556163625364 	-0.00619605909320218 	0.133639925617665 	0.0527213924083897
8 	0.519104545243367 	1.73472347597681e-18 	1.23121723092004 	19.7660206848553 	-0.00559647475133365 	0.00592137745346668 	-0.0115178522048003 	-0.00570998143131598 	0.118486898597939 	0.0541854315123995
8 	0.528052690502161 	5.20417042793042e-18 	1.23033664966684 	16.6532008550263 	-0.0050604027064622 	0.00576832640658253 	-0.0108287291130447 	-0.00509173507687957 	0.106816456120656 	0.0552475891373841
8 	0.537322542678883 	3.46944695195361e-18 	1.22939283584096 	14.2301279181021 	-0.00440776925100703 	0.00582336492387392 	-0.0102311341748809 	-0.00438320987773931 	0.0922661646235438 	0.0559696968745846
8 	0.546925453597743 	1.73472347597681e-18 	1.22838980840093 	12.3067628531206 	-0.00367100966918173 	0.00602585314085417 	-0.0096968628100359 	-0.00364518006866024 	0.083598030623698 	0.0564714379848276
8 	0.556873160530156 	3.46944695195361e-18 	1.22733098124304 	10.7469730195947 	-0.00291404865390368 	0.00634145326253024 	-0.00925550191643392 	-0.00287797707378683 	0.0737652398351993 	0.0567833153331703
8 	0.567177798264954 	3.46944695195361e-18 	1.22621938010792 	9.46441190905224 	-0.00213778531997398 	0.00674566224372883 	-0.0088834475637028 	-0.00209903398047518 	0.0678500451317947 	0.0569605719130503
8 	0.577851912525043 	1.21430643318376e-17 	1.22505783641751 	8.39286238335922 	-0.00137165105915504 	0.0072134053581048 	-0.00858505641725984 	-0.0013025463165324 	0.059900840116198 	0.0570096784639115
8 	0.588908471840807 	2.16840434497101e-17 	1.22384930775533 	7.48955002490421 	-0.00055106420901599 	0.00770833852096814 	-0.00825940272998413 	-0.000538562616831243 	0.0513753482144341 	0.0569697852815976
8 	0.600360880931701 	2.42861286636753e-17 	1.22259655456215 	6.72512635083066 	0.000271274579399683 	0.00823966353515027 	-0.00796838895575058 	0.000198226132877259 	0.0483971683467646 	0.0568933328068957
8 	0.612222994557856 	2.38524477946811e-17 	1.22129841569703 	6.07107693393221 	0.00104283759316109 	0.0088759380416171 	-0.00783310044845602 	0.000978587233482439 	0.0436739775932971 	0.0567661678004481
8 	0.624509130637115 	2.34187669256869e-17 	1.21995204682402 	5.50795720721964 	0.00180831476029784 	0.00953472580727593 	-0.00772641104697809 	0.00173368819454203 	0.0388296935738843 	0.0565969826970193
8 	0.637234084459527 	2.34187669256869e-17 	1.21861331838481 	5.02132864269866 	0.00256961603083107 	0.01023043236073 	-0.00766081632989896 	0.00246155203773124 	0.0346661729052251 	0.0564020024328213
8 	0.650413143810029 	2.05998412772246e-17 	1.21740252886966 	4.59940533688988 	0.00331664407836466 	0.010970061200779 	-0.00765341712241432 	0.00318672553976799 	0.0297807269454263 	0.0561920635505878
8 	0.664062103188808 	2.09251019289702e-17 	1.21633761844662 	4.23339887154841 	0.00403176033512529 	0.0117747708973226 	-0.00774301056219727 	0.00395441069431124 	0.0286906896331708 	0.0559870551921864
8 	0.678197278993451 	2.21990394816407e-17 	1.21529025077663 	3.91340487630812 	0.00472245591465035 	0.0125945412853284 	-0.00787208537067802 	0.00472392710841525 	0.0229530793314752 	0.0557634377377721
8 	0.692835525403325 	2.31748214368777e-17 	1.21416060025927 	3.63527663620752 	0.00542365250111594 	0.0133727724120994 	-0.00794911991098342 	0.00541325873527971 	0.0207223323069167 	0.0555544035638158
8 	0.707994250465329 	3.12250225675825e-17 	1.21293989267336 	3.39331046560353 	0.00612546728537789 	0.0141641659403328 	-0.0080386986549549 	0.0060895250513999 	0.016920873685394 	0.0553578192709642
8 	0.72369143229928 	3.12250225675825e-17 	1.21164514547595 	3.18323933744344 	0.00681883233647035 	0.0149917538008238 	-0.00817292146435342 	0.00680049501960261 	0.0130629346350386 	0.0551906610988995
8 	0.73994563472843 	2.08166817117217e-17 	1.21027095030261 	3.001720318489 	0.0075399560378196 	0.0158209348457622 	-0.0082809788079426 	0.00749149092846379 	0.00778959032467512 	0.0550683456496037
8 	0.756776025924423 	1.73472347597681e-17 	1.20881272226731 	2.84337248962603 	0.00827413449778253 	0.0158948423160705 	-0.00762070781828797 	0.00816487844282149 	0.00828437521912203 	0.0550227291574754
8 	0.774202395258993 	2.08166817117217e-17 	1.20726694687657 	2.70150813349496 	0.00897900635694628 	0.0159256079968739 	-0.00694660163992764 	0.00885229325344385 	0.00777450297260325 	0.0550209687706524
8 	0.792245170437626 	1.73472347597681e-17 	1.20563024142882 	2.57481474255311 	0.009627255656234 	0.0159181087881445 	-0.0062908531319105 	0.0094876718019522 	0.00549498126540338 	0.0550484372313369
8 	0.810925437152119 	1.73472347597681e-17 	1.20389938807449 	2.46338313120853 	0.0102128946023937 	0.0158867919296958 	-0.00567389732730213 	0.0100908194040224 	0.00446759809338113 	0.0551162446356019
8 	0.830264956651791 	2.08166817117217e-17 	1.20207150576448 	2.36612731965402 	0.0107379714684907 	0.0158286364831498 	-0.00509066501465903 	0.0106692939160445 	0.00348159410958981 	0.0552139702343799
8 	0.850286185351559 	1.38777878078145e-17 	1.20014416364432 	2.28150433607302 	0.011217391765894 	0.0157781825453586 	-0.00456079077946454 	0.0112333775498944 	0.00340053076674626 	0.0553273665592369
8 	0.871012294325919 	6.93889390390723e-18 	1.19811552992362 	2.20730224930145 	0.0116480315482009 	0.0157004338183133 	-0.00405240227011234 	0.0117041297388035 	0.00203856949480568 	0.0554258447888092
8 	0.892467189041456 	3.46944695195361e-18 	1.19598457189149 	2.14256723075693 	0.0120378220081441 	0.0155933177161193 	-0.00355549570797512 	0.0120568214926266 	0.00111251666096841 	0.0555100072632832
8 	0.91467552979027 	6.93889390390723e-18 	1.19375128765198 	2.08627945547002 	0.0123884643299718 	0.0154835069928804 	-0.00309504266290867 	0.0123702782182893 	-0.000289976300265099 	0.0555794906718718
8 	0.937662752506159 	1.04083408558608e-17 	1.19141694940613 	2.0382238236607 	0.0126583416395913 	0.0153432030183288 	-0.00268486137873749 	0.0125999350546568 	-0.00157821073933502 	0.0556512264420457
8 	0.961455090479312 	1.04083408558608e-17 	1.18898433437398 	1.99809471779185 	0.0128430356606215 	0.0152041056578361 	-0.00236106999721451 	0.0128049803182266 	-0.00155797978491177 	0.0557390426217991
8 	0.9860795959446 	1.73472347597681e-17 	1.18645791627761 	1.96411836122855 	0.0128633970149743 	0.0150010351699581 	-0.00213763815498379 	0.0128259823145167 	-0.00108558720829106 	0.0558129968862383
8 	1.01156416190787 	2.42861286636753e-17 	1.18384399167493 	1.93425631685229 	0.0127893095437169 	0.0147459951545496 	-0.00195668561083273 	0.0127265624084148 	-0.00213293494428971 	0.0558314837451123
8 	1.03793754526201 	2.42861286636753e-17 	1.1811507211455 	1.90774166760641 	0.0126600853175445 	0.0144656843024246 	-0.00180559898488014 	0.0126828705592505 	-0.0036497228027806 	0.0557999117366856
8 	1.06522939031788 	2.77555756156289e-17 	1.17838807404001 	1.88474767389292 	0.0123981311612209 	0.0141185551790466 	-0.00172042401782563 	0.012432156249033 	-0.00423902149964702 	0.0557435477656048
8 	1.09347025247071 	3.81639164714898e-17 	1.17556767398086 	1.86502642522902 	0.0120724012081028 	0.0137380310221307 	-0.00166562981402796 	0.0120363912440136 	-0.00333896590165589 	0.0556708081836738
8 	1.12269162214945 	4.16333634234434e-17 	1.17270255166142 	1.84706845264025 	0.0117183513435546 	0.0133565657394832 	-0.00163821439592863 	0.0116348046491125 	-0.0025866010415721 	0.0555463867252576
8 	1.15292595097168 	3.46944695195361e-17 	1.16980681604821 	1.82953498202832 	0.0113169839854373 	0.012966037474086 	-0.00164905348864866 	0.0112561524900677 	-0.00264875608565865 	0.0553403135108751
8 	1.18420667639806 	2.08166817117217e-17 	1.16689525800402 	1.81198273789835 	0.0108274600634337 	0.0125363653544883 	-0.00170890529105462 	0.0108338350313376 	-0.00267078895164225 	0.0550483584355443
8 	1.20932909553417 	1.90819582357449e-17 	1.16462269742822 	1.79798470063701 	0.0103764921062703 	0.012148951808977 	-0.00177245970270667 	0.0104150132416159 	-0.00291265125451936 	0.0547569822997943
8 	1.22578615946692 	2.25514051876985e-17 	1.16316750622545 	1.78887030460182 	0.0100624056408091 	0.011874860067856 	-0.00181245442704686 	0.010093784084977 	-0.00306715918509319 	0.0545418505517341
8 	1.25005321739849 	1.73472347597681e-17 	1.16108054368063 	1.77575608813707 	0.00961353208792748 	0.0114742206126786 	-0.00186068852475111 	0.00961102932082251 	-0.00299025827620533 	0.0542001535155159
8 	1.28469102423526 	2.08166817117217e-17 	1.15820552765412 	1.75751809350053 	0.00900862339596764 	0.0109320938805487 	-0.00192347048458108 	0.00896701862153881 	-0.00259847485878578 	0.0536758352251973
8 	1.32051868215722 	2.42861286636753e-17 	1.15537119611435 	1.73880254991062 	0.00843827281306568 	0.0104316052578587 	-0.00199333244479304 	0.00841566497025293 	-0.00266162169077392 	0.0530805444791476
8 	1.35757491131764 	1.73472347597681e-17 	1.15258923079441 	1.71926769931325 	0.00791042518859603 	0.00995889213192322 	-0.00204846694332718 	0.0079369170950617 	-0.0025093141288364 	0.0524115439491864
8 	1.39589958607986 	2.08166817117217e-17 	1.14986976743982 	1.69821154366366 	0.00740230355694604 	0.00945945446422761 	-0.00205715090728157 	0.00743162901677128 	-0.000520692036346782 	0.0516582478511706
8 	1.43553376583856 	2.77555756156289e-17 	1.14722148143495 	1.67288112223613 	0.00683792982144518 	0.00888101466513236 	-0.00204308484368718 	0.00681825985991853 	0.000298870578517251 	0.0507299025848911
8 	1.47651972663241 	2.77555756156289e-17 	1.14465186699727 	1.6428087260817 	0.00618532723806186 	0.00824552395117998 	-0.00206019671311812 	0.00615046054097975 	0.000942755247775908 	0.0496159126156667
8 	1.51890099551466 	2.94902990916057e-17 	1.14216757956208 	1.60782948353717 	0.00550199862457013 	0.00760789625186435 	-0.00210589762729422 	0.00550155672337443 	0.000620646267397642 	0.0483108160417664
8 	1.56272238573706 	3.64291929955129e-17 	1.13977464190961 	1.56885609842619 	0.00495170420132471 	0.00699052654687759 	-0.00203882234555288 	0.00498967755206742 	0.000480180628449525 	0.0468494721588655
8 	1.60803003103782 	3.81639164714898e-17 	1.13747836701352 	1.52666431479495 	0.00445818607257638 	0.0063289982983595 	-0.00187081222578312 	0.00448351463270015 	-0.000341144802027101 	0.045250340931897
8 	1.65487142374646 	3.46944695195361e-17 	1.13528299860943 	1.48129769155415 	0.00400769575793372 	0.00559934357163878 	-0.00159164781370506 	0.00407655654984518 	-0.000159056680634667 	0.0435490026922001
8 	1.70329545285939 	3.77302356024956e-17 	1.13319108704241 	1.43167853024157 	0.00355397721126562 	0.00500735569211687 	-0.00145337848085124 	0.00352075785516854 	0.0011016230660831 	0.0417224219743954
8 	1.75335244494363 	4.14165229889463e-17 	1.13120253778164 	1.37727831700527 	0.00309900564304377 	0.00442516292888446 	-0.00132615728584069 	0.00307387974326835 	-4.15273687461912e-05 	0.0397427071745058
8 	1.80509420601027 	3.49113099540332e-17 	1.12930970103394 	1.32160432792935 	0.00264818874041453 	0.0038350223581547 	-0.00118683361774017 	0.00265454295177351 	0.000391930449180237 	0.0377379874349104
8 	1.85857406439436 	2.77555756156289e-17 	1.12749898960686 	1.26361770364273 	0.0022212413359963 	0.00331352307360936 	-0.00109228173761306 	0.00223729843395229 	0.000306785246169591 	0.0356756787309883
8 	1.91384691717495 	2.77555756156289e-17 	1.12578696041091 	1.2037789788377 	0.00184265788743921 	0.00285965270381414 	-0.00101699481637493 	0.00184874472985276 	0.000826966375837856 	0.0335638231604093
8.00000000000001 	1.97096927691879 	3.46944695195361e-17 	1.12420897478359 	1.14354089831074 	0.00154909907703584 	0.00249109836908027 	-0.000941999292044436 	0.00154803887502108 	0.000497077254683168 	0.0314056329699169
8.00000000000001 	2.020240096 	3.81639164714898e-17 	1.12295831644893 	1.09513518352201 	0.00128600469222245 	0.00217633044779688 	-0.000890325755574424 	0.00129213974368129 	0.000395651485092539 	0.0295982955044028
8 	2.060005036 	3.46944695195361e-17 	1.12198560846601 	1.05852084933759 	0.00107731076752967 	0.00191948129669347 	-0.000842170529163796 	0.00108159477423142 	0.000747828694716663 	0.0281593756258902
8 	2.0983647475 	3.46944695195361e-17 	1.12116929634902 	1.02640464219083 	0.000881118605072187 	0.00167226263918582 	-0.000791144034113631 	0.000888502490087267 	0.000794125850840194 	0.0268193989069961
8 	2.135368889 	3.46944695195361e-17 	1.12044846865606 	0.998703351571035 	0.000710977325731182 	0.00144742408327458 	-0.0007364467575434 	0.000713921996088392 	0.000725597986898989 	0.0255610935096328
8 	2.171065364 	3.12250225675825e-17 	1.11980687134722 	0.975627731472809 	0.000558773156852064 	0.00125489666151026 	-0.000696123504658197 	0.000558649776014909 	0.000796860775244951 	0.024388089311057
8.00000000000001 	2.205500383 	2.77555756156289e-17 	1.11923696782921 	0.956782990501448 	0.000418970237170614 	0.00108925220316217 	-0.000670281965991552 	0.000420720227472525 	0.000724121444812413 	0.0232888093787863
8.00000000000001 	2.2387185245 	2.42861286636753e-17 	1.11873084131816 	0.941928634819445 	0.00029988657354292 	0.000947956871735094 	-0.000648070298192174 	0.000303883385498215 	0.000484785510421108 	0.0222568422653458
8.00000000000001 	2.270762791 	1.73472347597681e-17 	1.11828138969129 	0.931392609480626 	0.000197319961675246 	0.000828332855239539 	-0.000631012893564293 	0.000196922386124443 	0.000113519352230069 	0.0212970161905489
8.00000000000001 	2.3016746645 	1.04083408558608e-17 	1.1178824588824 	0.925745888935056 	9.85317394667376e-05 	0.000710818473942544 	-0.000612286734475806 	9.83551106847818e-05 	0.000247064457191948 	0.0204212902491879
8.00000000000001 	2.3314941625 	6.93889390390723e-18 	1.11752863042861 	0.924571813223936 	3.26561509696866e-06 	0.000603377710790538 	-0.000600112095693569 	2.79025053421977e-06 	0.000363975026600005 	0.0196167092483011
8.00000000000001 	2.360259888 	6.93889390390723e-18 	1.1172151002278 	0.927935224551703 	-8.54366006854701e-05 	0.000511913291682585 	-0.000597349892368055 	-8.76723061172559e-05 	-2.23080116174961e-05 	0.0188772953138065
8.00000000000001 	2.3880090795 	1.04083408558608e-17 	1.11693759357068 	0.936347264564716 	-0.000161976634555023 	0.000433770561501453 	-0.000595747196056476 	-0.000165803538522874 	0.000241675620433459 	0.0182141447677517
8.00000000000001 	2.4147776595 	1.38777878078145e-17 	1.11669229328898 	0.949078336524108 	-0.000223350122465401 	0.000371661143421761 	-0.000595011265887163 	-0.000224513334228076 	0.000391821581001675 	0.0176087921288643
8.00000000000001 	2.440600281 	2.08166817117217e-17 	1.11647577998653 	0.965985562237612 	-0.000271194697684429 	0.000321648432012911 	-0.00059284312969734 	-0.000267490812886627 	0.000153941143290534 	0.017052603260779
8.00000000000001 	2.465510373 	2.42861286636753e-17 	1.11628498246938 	0.987822764726433 	-0.000319322008936188 	0.00028217906996201 	-0.000601501078898198 	-0.000317083986437338 	-2.73519293832137e-05 	0.0165537698760356
8.00000000000001 	2.4895401825 	2.77555756156289e-17 	1.11611713631748 	1.01519592572213 	-0.000366246478820829 	0.000255516501159202 	-0.000621762979980031 	-0.000364740726168997 	0.000155214051599917 	0.0161174739880922
8.00000000000001 	2.5127208175 	3.46944695195361e-17 	1.1159697490733 	1.0479995008825 	-0.000403964522176761 	0.000240574506913115 	-0.000644539029089876 	-0.000403167155773612 	0.000436208221905603 	0.0157347056888494
8.00000000000001 	2.5350822865 	3.46944695195361e-17 	1.1158405709363 	1.08600697909422 	-0.000433169365495369 	0.000236194177416941 	-0.00066936354291231 	-0.000432460607948829 	0.000646401539365149 	0.0153942642778145
8.00000000000001 	2.5566535375 	3.46944695195361e-17 	1.11572757003237 	1.12918301285376 	-0.000454670474580701 	0.00024244710344272 	-0.000697117578023421 	-0.000453425864474166 	0.000758293230280789 	0.0150886254390921
8.00000000000001 	2.5774624955 	3.46944695195361e-17 	1.1156289115172 	1.17781770132043 	-0.00046648523516623 	0.00025646471129896 	-0.00072294994646519 	-0.000464958897404441 	0.000783317902620264 	0.0148150049532104
8.00000000000001 	2.5975360985 	4.16333634234434e-17 	1.11554293989472 	1.23240645648224 	-0.000470006488614238 	0.000277631185381354 	-0.000747637673995592 	-0.000469045508372589 	0.000766798175026182 	0.0145735944337981
8.00000000000001 	2.616900333 	4.16333634234434e-17 	1.11546816402556 	1.29343483497862 	-0.000466830666520957 	0.000308866747767055 	-0.000775697414288011 	-0.000465483827795039 	0.00089203377839022 	0.0143653393838162
8.00000000000001 	2.6355802665 	4.16333634234434e-17 	1.11540324437745 	1.36110355244858 	-0.000455895030404891 	0.00034884145116545 	-0.000804736481570342 	-0.000454862729303347 	0.00104162491879148 	0.0141864287178966
8.00000000000001 	2.6536000815 	4.85722573273506e-17 	1.11534698209176 	1.43558852514897 	-0.000436452098445501 	0.000396920812092981 	-0.000833372910538481 	-0.000435420347441527 	0.00107269056891631 	0.014032827132114
8.00000000000001 	2.670983106 	4.85722573273506e-17 	1.1152983094888 	1.51746094761511 	-0.000409228881988514 	0.000452914130423695 	-0.000862143012412209 	-0.000409369408619151 	0.00103181978036101 	0.0139051671952119
8.00000000000001 	2.687751842 	4.85722573273506e-17 	1.11525628161705 	1.60758594130749 	-0.000373892042195923 	0.000514956306464524 	-0.000888848348660447 	-0.000375670699631984 	0.00111495030296575 	0.0138066738059426
8.00000000000001 	2.703927998 	4.85722573273506e-17 	1.11522006844869 	1.70632217580661 	-0.000330451577065016 	0.000581705867582101 	-0.000912157444647117 	-0.000332977691524327 	0.00123106563899725 	0.0137355089183135
8.00000000000001 	2.719532515 	4.85722573273506e-17 	1.11518894736527 	1.81378667859871 	-0.000277652620163408 	0.000659297780604531 	-0.000936950400767939 	-0.000280672119613887 	0.00124057763639796 	0.0136879966055541
8.00000000000001 	2.7345855935 	4.85722573273506e-17 	1.11516229557089 	1.93049535721684 	-0.000217842525081531 	0.000736522928196523 	-0.000954365453278054 	-0.000221407223711616 	0.00135849467276379 	0.0136641311114024
8.00000000000001 	2.749106721 	4.85722573273506e-17 	1.11513958216126 	2.05673120002278 	-0.000153538907831879 	0.000805394259672666 	-0.000958933167504545 	-0.000157584673169389 	0.00144946262596514 	0.0136606174682048
8.00000000000001 	2.7631146955 	4.85722573273506e-17 	1.11512035969377 	2.19301614659183 	-8.31992158281903e-05 	0.000877294641208612 	-0.000960493857036803 	-8.74726498804905e-05 	0.00158799087285126 	0.0136755422738204
8.00000000000001 	2.7766276505 	4.85722573273506e-17 	1.11510425523897 	2.33971831187833 	-7.22864895461625e-06 	0.00096348153761821 	-0.000970710186572826 	-1.07490857916002e-05 	0.00176859604024347 	0.0137057365317901
8.00000000000001 	2.7896630795 	4.85722573273506e-17 	1.11509096106462 	2.49693190897527 	7.36028501494042e-05 	0.00105208286846878 	-0.000978480018319371 	7.08763481655082e-05 	0.00194133572602711 	0.0137463108226726
8.00000000000001 	2.8022378575 	4.85722573273506e-17 	1.11508022520405 	2.66503225941625 	0.000159101268838459 	0.00114060556474303 	-0.000981504295904576 	0.000155371239411699 	0.00218396305446039 	0.0137930831768111
8.00000000000001 	2.814368263 	4.85722573273506e-17 	1.11507184223865 	2.84431431260165 	0.000246055782029856 	0.00123113541213655 	-0.000985079630106698 	0.000241809279046399 	0.00227429350989487 	0.0138404262385025
8.00000000000001 	2.82607 	4.85722573273506e-17 	1.11506564528341 	3.03623322590713 	0.000333878396522145 	0.00132159112862885 	-0.000987712732106704 	0.000330020178486297 	0.00241191230300778 	0.0138884207429736
8.00000000000001 	2.8373582165 	4.85722573273506e-17 	1.11506150042607 	3.24242246452128 	0.000424626184262434 	0.00141881076597423 	-0.000994184581711796 	0.000421722157660086 	0.00256531649343562 	0.0139360658959646
8.00000000000001 	2.848247526 	4.85722573273506e-17 	1.11505929322339 	3.46488469866031 	0.000517251782250835 	0.00151790398272704 	-0.0010006522004762 	0.000513557041077164 	0.00270692183063058 	0.01398223277884
8.00000000000001 	2.858752025 	4.85722573273506e-17 	1.11505888452395 	3.70643795560446 	0.000618601195513557 	0.00164011181191332 	-0.00102151061639976 	0.000615468418393994 	0.00288666882608045 	0.0140271333232541
8.00000000000001 	2.8688853115 	5.20417042793042e-17 	1.1150602115661 	3.97048256208802 	0.000723475515051765 	0.00177275551112842 	-0.00104927999607665 	0.000720607343455834 	0.00311121587214734 	0.0140703095047461
8.00000000000001 	2.878660504 	5.89805981832114e-17 	1.11506404727153 	4.26099238673355 	0.000830562425641836 	0.00190693021523573 	-0.00107636778959389 	0.000826999046104546 	0.00335918605500416 	0.0141106150797002
8.00000000000001 	2.8880902575 	5.89805981832114e-17 	1.11507051940323 	4.58299127678572 	0.000952858466420852 	0.00207499245315488 	-0.00112213398673402 	0.000949912341993686 	0.00361099314257863 	0.0141472076034215
8.00000000000001 	2.897186779 	5.55111512312578e-17 	1.115078167821 	4.94313969196848 	0.00109207453432437 	0.00227806222001116 	-0.00118598768568679 	0.0010894214756661 	0.00384294947626905 	0.0141801732150942
8.00000000000001 	2.9059618435 	5.20417042793042e-17 	1.11508588201558 	5.35048962427835 	0.00125012092876989 	0.00251675489259725 	-0.00126663396382736 	0.00124696961062515 	0.0041479105629085 	0.0142118081084543
8.00000000000001 	2.9144268115 	4.5102810375397e-17 	1.11509346689979 	5.81646195308586 	0.00143379547429337 	0.00280414931374794 	-0.00137035383945457 	0.00143087443319954 	0.00452524945061867 	0.0142441601250862
8.00000000000001 	2.9225926415 	4.5102810375397e-17 	1.11510118977432 	6.35550948837409 	0.001651368591296 	0.00316149900924396 	-0.00151013041794796 	0.00164860149779138 	0.00497642448852166 	0.0142790186892173
8.00000000000001 	2.930469904 	4.85722573273506e-17 	1.11510968150815 	6.98628497368325 	0.00191286843171447 	0.0036075485328208 	-0.00169468010110633 	0.00191103753923681 	0.00541884628275677 	0.0143183100706434
8.00000000000001 	2.938068797 	4.85722573273506e-17 	1.11512021603207 	7.73465651130795 	0.00223195352673544 	0.00417094225017846 	-0.00193898872344302 	0.00222983240442832 	0.00618236399973268 	0.0143673941341199
8.00000000000001 	2.9453991575 	4.85722573273506e-17 	1.11513422008261 	8.6313983220108 	0.00260582021757583 	0.00484512471802555 	-0.00223930450044972 	0.00260433816154836 	0.00702284908065571 	0.0144251093397466
8.00000000000001 	2.952470475 	5.20417042793042e-17 	1.11515108560158 	9.72036647385662 	0.00306428046081177 	0.00570601125548677 	-0.00264173079467501 	0.00306000039116805 	0.00817813192666488 	0.0144939932790776
8.00000000000001 	2.9592919035 	5.89805981832114e-17 	1.11516934011595 	11.0588401268731 	0.00365976313951462 	0.00687349967239645 	-0.00321373653288182 	0.00365842542798971 	0.00967614763038543 	0.014573029382655
8.00000000000001 	2.9658722735 	5.89805981832114e-17 	1.11518861309238 	12.7244995870877 	0.00436336285817337 	0.00830549825703795 	-0.00394213539886458 	0.00435749385303403 	0.011636197969779 	0.014656596558741
8.00000000000001 	2.9722201045 	5.89805981832114e-17 	1.1152087084097 	14.8255408582662 	0.00526680838933302 	0.0102271868405002 	-0.0049603784511672 	0.00526233652381811 	0.0141209040767216 	0.01473470897074
8.00000000000001 	2.9783436135 	6.24500451351651e-17 	1.11522929803856 	17.5165898771379 	0.0063916599635825 	0.0127441815307446 	-0.00635252156716207 	0.00639728667077472 	0.0172908278282062 	0.0147900422253862
8.00000000000001 	2.984250727 	6.24500451351651e-17 	1.11525006374466 	21.0252956677882 	0.00764863757424304 	0.0157486829976301 	-0.00810004542338709 	0.00763501322853886 	0.0214830688957063 	0.0147943684366923
8.00000000000001 	2.9899490925 	6.24500451351651e-17 	1.11527072065419 	25.7047087876079 	0.00924941206614051 	0.0198386467005346 	-0.0105892346343941 	0.00924830575977873 	0.0272064205221247 	0.0147092475694174
8.00000000000001 	2.9954460875 	6.24500451351651e-17 	1.11529058894741 	32.0964562505858 	0.0108865210141056 	0.0243797774442054 	-0.0134932564300997 	0.0108954945681147 	0.0339467076888495 	0.0144514981151653
8.00000000000001 	3.0007488275 	6.24500451351651e-17 	1.11530867019561 	41.1765903164581 	0.0122138355522654 	0.0284944135152894 	-0.016280577963024 	0.0121856195955063 	0.0437284613388741 	0.0139390318112958
8.00000000000001 	3.005864177 	6.24500451351651e-17 	1.1153242978361 	54.7028369441874 	0.013141177076249 	0.0317081833923987 	-0.0185670063161497 	0.0131515182110302 	0.0558122628861121 	0.0130323370210838
8.00000000000001 	3.0107987585 	5.89805981832114e-17 	1.1153368314003 	76.2189305500993 	0.0126327714537671 	0.0308795046770836 	-0.0182467332233165 	0.0126301940943747 	0.0693243954144274 	0.0115475709847955
8.00000000000001 	3.01555896 	5.55111512312578e-17 	1.11534581269782 	114.245776460482 	0.0104579260597592 	0.0248929063471018 	-0.0144349802873426 	0.0104320525535239 	0.0867107573274685 	0.00945037263658689
8.00000000000001 	3.020150944 	5.55111512312578e-17 	1.1153516141276 	190.596303240746 	0.00704767920399083 	0.0153904741399348 	-0.00834279493594398 	0.00705092778597767 	0.102550811057799 	0.00679183101446771
8.00000000000001 	3.0245806545 	5.55111512312578e-17 	1.1153553752664 	378.154630931565 	0.00340588385142891 	0.00635102014271414 	-0.00294513629128523 	0.00340470014561182 	0.113663485728658 	0.00399203169561128
8.00000000000001 	3.028853826 	5.55111512312578e-17 	1.1153584536332 	1036.98973023992 	0.000922146151564122 	0.00145792552696772 	-0.000535779375403603 	0.00092048129214735 	0.105082932688818 	0.00163978788735238
