 -7.306702  1.000000  0.000000  0.002032  0.125444  0.087001  0.828614
 -7.241911  1.000000  0.004276  0.002108  0.126282  0.087482  0.831555
 -7.177538  1.000000  0.001599  0.002157  0.125500  0.087017  0.830701
 -7.113579  1.000000  0.003621  0.002139  0.126234  0.087429  0.833945
 -7.050032  1.000000  0.001075  0.002149  0.125532  0.086947  0.832838
 -6.986894  1.000000  0.002549  0.002122  0.126161  0.087302  0.836017
 -6.924162  1.000000  0.000546  0.002125  0.125529  0.086829  0.834892
 -6.861835  1.000000  0.001715  0.002102  0.126064  0.087137  0.837890
 -6.799908  1.000000  0.000128  0.002103  0.125495  0.086687  0.836843
 -6.738381  1.000000  0.001063  0.002086  0.125944  0.086949  0.839552
 -6.677250  1.000000 -0.000211  0.002088  0.125428  0.086529  0.838606
 -6.616512  1.000000  0.000538  0.002075  0.125801  0.086748  0.841030
 -6.556166  1.000000 -0.000506  0.002077  0.125332  0.086355  0.840252
 -6.496208  1.000000  0.000087  0.002068  0.125635  0.086534  0.842424
 -6.436636  1.000000 -0.000784  0.002070  0.125207  0.086169  0.841794
 -6.377448  1.000000 -0.000319  0.002063  0.125448  0.086309  0.843688
 -6.318640  1.000000 -0.001056  0.002066  0.125053  0.085968  0.843159
 -6.260212  1.000000 -0.000698  0.002062  0.125238  0.086071  0.844800
 -6.202160  1.000000 -0.001330  0.002065  0.124873  0.085752  0.844382
 -6.144481  1.000000 -0.001057  0.002062  0.125008  0.085821  0.845814
 -6.087174  1.000000 -0.001604  0.002065  0.124667  0.085520  0.845486
 -6.030235  1.000000 -0.001407  0.002063  0.124757  0.085559  0.846714
 -5.973664  1.000000 -0.001890  0.002067  0.124435  0.085275  0.846447
 -5.917457  1.000000 -0.001755  0.002067  0.124485  0.085286  0.847496
 -5.861612  1.000000 -0.002188  0.002071  0.124180  0.085016  0.847290
 -5.806127  1.000000 -0.002110  0.002071  0.124193  0.085001  0.848197
 -5.750998  1.000000 -0.002503  0.002075  0.123901  0.084742  0.848049
 -5.696224  1.000000 -0.002468  0.002076  0.123882  0.084704  0.848834
 -5.641804  1.000000 -0.002827  0.002080  0.123599  0.084454  0.848727
 -5.587733  1.000000 -0.002829  0.002082  0.123551  0.084394  0.849391
 -5.534011  1.000000 -0.003158  0.002086  0.123275  0.084150  0.849293
 -5.480635  1.000000 -0.003192  0.002088  0.123201  0.084071  0.849829
 -5.427603  1.000000 -0.003505  0.002092  0.122930  0.083832  0.849725
 -5.374912  1.000000 -0.003574  0.002094  0.122832  0.083735  0.850154
 -5.322560  1.000000 -0.003876  0.002099  0.122565  0.083499  0.850055
 -5.270545  1.000000 -0.003977  0.002101  0.122444  0.083385  0.850401
 -5.218865  1.000000 -0.004272  0.002106  0.122179  0.083151  0.850298
 -5.167519  1.000000 -0.004400  0.002108  0.122038  0.083021  0.850558
 -5.116502  1.000000 -0.004690  0.002112  0.121774  0.082788  0.850434
 -5.065814  1.000000 -0.004839  0.002115  0.121615  0.082643  0.850608
 -5.015453  1.000000 -0.005123  0.002119  0.121350  0.082410  0.850465
 -4.965416  1.000000 -0.005291  0.002122  0.121174  0.082253  0.850571
 -4.915701  1.000000 -0.005572  0.002125  0.120907  0.082019  0.850412
 -4.866306  1.000000 -0.005756  0.002128  0.120716  0.081849  0.850458
 -4.817229  1.000000 -0.006035  0.002132  0.120446  0.081614  0.850277
 -4.768469  1.000000 -0.006233  0.002135  0.120240  0.081432  0.850258
 -4.720022  1.000000 -0.006510  0.002139  0.119968  0.081194  0.850043
 -4.671887  1.000000 -0.006719  0.002142  0.119749  0.081002  0.849957
 -4.624062  1.000000 -0.006996  0.002146  0.119472  0.080761  0.849704
 -4.576545  1.000000 -0.007219  0.002148  0.119241  0.080559  0.849555
 -4.529334  1.000000 -0.007502  0.002152  0.118960  0.080315  0.849265
 -4.482427  1.000000 -0.007740  0.002154  0.118716  0.080103  0.849056
 -4.435822  1.000000 -0.008028  0.002158  0.118431  0.079856  0.848724
 -4.389517  1.000000 -0.008280  0.002161  0.118177  0.079635  0.848454
 -4.343511  1.000000 -0.008572  0.002164  0.117887  0.079384  0.848077
 -4.297800  1.000000 -0.008836  0.002168  0.117622  0.079154  0.847747
 -4.252384  1.000000 -0.009137  0.002171  0.117327  0.078899  0.847324
 -4.207260  1.000000 -0.009414  0.002174  0.117052  0.078661  0.846936
 -4.162427  1.000000 -0.009721  0.002178  0.116751  0.078401  0.846469
 -4.117883  1.000000 -0.010008  0.002180  0.116467  0.078156  0.846027
 -4.073626  1.000000 -0.010322  0.002183  0.116161  0.077891  0.845515
 -4.029653  1.000000 -0.010623  0.002186  0.115868  0.077639  0.845020
 -3.985963  1.000000 -0.010948  0.002189  0.115556  0.077369  0.844464
 -3.942555  1.000000 -0.011261  0.002191  0.115255  0.077109  0.843919
 -3.899426  1.000000 -0.011593  0.002194  0.114937  0.076835  0.843320
 -3.856575  1.000000 -0.011916  0.002196  0.114628  0.076569  0.842726
 -3.814000  1.000000 -0.012256  0.002199  0.114305  0.076290  0.842081
 -3.771699  1.000000 -0.012590  0.002201  0.113988  0.076018  0.841434
 -3.729671  1.000000 -0.012939  0.002204  0.113659  0.075735  0.840740
 -3.687913  1.000000 -0.013285  0.002206  0.113335  0.075456  0.840040
 -3.646424  1.000000 -0.013644  0.002208  0.112999  0.075169  0.839301
 -3.605202  1.000000 -0.014003  0.002210  0.112668  0.074884  0.838557
 -3.564246  1.000000 -0.014375  0.002212  0.112328  0.074592  0.837781
 -3.523553  1.000000 -0.014745  0.002214  0.111990  0.074302  0.836999
 -3.483122  1.000000 -0.015125  0.002215  0.111643  0.074005  0.836187
 -3.442952  1.000000 -0.015505  0.002217  0.111299  0.073710  0.835364
 -3.403040  1.000000 -0.015895  0.002219  0.110947  0.073409  0.834509
 -3.363386  1.000000 -0.016286  0.002220  0.110596  0.073109  0.833636
 -3.323987  1.000000 -0.016686  0.002222  0.110239  0.072803  0.832727
 -3.284841  1.000000 -0.017086  0.002223  0.109882  0.072498  0.831800
 -3.245947  1.000000 -0.017494  0.002225  0.109519  0.072189  0.830836
 -3.207304  1.000000 -0.017904  0.002227  0.109157  0.071880  0.829853
 -3.168910  1.000000 -0.018320  0.002228  0.108789  0.071567  0.828861
 -3.130763  1.000000 -0.018740  0.002230  0.108420  0.071254  0.827942
 -3.092861  1.000000 -0.019165  0.002231  0.108047  0.070937  0.826998
 -3.055204  1.000000 -0.019593  0.002233  0.107674  0.070621  0.826040
 -3.017789  1.000000 -0.020026  0.002235  0.107295  0.070301  0.825058
 -2.980615  1.000000 -0.020462  0.002237  0.106916  0.069981  0.824062
 -2.943681  1.000000 -0.020905  0.002239  0.106534  0.069658  0.823043
 -2.906984  1.000000 -0.021352  0.002241  0.106150  0.069335  0.822007
 -2.870523  1.000000 -0.021806  0.002243  0.105762  0.069008  0.820947
 -2.834297  1.000000 -0.022265  0.002246  0.105373  0.068682  0.819865
 -2.798305  1.000000 -0.022731  0.002248  0.104981  0.068352  0.818755
 -2.762544  1.000000 -0.023202  0.002250  0.104588  0.068023  0.817622
 -2.727014  1.000000 -0.023680  0.002252  0.104191  0.067690  0.816459
 -2.691712  1.000000 -0.024163  0.002254  0.103793  0.067358  0.815274
 -2.656638  1.000000 -0.024651  0.002256  0.103392  0.067023  0.814060
 -2.621789  1.000000 -0.025144  0.002258  0.102990  0.066687  0.812827
 -2.587165  1.000000 -0.025642  0.002260  0.102585  0.066350  0.811570
 -2.552764  1.000000 -0.026147  0.002262  0.102179  0.066013  0.810297
 -2.518584  1.000000 -0.026658  0.002264  0.101769  0.065673  0.809002
 -2.484625  1.000000 -0.027174  0.002266  0.101359  0.065334  0.807689
 -2.450884  1.000000 -0.027698  0.002269  0.100946  0.064992  0.806354
 -2.417360  1.000000 -0.028227  0.002271  0.100532  0.064651  0.804998
 -2.384052  1.000000 -0.028763  0.002273  0.100116  0.064307  0.803616
 -2.350959  1.000000 -0.029306  0.002276  0.099698  0.063964  0.802210
 -2.318079  1.000000 -0.029856  0.002278  0.099278  0.063619  0.800812
 -2.285410  1.000000 -0.030412  0.002281  0.098858  0.063274  0.799480
 -2.252952  1.000000 -0.030976  0.002283  0.098434  0.062927  0.798121
 -2.220703  1.000000 -0.031545  0.002286  0.098010  0.062581  0.796740
 -2.188662  1.000000 -0.032121  0.002288  0.097584  0.062233  0.795332
 -2.156826  1.000000 -0.032702  0.002291  0.097156  0.061885  0.793902
 -2.125196  1.000000 -0.033290  0.002294  0.096727  0.061536  0.792445
 -2.093770  1.000000 -0.033884  0.002296  0.096297  0.061188  0.790965
 -2.062546  1.000000 -0.034486  0.002299  0.095864  0.060838  0.789458
 -2.031523  1.000000 -0.035095  0.002302  0.095431  0.060489  0.787929
 -2.000699  1.000000 -0.035710  0.002305  0.094997  0.060138  0.786372
 -1.970074  1.000000 -0.036332  0.002307  0.094561  0.059788  0.784792
 -1.939647  1.000000 -0.036961  0.002310  0.094124  0.059437  0.783184
 -1.909415  1.000000 -0.037597  0.002313  0.093686  0.059087  0.781554
 -1.879378  1.000000 -0.038241  0.002316  0.093246  0.058735  0.779895
 -1.849534  1.000000 -0.038892  0.002319  0.092806  0.058385  0.778213
 -1.819883  1.000000 -0.039552  0.002323  0.092364  0.058033  0.776504
 -1.790422  1.000000 -0.040221  0.002326  0.091921  0.057683  0.774773
 -1.761151  1.000000 -0.040898  0.002329  0.091477  0.057331  0.773104
 -1.732069  1.000000 -0.041584  0.002332  0.091033  0.056981  0.771460
 -1.703174  1.000000 -0.042277  0.002336  0.090587  0.056630  0.769789
 -1.674465  1.000000 -0.042978  0.002339  0.090141  0.056280  0.768096
 -1.645941  1.000000 -0.043687  0.002343  0.089694  0.055930  0.766375
 -1.617600  1.000000 -0.044405  0.002346  0.089246  0.055581  0.764629
 -1.589442  1.000000 -0.045131  0.002350  0.088797  0.055231  0.762854
 -1.561465  1.000000 -0.045865  0.002354  0.088348  0.054883  0.761052
 -1.533669  1.000000 -0.046609  0.002358  0.087897  0.054534  0.759218
 -1.506051  1.000000 -0.047362  0.002361  0.087447  0.054187  0.757360
 -1.478611  1.000000 -0.048125  0.002366  0.086995  0.053839  0.755471
 -1.451348  1.000000 -0.048897  0.002370  0.086544  0.053493  0.753561
 -1.424261  1.000000 -0.049680  0.002374  0.086091  0.053147  0.751622
 -1.397348  1.000000 -0.050472  0.002378  0.085638  0.052802  0.749665
 -1.370608  1.000000 -0.051276  0.002383  0.085185  0.052457  0.747705
 -1.344040  1.000000 -0.052090  0.002387  0.084731  0.052114  0.745849
 -1.317643  1.000000 -0.052915  0.002391  0.084277  0.051771  0.743970
 -1.291417  1.000000 -0.053751  0.002396  0.083823  0.051430  0.742072
 -1.265359  1.000000 -0.054598  0.002401  0.083367  0.051089  0.740148
 -1.239469  1.000000 -0.055457  0.002405  0.082913  0.050750  0.738204
 -1.213746  1.000000 -0.056327  0.002410  0.082457  0.050412  0.736234
 -1.188188  1.000000 -0.057210  0.002415  0.082002  0.050075  0.734244
 -1.162795  1.000000 -0.058104  0.002420  0.081545  0.049739  0.732226
 -1.137566  1.000000 -0.059011  0.002426  0.081090  0.049406  0.730188
 -1.112499  1.000000 -0.059931  0.002431  0.080634  0.049072  0.728124
 -1.087593  1.000000 -0.060864  0.002436  0.080178  0.048741  0.726038
 -1.062848  1.000000 -0.061810  0.002442  0.079722  0.048411  0.723924
 -1.038262  1.000000 -0.062769  0.002448  0.079266  0.048083  0.721848
 -1.013834  1.000000 -0.063743  0.002454  0.078810  0.047756  0.719838
 -0.989564  1.000000 -0.064730  0.002460  0.078354  0.047431  0.717807
 -0.965450  1.000000 -0.065732  0.002466  0.077898  0.047107  0.715747
 -0.941491  1.000000 -0.066749  0.002473  0.077443  0.046786  0.713665
 -0.917687  1.000000 -0.067782  0.002480  0.076987  0.046466  0.711554
 -0.894035  1.000000 -0.068831  0.002486  0.076532  0.046149  0.709421
 -0.870536  1.000000 -0.069897  0.002493  0.076076  0.045833  0.707260
 -0.847189  1.000000 -0.070979  0.002501  0.075622  0.045520  0.705078
 -0.823992  1.000000 -0.072080  0.002508  0.075167  0.045208  0.702867
 -0.800944  1.000000 -0.073199  0.002516  0.074713  0.044899  0.700636
 -0.778044  1.000000 -0.074336  0.002524  0.074259  0.044591  0.698376
 -0.755292  1.000000 -0.075493  0.002532  0.073806  0.044288  0.696188
 -0.732687  1.000000 -0.076670  0.002540  0.073352  0.043985  0.693991
 -0.710227  1.000000 -0.077867  0.002549  0.072900  0.043686  0.691775
 -0.687911  1.000000 -0.079085  0.002557  0.072447  0.043388  0.689532
 -0.665739  1.000000 -0.080325  0.002567  0.071996  0.043095  0.687270
 -0.643710  1.000000 -0.081587  0.002576  0.071544  0.042803  0.684982
 -0.621823  1.000000 -0.082873  0.002586  0.071094  0.042515  0.682677
 -0.600077  1.000000 -0.084184  0.002596  0.070643  0.042228  0.680349
 -0.578471  1.000000 -0.085521  0.002606  0.070195  0.041947  0.678005
 -0.557004  1.000000 -0.086884  0.002617  0.069745  0.041666  0.675641
 -0.535675  1.000000 -0.088275  0.002628  0.069298  0.041391  0.673304
 -0.514484  1.000000 -0.089695  0.002640  0.068849  0.041117  0.671020
 -0.493429  1.000000 -0.091145  0.002652  0.068403  0.040849  0.668725
 -0.472510  1.000000 -0.092627  0.002665  0.067956  0.040582  0.666414
 -0.451725  1.000000 -0.094142  0.002678  0.067512  0.040321  0.664095
 -0.431074  1.000000 -0.095692  0.002692  0.067066  0.040062  0.661761
 -0.410556  1.000000 -0.097279  0.002706  0.066623  0.039809  0.659422
 -0.390170  1.000000 -0.098906  0.002721  0.066179  0.039558  0.657071
 -0.369916  1.000000 -0.100573  0.002737  0.065738  0.039313  0.654718
 -0.349792  1.000000 -0.102285  0.002753  0.065295  0.039070  0.652356
 -0.329797  1.000000 -0.104042  0.002770  0.064856  0.038834  0.650040
 -0.309932  1.000000 -0.105849  0.002788  0.064415  0.038601  0.647782
 -0.290194  1.000000 -0.107708  0.002807  0.063978  0.038374  0.645527
 -0.270583  1.000000 -0.109623  0.002828  0.063539  0.038151  0.643268
 -0.251099  1.000000 -0.111597  0.002849  0.063103  0.037935  0.641014
 -0.231740  1.000000 -0.113636  0.002871  0.062666  0.037723  0.638760
 -0.212505  1.000000 -0.115745  0.002895  0.062233  0.037518  0.636517
 -0.193395  1.000000 -0.117929  0.002921  0.061798  0.037317  0.634279
 -0.174407  1.000000 -0.120195  0.002949  0.061366  0.037125  0.632057
 -0.155542  1.000000 -0.122553  0.002978  0.060933  0.036938  0.629846
 -0.136798  1.000000 -0.125008  0.003010  0.060504  0.036760  0.627692
 -0.118175  1.000000 -0.127575  0.003045  0.060073  0.036587  0.625601
 -0.099672  1.000000 -0.130266  0.003082  0.059646  0.036425  0.623541
 -0.081288  1.000000 -0.133095  0.003124  0.059217  0.036270  0.621502
 -0.063023  1.000000 -0.136089  0.003170  0.058792  0.036126  0.619500
 -0.044875  1.000000 -0.139262  0.003224  0.058366  0.035991  0.617526
 -0.026844  1.000000 -0.142680  0.003282  0.057944  0.035869  0.615595
 -0.008929  1.000000 -0.146329  0.003359  0.057519  0.035760  0.613700
  0.008929  0.999960 -0.150498  0.003432  0.057099  0.035667  0.611869
  0.026786  0.999842 -0.154669  0.003455  0.056751  0.035597  0.610170
  0.044643  0.999644 -0.158511  0.003446  0.056485  0.035562  0.608597
  0.062500  0.999367 -0.162101  0.003421  0.056292  0.035561  0.607148
  0.080357  0.999011 -0.165338  0.003384  0.056181  0.035603  0.605889
  0.098214  0.998576 -0.168286  0.003338  0.056142  0.035685  0.604767
  0.116071  0.998062 -0.170902  0.003285  0.056185  0.035814  0.603783
  0.133929  0.997468 -0.173230  0.003227  0.056301  0.035987  0.602934
  0.151786  0.996796 -0.175248  0.003165  0.056499  0.036211  0.602232
  0.169643  0.996044 -0.176988  0.003099  0.056770  0.036480  0.601673
  0.187500  0.995212 -0.178439  0.003029  0.057122  0.036803  0.601267
  0.205357  0.994301 -0.179623  0.002957  0.057548  0.037172  0.601010
  0.223214  0.993311 -0.180534  0.002882  0.058055  0.037595  0.600912
  0.241071  0.992242 -0.181190  0.002804  0.058636  0.038065  0.600969
  0.258929  0.991092 -0.181589  0.002725  0.059299  0.038591  0.601191
  0.276786  0.989864 -0.181742  0.002643  0.060035  0.039163  0.601570
  0.294643  0.988555 -0.181651  0.002560  0.060853  0.039791  0.602117
  0.312500  0.987167 -0.181325  0.002474  0.061744  0.040465  0.602823
  0.330357  0.985699 -0.180767  0.002387  0.062717  0.041193  0.603699
  0.348214  0.984151 -0.179985  0.002298  0.063764  0.041967  0.604733
  0.366071  0.982522 -0.178982  0.002207  0.064894  0.042795  0.605934
  0.383929  0.980814 -0.177768  0.002115  0.066097  0.043667  0.607289
  0.401786  0.979026 -0.176346  0.002022  0.067383  0.044591  0.608808
  0.419643  0.977157 -0.174726  0.001927  0.068742  0.045557  0.610541
  0.437500  0.975208 -0.172913  0.001831  0.070185  0.046575  0.612456
  0.455357  0.973178 -0.170918  0.001734  0.071701  0.047631  0.614521
  0.473214  0.971067 -0.168749  0.001636  0.073301  0.048737  0.616747
  0.491071  0.968876 -0.166416  0.001537  0.074974  0.049879  0.619116
  0.508929  0.966604 -0.163932  0.001438  0.076732  0.051068  0.621638
  0.526786  0.964250 -0.161308  0.001339  0.078562  0.052290  0.624293
  0.544643  0.961816 -0.158559  0.001240  0.080478  0.053556  0.627096
  0.562500  0.959300 -0.155699  0.001141  0.082467  0.054851  0.630021
  0.580357  0.956702 -0.152745  0.001043  0.084542  0.056187  0.633093
  0.598214  0.954023 -0.149714  0.000946  0.086689  0.057548  0.636406
  0.616071  0.951262 -0.146625  0.000851  0.088923  0.058946  0.639857
  0.633929  0.948419 -0.143496  0.000758  0.091230  0.060366  0.643418
  0.651786  0.945493 -0.140348  0.000667  0.093624  0.061819  0.647106
  0.669643  0.942486 -0.137200  0.000580  0.096091  0.063289  0.650891
  0.687500  0.939395 -0.134074  0.000496  0.098645  0.064789  0.654795
  0.705357  0.936222 -0.130987  0.000417  0.101273  0.066302  0.658858
  0.723214  0.932966 -0.127959  0.000341  0.103989  0.067842  0.663146
  0.741071  0.929627 -0.125006  0.000271  0.106778  0.069391  0.667511
  0.758929  0.926204 -0.122143  0.000205  0.109656  0.070964  0.671983
  0.776786  0.922698 -0.119382  0.000145  0.112607  0.072542  0.676519
  0.794643  0.919108 -0.116734  0.000090  0.115648  0.074143  0.681155
  0.812500  0.915434 -0.114204  0.000040  0.118762  0.075746  0.686031
  0.830357  0.911676 -0.111801 -0.000005  0.121956  0.077367  0.691063
  0.848214  0.907833 -0.109523 -0.000044  0.125135  0.078967  0.696137
  0.866071  0.903905 -0.107374 -0.000079  0.128413  0.080590  0.701304
  0.883929  0.899893 -0.105352 -0.000110  0.131771  0.082215  0.706503
  0.901786  0.895795 -0.103455 -0.000136  0.135229  0.083866  0.711971
  0.919643  0.891611 -0.101679 -0.000159  0.135707  0.085475  0.717544
  0.937500  0.887342 -0.100015 -0.000178  0.139182  0.087113  0.723208
  0.955357  0.882986 -0.098450 -0.000195  0.142744  0.088758  0.728882
  0.973214  0.878544 -0.096975 -0.000210  0.146417  0.090434  0.734644
  0.991071  0.874016 -0.095575 -0.000224  0.147099  0.092085  0.740701
  1.008929  0.869400 -0.094238 -0.000237  0.150810  0.093765  0.746869
  1.026786  0.864697 -0.092936 -0.000252  0.154591  0.095453  0.753022
  1.044643  0.859907 -0.091631 -0.000270  0.158462  0.097175  0.759267
  1.062500  0.855029 -0.090288 -0.000290  0.159312  0.098898  0.765618
  1.080357  0.850062 -0.088898 -0.000312  0.163214  0.100640  0.772246
  1.098214  0.845007 -0.087421 -0.000337  0.167176  0.102395  0.778825
  1.116071  0.839862 -0.085836 -0.000364  0.171220  0.104191  0.785511
  1.133929  0.834629 -0.084117 -0.000394  0.175304  0.105997  0.792164
  1.151786  0.829305 -0.082250 -0.000426  0.179460  0.107845  0.799252
  1.169643  0.823892 -0.080208 -0.000459  0.183664  0.109704  0.806244
  1.187500  0.818388 -0.077994 -0.000489  0.187984  0.111614  0.813360
  1.205357  0.812794 -0.075620 -0.000517  0.192379  0.113539  0.820363
  1.223214  0.807108 -0.073101 -0.000544  0.196877  0.115510  0.827865
  1.241071  0.801331 -0.070437 -0.000568  0.198304  0.117497  0.835273
  1.258929  0.795461 -0.067643 -0.000590  0.202960  0.119523  0.842820
  1.276786  0.789499 -0.064706 -0.000608  0.207729  0.121565  0.850200
  1.294643  0.783444 -0.061658 -0.000623  0.212642  0.123658  0.858083
  1.312500  0.777296 -0.058534 -0.000635  0.217633  0.125755  0.865894
  1.330357  0.771054 -0.055327 -0.000643  0.222759  0.127898  0.873861
  1.348214  0.764718 -0.052066 -0.000648  0.227974  0.130041  0.881605
  1.366071  0.758287 -0.048776 -0.000652  0.233315  0.132224  0.889863
  1.383929  0.751761 -0.045458 -0.000653  0.238749  0.134403  0.898051
  1.401786  0.745139 -0.042108 -0.000652  0.244343  0.136625  0.906399
  1.419643  0.738421 -0.038763 -0.000647  0.250030  0.138837  0.914477
  1.437500  0.731606 -0.035457 -0.000641  0.255837  0.141084  0.923115
  1.455357  0.724694 -0.032176 -0.000636  0.258428  0.143313  0.931714
  1.473214  0.717684 -0.028899 -0.000630  0.264375  0.145571  0.940455
  1.491071  0.710576 -0.025621 -0.000621  0.270406  0.147807  0.948886
  1.508929  0.703369 -0.022436 -0.000611  0.276569  0.150078  0.957912
  1.526786  0.696063 -0.019281 -0.000605  0.282776  0.152324  0.966923
  1.544643  0.688656 -0.016167 -0.000597  0.289124  0.154602  0.976051
  1.562500  0.681149 -0.013121 -0.000587  0.295580  0.156852  0.984837
  1.580357  0.673540 -0.010127 -0.000575  0.298753  0.159132  0.994271
  1.598214  0.665830 -0.007205 -0.000562  0.305383  0.161377  1.003704
  1.616071  0.658017 -0.004369 -0.000548  0.312141  0.163653  1.013237
  1.633929  0.650101 -0.001612 -0.000532  0.318948  0.165889  1.022398
  1.651786  0.642081  0.001023 -0.000519  0.322392  0.168159  1.032248
  1.669643  0.633956  0.003611 -0.000509  0.329347  0.170384  1.042057
  1.687500  0.625727  0.006127 -0.000497  0.336474  0.172641  1.051951
  1.705357  0.617391  0.008582 -0.000483  0.343673  0.174851  1.061450
  1.723214  0.608949  0.010941 -0.000468  0.347350  0.177092  1.071715
  1.741071  0.600399  0.013209 -0.000455  0.354646  0.179283  1.081913
  1.758929  0.591741  0.015385 -0.000445  0.362106  0.181512  1.092176
  1.776786  0.582974  0.017509 -0.000434  0.369618  0.183685  1.102014
  1.794643  0.574097  0.019575 -0.000421  0.373469  0.185893  1.112695
  1.812500  0.565110  0.021559 -0.000405  0.381192  0.188043  1.123272
  1.830357  0.556011  0.023424 -0.000391  0.385169  0.190236  1.133888
  1.848214  0.546801  0.025208 -0.000380  0.392976  0.192371  1.144038
  1.866071  0.537477  0.026933 -0.000368  0.400968  0.194550  1.155154
  1.883929  0.528039  0.028570 -0.000354  0.404909  0.196664  1.166181
  1.901786  0.518486  0.030116 -0.000342  0.413032  0.198830  1.177213
  1.919643  0.508817  0.031585 -0.000331  0.421212  0.200928  1.187721
  1.937500  0.499032  0.032987 -0.000321  0.425352  0.203080  1.199281
  1.955357  0.489129  0.034327 -0.000310  0.433686  0.205164  1.210764
  1.973214  0.479107  0.035599 -0.000301  0.437852  0.207306  1.222215
  1.991071  0.468965  0.036848 -0.000290  0.446331  0.209376  1.233077
  2.008929  0.458702  0.038005 -0.000279  0.450549  0.211508  1.245111
  2.026786  0.448318  0.039113 -0.000272  0.459153  0.213571  1.257130
  2.044643  0.437810  0.040174 -0.000264  0.468000  0.215697  1.269089
  2.062500  0.427179  0.041194 -0.000253  0.472108  0.217756  1.280374
  2.080357  0.416422  0.042118 -0.000244  0.481042  0.219882  1.292893
  2.098214  0.405538  0.043021 -0.000236  0.485158  0.221938  1.305415
  2.116071  0.394528  0.043823 -0.000230  0.494270  0.224068  1.317854
  2.133929  0.383388  0.044612 -0.000225  0.503309  0.226135  1.329545
  2.151786  0.372118  0.045309 -0.000221  0.507630  0.228277  1.342568
  2.169643  0.360717  0.045986 -0.000218  0.516701  0.230368  1.355702
  2.187500  0.349182  0.046605 -0.000216  0.526081  0.232518  1.368711
  2.205357  0.337514  0.047211 -0.000216  0.535392  0.234608  1.380921
  2.223214  0.325711  0.047779 -0.000216  0.539947  0.236749  1.394454
  2.241071  0.313770  0.048315 -0.000219  0.549411  0.238860  1.408173
  2.258929  0.301691  0.048861 -0.000220  0.559307  0.240999  1.421672
  2.276786  0.289472  0.049331 -0.000225  0.568920  0.243135  1.434395
  2.294643  0.276960  0.049960 -0.000220  0.573725  0.245273  1.448540
  2.312500  0.264772  0.050429 -0.000209  0.583635  0.247404  1.462905
  2.330357  0.252862  0.050733 -0.000210  0.593022  0.249574  1.476057
  2.348214  0.241224  0.051112 -0.000211  0.602187  0.251727  1.488532
  2.366071  0.229852  0.051321 -0.000216  0.610904  0.253905  1.501031
  2.383929  0.218741  0.051653 -0.000221  0.619392  0.256076  1.514448
  2.401786  0.207886  0.051801 -0.000227  0.627509  0.258253  1.526751
  2.419643  0.197283  0.052083 -0.000234  0.635355  0.260438  1.538469
  2.437500  0.186926  0.052217 -0.000242  0.642853  0.262621  1.549273
  2.455357  0.176811  0.052453 -0.000252  0.655458  0.264817  1.561298
  2.473214  0.166934  0.052565 -0.000264  0.662364  0.267009  1.573284
  2.491071  0.157291  0.052792 -0.000278  0.669004  0.269221  1.584732
  2.508929  0.147879  0.052931 -0.000291  0.675376  0.271408  1.595264
  2.526786  0.138693  0.053161 -0.000308  0.681542  0.273606  1.605385
  2.544643  0.129731  0.053347 -0.000325  0.692726  0.275764  1.615192
  2.562500  0.120988  0.053617 -0.000342  0.698484  0.277935  1.626601
  2.580357  0.112462  0.053852 -0.000359  0.704059  0.280056  1.637071
  2.598214  0.104150  0.054162 -0.000378  0.709550  0.282171  1.647148
  2.616071  0.096049  0.054471 -0.000396  0.714917  0.284222  1.656436
  2.633929  0.088156  0.054836 -0.000415  0.725287  0.286275  1.665419
  2.651786  0.080469  0.055216 -0.000435  0.730391  0.288276  1.673729
  2.669643  0.072984  0.055665 -0.000456  0.735435  0.290278  1.683935
  2.687500  0.065700  0.056160 -0.000475  0.740358  0.292213  1.693706
  2.705357  0.058614  0.056706 -0.000494  0.745287  0.294136  1.703152
  2.723214  0.051724  0.057307 -0.000513  0.750138  0.295983  1.711860
  2.741071  0.045027  0.057981 -0.000531  0.755007  0.297820  1.720310
  2.758928  0.038522  0.058729 -0.000545  0.759778  0.299580  1.728129
  2.776786  0.032207  0.059542 -0.000555  0.764599  0.301324  1.735744
  2.794643  0.026080  0.060459 -0.000556  0.769293  0.302991  1.744140
  2.812500  0.020139  0.061414 -0.000546  0.773964  0.304659  1.753362
  2.830357  0.014465  0.062466 -0.000507  0.773251  0.306265  1.761821
  2.848214  0.009567  0.063266 -0.000444  0.777371  0.307872  1.769590
  2.866071  0.005713  0.063639 -0.000405  0.780150  0.309465  1.775719
  2.883928  0.002865  0.063930 -0.000379  0.782137  0.311070  1.781036
  2.901786  0.000998  0.063961 -0.000367  0.787917  0.312673  1.785093
  2.919643  0.000094  0.064017 -0.000362  0.787791  0.314297  1.788519
  2.937500  0.000000  0.063721 -0.000401  0.791448  0.315899  1.790909
  2.955357  0.000000  0.063806 -0.000478  0.789949  0.317501  1.793441
  2.973214  0.000000  0.064080 -0.000527  0.793541  0.319037  1.796113
  2.991071  0.000000  0.064498 -0.000574  0.792292  0.320573  1.798809
  3.008928  0.000000  0.065122 -0.000612  0.796146  0.322025  1.802761
  3.026786  0.000000  0.065823 -0.000643  0.795257  0.323492  1.807041
  3.044643  0.000000  0.066679 -0.000670  0.794722  0.324898  1.811446
  3.062500  0.000000  0.067599 -0.000694  0.798752  0.326306  1.815922
  3.080357  0.000000  0.068661 -0.000715  0.798416  0.327692  1.820514
  3.098214  0.000000  0.069766 -0.000734  0.798182  0.329069  1.825187
  3.116071  0.000000  0.070986 -0.000752  0.798113  0.330429  1.829967
  3.133928  0.000000  0.072266 -0.000765  0.798127  0.331788  1.834832
  3.151786  0.000000  0.073633 -0.000776  0.802571  0.333158  1.839802
  3.169643  0.000000  0.075043 -0.000786  0.802744  0.334519  1.844858
  3.187500  0.000000  0.076548 -0.000795  0.803045  0.335874  1.850017
  3.205357  0.000000  0.078101 -0.000798  0.803474  0.337222  1.855264
  3.223214  0.000000  0.079700 -0.000802  0.804060  0.338562  1.861444
  3.241071  0.000000  0.081344 -0.000808  0.804786  0.339898  1.869219
  3.258928  0.000000  0.083058 -0.000810  0.809814  0.341243  1.877100
  3.276786  0.000000  0.084792 -0.000809  0.810610  0.342594  1.885072
  3.294643  0.000000  0.086573 -0.000805  0.811439  0.343951  1.893141
  3.312500  0.000000  0.088353 -0.000798  0.812336  0.345313  1.901298
  3.330357  0.000000  0.090148 -0.000791  0.813300  0.346677  1.909541
  3.348214  0.000000  0.091944 -0.000783  0.814356  0.348040  1.917863
  3.366071  0.000000  0.093763 -0.000776  0.815455  0.349410  1.930433
  3.383928  0.000000  0.095595 -0.000769  0.820706  0.350795  1.944425
  3.401786  0.000000  0.097435 -0.000760  0.821795  0.352195  1.958504
  3.419643  0.000000  0.099252 -0.000751  0.822947  0.353602  1.972660
  3.437500  0.000000  0.101089 -0.000745  0.824137  0.355016  1.988468
  3.455357  0.000000  0.102940 -0.000737  0.825324  0.356444  2.008517
  3.473214  0.000000  0.104781 -0.000728  0.826486  0.357884  2.028447
  3.491071  0.000000  0.106614 -0.000717  0.827635  0.359338  2.048338
  3.508928  0.000000  0.108429 -0.000708  0.832743  0.360812  2.085555
  3.526786  0.000000  0.110274 -0.000701  0.833811  0.362300  2.121433
  3.544643  0.000000  0.112130 -0.000690  0.834918  0.363794  2.154762
  3.562500  0.000000  0.113979 -0.000681  0.836071  0.365293  2.187423
  3.580357  0.000000  0.115832 -0.000673  0.837272  0.366798  2.227414
  3.598214  0.000000  0.117700 -0.000662  0.838553  0.368302  2.265263
  3.616071  0.000000  0.119551 -0.000651  0.839831  0.369815  2.300524
  3.633928  0.000000  0.121411 -0.000639  0.845129  0.371322  2.338026
  3.651786  0.000000  0.123274 -0.000625  0.846585  0.372831  2.393796
  3.669643  0.000000  0.125132 -0.000609  0.848148  0.374333  2.431349
  3.687500  0.000000  0.126970 -0.000590  0.849738  0.375840  2.463049
  3.705357  0.000000  0.128759 -0.000570  0.851374  0.377350  2.495776
  3.723214  0.000000  0.130523 -0.000553  0.852992  0.378872  2.531970
  3.741071  0.000000  0.132269 -0.000539  0.854558  0.380409  2.565676
  3.758928  0.000000  0.134016 -0.000525  0.859856  0.381957  2.587484
  3.776786  0.000000  0.135746 -0.000511  0.861242  0.383525  2.608585
  3.794643  0.000000  0.137477 -0.000495  0.862654  0.385094  2.628995
  3.812500  0.000000  0.139169 -0.000477  0.864089  0.386663  2.649413
  3.830357  0.000000  0.140814 -0.000461  0.865548  0.388234  2.680377
  3.848214  0.000000  0.142458 -0.000444  0.867052  0.389803  2.710205
  3.866071  0.000000  0.144066 -0.000428  0.872114  0.391388  2.738288
  3.883928  0.000000  0.145659 -0.000415  0.873483  0.392978  2.762563
  3.901786  0.000000  0.147275 -0.000402  0.874818  0.394574  2.785901
  3.919643  0.000000  0.148873 -0.000388  0.876065  0.396180  2.808355
  3.937500  0.000000  0.150449 -0.000374  0.880730  0.397803  2.831295
  3.955357  0.000000  0.152004 -0.000360  0.881773  0.399431  2.855547
  3.973214  0.000000  0.153539 -0.000344  0.882910  0.401053  2.878821
  3.991071  0.000000  0.155055 -0.000328  0.884186  0.402661  2.901176
  4.008928  0.000000  0.156556 -0.000310  0.885441  0.404275  2.919886
  4.026786  0.000000  0.158023 -0.000293  0.889999  0.405899  2.934459
  4.044642  0.000000  0.159467 -0.000277  0.890989  0.407536  2.948607
  4.062500  0.000000  0.160912 -0.000264  0.891941  0.409175  2.962352
  4.080358  0.000000  0.162358 -0.000247  0.892945  0.410809  2.975717
  4.098214  0.000000  0.163758 -0.000230  0.897090  0.412457  2.988705
  4.116072  0.000000  0.165147 -0.000215  0.897732  0.414116  3.001346
  4.133928  0.000000  0.166513 -0.000197  0.898457  0.415762  3.015742
  4.151786  0.000000  0.167841 -0.000180  0.899137  0.417409  3.031843
  4.169642  0.000000  0.169140 -0.000164  0.902878  0.419063  3.047509
  4.187500  0.000000  0.170429 -0.000149  0.903124  0.420730  3.062742
  4.205358  0.000000  0.171708 -0.000132  0.903402  0.422386  3.077564
  4.223214  0.000000  0.172960 -0.000113  0.903730  0.424032  3.091983
  4.241072  0.000000  0.174174 -0.000096  0.903995  0.425673  3.105799
  4.258928  0.000000  0.175362 -0.000081  0.906970  0.427333  3.117090
  4.276786  0.000000  0.176534 -0.000066  0.906627  0.428986  3.128137
  4.294642  0.000000  0.177694 -0.000052  0.906270  0.430627  3.138921
  4.312500  0.000000  0.178843 -0.000038  0.905916  0.432256  3.149463
  4.330358  0.000000  0.179966 -0.000022  0.905595  0.433869  3.159769
  4.348214  0.000000  0.181059 -0.000006  0.905287  0.435469  3.169851
  4.366072  0.000000  0.182130  0.000011  0.904776  0.437064  3.179707
  4.383928  0.000000  0.183175  0.000028  0.904145  0.438647  3.189358
  4.401786  0.000000  0.184204  0.000042  0.903516  0.440216  3.198786
  4.419642  0.000000  0.185215  0.000056  0.902887  0.441769  3.210347
  4.437500  0.000000  0.186206  0.000072  0.902259  0.443308  3.225916
  4.455358  0.000000  0.187175  0.000088  0.901632  0.444832  3.241031
  4.473214  0.000000  0.188125  0.000103  0.901006  0.446340  3.255713
  4.491072  0.000000  0.189055  0.000119  0.900381  0.447833  3.269991
  4.508928  0.000000  0.189939  0.000135  0.899756  0.449311  3.283869
  4.526786  0.000000  0.190806  0.000149  0.899132  0.450775  3.297363
  4.544642  0.000000  0.191655  0.000163  0.898509  0.452223  3.309615
  4.562500  0.000000  0.192483  0.000178  0.897888  0.453656  3.317702
  4.580358  0.000000  0.193298  0.000191  0.897266  0.455075  3.325585
  4.598214  0.000000  0.194106  0.000204  0.896646  0.456478  3.333272
  4.616072  0.000000  0.194903  0.000218  0.896027  0.457867  3.340764
  4.633928  0.000000  0.195676  0.000233  0.895409  0.459241  3.348083
  4.651786  0.000000  0.196408  0.000247  0.894791  0.460600  3.355210
  4.669642  0.000000  0.197138  0.000259  0.894175  0.461944  3.362175
  4.687500  0.000000  0.197851  0.000273  0.893559  0.463272  3.368953
  4.705358  0.000000  0.198542  0.000288  0.892945  0.464586  3.375572
  4.723214  0.000000  0.199209  0.000300  0.892331  0.465885  3.382031
  4.741072  0.000000  0.199867  0.000311  0.891719  0.467169  3.388333
  4.758928  0.000000  0.200519  0.000322  0.891107  0.468440  3.394478
  4.776786  0.000000  0.201165  0.000334  0.890497  0.469696  3.400488
  4.794642  0.000000  0.201800  0.000346  0.889887  0.470938  3.406341
  4.812500  0.000000  0.202421  0.000358  0.889278  0.472167  3.412049
  4.830358  0.000000  0.203030  0.000370  0.888671  0.473383  3.418346
  4.848214  0.000000  0.203633  0.000383  0.888064  0.474585  3.425086
  4.866072  0.000000  0.204217  0.000396  0.887458  0.475773  3.431659
  4.883928  0.000000  0.204772  0.000410  0.886853  0.476948  3.438111
  4.901786  0.000000  0.205309  0.000423  0.886250  0.478109  3.444419
  4.919642  0.000000  0.205816  0.000435  0.885647  0.479256  3.450600
  4.937500  0.000000  0.206309  0.000446  0.885046  0.480391  3.456633
  4.955358  0.000000  0.206798  0.000456  0.884445  0.481512  3.462561
  4.973214  0.000000  0.207284  0.000466  0.883846  0.482621  3.468345
  4.991072  0.000000  0.207757  0.000478  0.883248  0.483716  3.474029
  5.008969  0.000000  0.208208  0.000489  0.882649  0.484801  3.479592
  5.026947  0.000000  0.208655  0.000499  0.882049  0.485878  3.485071
  5.045005  0.000000  0.209091  0.000510  0.881447  0.486946  3.490447
  5.063145  0.000000  0.209518  0.000521  0.880844  0.488006  3.495743
  5.081367  0.000000  0.209941  0.000532  0.880239  0.489059  3.500948
  5.099669  0.000000  0.210345  0.000543  0.879632  0.490103  3.506069
  5.118055  0.000000  0.210734  0.000553  0.879025  0.491139  3.511093
  5.136523  0.000000  0.211118  0.000563  0.878415  0.492166  3.516039
  5.155075  0.000000  0.211493  0.000573  0.877804  0.493185  3.520899
  5.173709  0.000000  0.211856  0.000583  0.877191  0.494196  3.525450
  5.192428  0.000000  0.212220  0.000592  0.876577  0.495199  3.529278
  5.211230  0.000000  0.212588  0.000603  0.875962  0.496193  3.533051
  5.230117  0.000000  0.212938  0.000615  0.875345  0.497179  3.536740
  5.249089  0.000000  0.213265  0.000626  0.874726  0.498157  3.540378
  5.268147  0.000000  0.213588  0.000636  0.874106  0.499126  3.543938
  5.287290  0.000000  0.213904  0.000647  0.873485  0.500086  3.547443
  5.306519  0.000000  0.214202  0.000659  0.872862  0.501038  3.550869
  5.325834  0.000000  0.214480  0.000669  0.872237  0.501981  3.554245
  5.345237  0.000000  0.214749  0.000679  0.871612  0.502915  3.557539
  5.364727  0.000000  0.215010  0.000688  0.870985  0.503840  3.560786
  5.384304  0.000000  0.215273  0.000696  0.870356  0.504757  3.563957
  5.403969  0.000000  0.215529  0.000705  0.869727  0.505664  3.567071
  5.423723  0.000000  0.215779  0.000715  0.869096  0.506564  3.570108
  5.443565  0.000000  0.216022  0.000725  0.868463  0.507454  3.573101
  5.463497  0.000000  0.216251  0.000735  0.867829  0.508336  3.576015
  5.483519  0.000000  0.216465  0.000744  0.867194  0.509209  3.578880
  5.503630  0.000000  0.216674  0.000753  0.866558  0.510074  3.581672
  5.523831  0.000000  0.216871  0.000763  0.865920  0.510929  3.584406
  5.544125  0.000000  0.217052  0.000773  0.865281  0.511777  3.587075
  5.564508  0.000000  0.217223  0.000782  0.864641  0.512614  3.589692
  5.584984  0.000000  0.217384  0.000791  0.863999  0.513443  3.592236
  5.605552  0.000000  0.217538  0.000800  0.863356  0.514263  3.594729
  5.626212  0.000000  0.217677  0.000809  0.862713  0.515075  3.597147
  5.646965  0.000000  0.217806  0.000818  0.862068  0.515877  3.599529
  5.667811  0.000000  0.217935  0.000826  0.861422  0.516672  3.601818
  5.688751  0.000000  0.218060  0.000835  0.860774  0.517457  3.604081
  5.709785  0.000000  0.218172  0.000845  0.860126  0.518234  3.606260
  5.730913  0.000000  0.218272  0.000854  0.859476  0.519003  3.608402
  5.752138  0.000000  0.218360  0.000863  0.858826  0.519762  3.610453
  5.773457  0.000000  0.218438  0.000872  0.858173  0.520512  3.612474
  5.794871  0.000000  0.218504  0.000880  0.857521  0.521254  3.614409
  5.816383  0.000000  0.218563  0.000888  0.856867  0.521987  3.616313
  5.837991  0.000000  0.218617  0.000896  0.856212  0.522711  3.618136
  5.859696  0.000000  0.218668  0.000903  0.855556  0.523427  3.619929
  5.881499  0.000000  0.218711  0.000911  0.854899  0.524134  3.621629
  5.903399  0.000000  0.218743  0.000919  0.854241  0.524832  3.623299
  5.925398  0.000000  0.218768  0.000925  0.853583  0.525522  3.624877
  5.947496  0.000000  0.218789  0.000932  0.852922  0.526203  3.626440
  5.969694  0.000000  0.218802  0.000940  0.852262  0.526876  3.627905
  5.991992  0.000000  0.218805  0.000946  0.851600  0.527540  3.629349
  6.014390  0.000000  0.218806  0.000953  0.850938  0.528196  3.630696
  6.036888  0.000000  0.218804  0.000960  0.850275  0.528842  3.632029
  6.059487  0.000000  0.218796  0.000967  0.849611  0.529482  3.633253
  6.082188  0.000000  0.218777  0.000975  0.848945  0.530112  3.634471
  6.104991  0.000000  0.218747  0.000983  0.848280  0.530735  3.635592
  6.127897  0.000000  0.218708  0.000990  0.847613  0.531348  3.636689
  6.150906  0.000000  0.218663  0.000998  0.846947  0.531954  3.637708
  6.174018  0.000000  0.218612  0.001005  0.846278  0.532551  3.639287
  6.197233  0.000000  0.218554  0.001012  0.845610  0.533141  3.640719
  6.220553  0.000000  0.218495  0.001019  0.844940  0.533722  3.642136
  6.243979  0.000000  0.218434  0.001026  0.844271  0.534296  3.643377
  6.267509  0.000000  0.218367  0.001033  0.843600  0.534860  3.644623
  6.291146  0.000000  0.218297  0.001041  0.842929  0.535418  3.645691
  6.314888  0.000000  0.218218  0.001048  0.842256  0.535966  3.646764
  6.338737  0.000000  0.218129  0.001055  0.841585  0.536508  3.647641
  6.362694  0.000000  0.218035  0.001063  0.840911  0.537040  3.648531
  6.386758  0.000000  0.217932  0.001069  0.840239  0.537565  3.649241
  6.410931  0.000000  0.217824  0.001076  0.839564  0.538081  3.649947
  6.435212  0.000000  0.217709  0.001082  0.838890  0.538590  3.650472
  6.459602  0.000000  0.217586  0.001088  0.838214  0.539089  3.650991
  6.484102  0.000000  0.217460  0.001094  0.837540  0.539582  3.651328
  6.508713  0.000000  0.217333  0.001099  0.836863  0.540065  3.651667
  6.533433  0.000000  0.217206  0.001105  0.836188  0.540543  3.651803
  6.558266  0.000000  0.217074  0.001111  0.835511  0.541011  3.651971
  6.583209  0.000000  0.216937  0.001117  0.834835  0.541474  3.651904
  6.608265  0.000000  0.216793  0.001122  0.834157  0.541927  3.651877
  6.633433  0.000000  0.216642  0.001128  0.833481  0.542374  3.651613
  6.658714  0.000000  0.216486  0.001133  0.832802  0.542811  3.651388
  6.684110  0.000000  0.216327  0.001139  0.832126  0.543244  3.650922
  6.709620  0.000000  0.216164  0.001144  0.831446  0.543666  3.650514
  6.735244  0.000000  0.215996  0.001149  0.830770  0.544084  3.649823
  6.760983  0.000000  0.215822  0.001154  0.830090  0.544491  3.649200
  6.786838  0.000000  0.215643  0.001160  0.829413  0.544894  3.648318
  6.812809  0.000000  0.215463  0.001165  0.828732  0.545287  3.647482
  6.838897  0.000000  0.215280  0.001170  0.828056  0.545676  3.646375
  6.865102  0.000000  0.215097  0.001175  0.827375  0.546054  3.645331
  6.891426  0.000000  0.214908  0.001179  0.826698  0.546429  3.644013
  6.917867  0.000000  0.214717  0.001184  0.826018  0.546793  3.642737
  6.944427  0.000000  0.214524  0.001188  0.825341  0.547154  3.641190
  6.971107  0.000000  0.214330  0.001193  0.824661  0.547504  3.639704
  6.997907  0.000000  0.214131  0.001197  0.823984  0.547850  3.637902
  7.024828  0.000000  0.213928  0.001202  0.823305  0.548186  3.636799
  7.051869  0.000000  0.213720  0.001206  0.822628  0.548519  3.635593
  7.079032  0.000000  0.213506  0.001211  0.821948  0.548842  3.634469
  7.106317  0.000000  0.213289  0.001215  0.821272  0.549161  3.633140
  7.133724  0.000000  0.213068  0.001220  0.820593  0.549471  3.631878
  7.161256  0.000000  0.212844  0.001224  0.819917  0.549777  3.630411
  7.188910  0.000000  0.212617  0.001228  0.819238  0.550074  3.629010
  7.216689  0.000000  0.212388  0.001232  0.818564  0.550367  3.627395
  7.244593  0.000000  0.212157  0.001237  0.817885  0.550651  3.625865
  7.272623  0.000000  0.211922  0.001241  0.817211  0.550932  3.624112
  7.300778  0.000000  0.211686  0.001245  0.816533  0.551204  3.622448
  7.329060  0.000000  0.211448  0.001249  0.815860  0.551473  3.620541
  7.357469  0.000000  0.211210  0.001253  0.815184  0.551733  3.618737
  7.386006  0.000000  0.210969  0.001257  0.814511  0.551991  3.616685
  7.414671  0.000000  0.210725  0.001261  0.813835  0.552238  3.614735
  7.443466  0.000000  0.210479  0.001265  0.813165  0.552484  3.612541
  7.472389  0.000000  0.210231  0.001269  0.812489  0.552720  3.610443
  7.501443  0.000000  0.209981  0.001272  0.811820  0.552955  3.608092
  7.530627  0.000000  0.209729  0.001276  0.811146  0.553180  3.605861
  7.559942  0.000000  0.209475  0.001279  0.810478  0.553404  3.603355
  7.589390  0.000000  0.209220  0.001283  0.809805  0.553617  3.600977
  7.618969  0.000000  0.208964  0.001286  0.809138  0.553830  3.598312
  7.648682  0.000000  0.208707  0.001289  0.808466  0.554034  3.595788
  7.678528  0.000000  0.208448  0.001293  0.807801  0.554237  3.592968
  7.708508  0.000000  0.208187  0.001296  0.807132  0.554430  3.590301
  7.738624  0.000000  0.207927  0.001299  0.806468  0.554623  3.587317
  7.768874  0.000000  0.207667  0.001302  0.805799  0.554806  3.584499
  7.799261  0.000000  0.207407  0.001306  0.805138  0.554990  3.581355
  7.829784  0.000000  0.207145  0.001309  0.804471  0.555163  3.578386
  7.860445  0.000000  0.206883  0.001312  0.803812  0.555337  3.575080
  7.891243  0.000000  0.206620  0.001315  0.803147  0.555501  3.571966
  7.922180  0.000000  0.206355  0.001318  0.802489  0.555665  3.568488
  7.953256  0.000000  0.206089  0.001321  0.801826  0.555820  3.565223
  7.984471  0.000000  0.205822  0.001324  0.801170  0.555975  3.561589
  8.015827  0.000000  0.205555  0.001327  0.800509  0.556120  3.558169
  8.047325  0.000000  0.205289  0.001330  0.799856  0.556266  3.554363
  8.078963  0.000000  0.205021  0.001334  0.799197  0.556402  3.550793
  8.110744  0.000000  0.204751  0.001337  0.798546  0.556540  3.546829
  8.142668  0.000000  0.204480  0.001340  0.797890  0.556667  3.543101
  8.174735  0.000000  0.204207  0.001342  0.797241  0.556796  3.538960
  8.206946  0.000000  0.203933  0.001345  0.796587  0.556914  3.535082
  8.239303  0.000000  0.203656  0.001348  0.795941  0.557034  3.530773
  8.271805  0.000000  0.203381  0.001350  0.795289  0.557144  3.526750
  8.304453  0.000000  0.203107  0.001353  0.794646  0.557256  3.521112
  8.337248  0.000000  0.202832  0.001355  0.793997  0.557357  3.514611
  8.370190  0.000000  0.202557  0.001358  0.793356  0.557461  3.507298
  8.403280  0.000000  0.202283  0.001360  0.792710  0.557555  3.500395
  8.436519  0.000000  0.202010  0.001362  0.792072  0.557651  3.492609
  8.469908  0.000000  0.201737  0.001365  0.791428  0.557736  3.485270
  8.503447  0.000000  0.201467  0.001367  0.790794  0.557825  3.476993
  8.537136  0.000000  0.201197  0.001370  0.790153  0.557903  3.469180
  8.570976  0.000000  0.200927  0.001372  0.789521  0.557986  3.460377
  8.604969  0.000000  0.200657  0.001375  0.788883  0.558056  3.452055
  8.639114  0.000000  0.200386  0.001377  0.788255  0.558131  3.442689
  8.673414  0.000000  0.200114  0.001379  0.787620  0.558194  3.433837
  8.707868  0.000000  0.199840  0.001382  0.786995  0.558262  3.423850
  8.742476  0.000000  0.199566  0.001384  0.786363  0.558318  3.414501
  8.777241  0.000000  0.199290  0.001386  0.785742  0.558379  3.409004
  8.812160  0.000000  0.199014  0.001388  0.785113  0.558428  3.403909
  8.847239  0.000000  0.198738  0.001390  0.784496  0.558483  3.398263
  8.882473  0.000000  0.198461  0.001393  0.783870  0.558526  3.393016
  8.917867  0.000000  0.198185  0.001395  0.783256  0.558576  3.387218
  8.953420  0.000000  0.197911  0.001397  0.782634  0.558613  3.381848
  8.989132  0.000000  0.197635  0.001400  0.782023  0.558657  3.375884
  9.025005  0.000000  0.197360  0.001402  0.781405  0.558688  3.370383
  9.061039  0.000000  0.197088  0.001403  0.780798  0.558727  3.364268
  9.097236  0.000000  0.196818  0.001405  0.780183  0.558752  3.358635
  9.133595  0.000000  0.196550  0.001407  0.779580  0.558786  3.352372
  9.170118  0.000000  0.196283  0.001409  0.778969  0.558806  3.346603
  9.206804  0.000000  0.196016  0.001412  0.778370  0.558834  3.340185
  9.243656  0.000000  0.195747  0.001414  0.777763  0.558849  3.334295
  9.280674  0.000000  0.195476  0.001416  0.777168  0.558872  3.327726
  9.317858  0.000000  0.195204  0.001418  0.776564  0.558881  3.321716
  9.355209  0.000000  0.194934  0.001419  0.775974  0.558899  3.315001
  9.392728  0.000000  0.194664  0.001421  0.775374  0.558903  3.308862
  9.430416  0.000000  0.194393  0.001423  0.774788  0.558917  3.292441
  9.468273  0.000000  0.194123  0.001425  0.774191  0.558916  3.275900
  9.506300  0.000000  0.193857  0.001427  0.773609  0.558925  3.256907
  9.544498  0.000000  0.193593  0.001428  0.773017  0.558920  3.239056
  9.582869  0.000000  0.193330  0.001430  0.772440  0.558925  3.218560
  9.621411  0.000000  0.193065  0.001432  0.771852  0.558915  3.202048
  9.660128  0.000000  0.192800  0.001434  0.771279  0.558915  3.191277
  9.699017  0.000000  0.192532  0.001435  0.770695  0.558901  3.181372
  9.738082  0.000000  0.192268  0.001437  0.770126  0.558897  3.170326
  9.777323  0.000000  0.192005  0.001439  0.769547  0.558878  3.160170
  9.816739  0.000000  0.191745  0.001441  0.768982  0.558870  3.148856
  9.856333  0.000000  0.191484  0.001443  0.768407  0.558847  3.138481
  9.896106  0.000000  0.191224  0.001445  0.767847  0.558835  3.126893
  9.936056  0.000000  0.190962  0.001446  0.767276  0.558808  3.116271
  9.976187  0.000000  0.190705  0.001448  0.766721  0.558793  3.104019
 10.016499  0.000000  0.190451  0.001450  0.766155  0.558761  3.073742
 10.056991  0.000000  0.190198  0.001452  0.765604  0.558743  3.038008
 10.097665  0.000000  0.189942  0.001453  0.765043  0.558708  3.006100
 10.138522  0.000000  0.189687  0.001455  0.764497  0.558686  2.992932
 10.179564  0.000000  0.189430  0.001457  0.763939  0.558647  2.980736
 10.220789  0.000000  0.189177  0.001459  0.763398  0.558622  2.967220
 10.262199  0.000000  0.188921  0.001461  0.762845  0.558579  2.954736
 10.303796  0.000000  0.188668  0.001462  0.762309  0.558551  2.940872
 10.345580  0.000000  0.188415  0.001464  0.761761  0.558505  2.928074
 10.387552  0.000000  0.188170  0.001465  0.761229  0.558475  2.913883
 10.429712  0.000000  0.187923  0.001467  0.760686  0.558426  2.884522
 10.472063  0.000000  0.187680  0.001468  0.760158  0.558393  2.849735
 10.514603  0.000000  0.187433  0.001470  0.759620  0.558341  2.819742
 10.557335  0.000000  0.187185  0.001471  0.759097  0.558305  2.805584
 10.600259  0.000000  0.186929  0.001473  0.758564  0.558250  2.792446
 10.643375  0.000000  0.186676  0.001475  0.758046  0.558211  2.778038
 10.686687  0.000000  0.186420  0.001476  0.757517  0.558153  2.764668
 10.730192  0.000000  0.186170  0.001477  0.757004  0.558112  2.749992
 10.773893  0.000000  0.185915  0.001479  0.756480  0.558052  2.736392
 10.817791  0.000000  0.185668  0.001480  0.755972  0.558009  2.660748
 10.861886  0.000000  0.185415  0.001481  0.755453  0.557947  2.628302
 10.906179  0.000000  0.185171  0.001482  0.754949  0.557904  2.603312
 10.950672  0.000000  0.184921  0.001484  0.754435  0.557840  2.579950
 10.995363  0.000000  0.184678  0.001485  0.753936  0.557796  2.481810
 11.040257  0.000000  0.184427  0.001486  0.753427  0.557731  2.458244
 11.085353  0.000000  0.184184  0.001488  0.752932  0.557685  2.432223
 11.130651  0.000000  0.183930  0.001489  0.752429  0.557619  2.407993
 11.176151  0.000000  0.183688  0.001490  0.751938  0.557573  2.321239
 11.221858  0.000000  0.183438  0.001491  0.751440  0.557506  2.294528
 11.267771  0.000000  0.183200  0.001493  0.750953  0.557460  2.264635
 11.313889  0.000000  0.182954  0.001493  0.750460  0.557393  2.155370
 11.360214  0.000000  0.182719  0.001494  0.749978  0.557346  2.116089
 11.406748  0.000000  0.182471  0.001495  0.749490  0.557278  2.047046
 11.453491  0.000000  0.182237  0.001496  0.749013  0.557232  2.026505
 11.500443  0.000000  0.181995  0.001497  0.748529  0.557163  2.009827
 11.547607  0.000000  0.181769  0.001498  0.748056  0.557117  1.989755
 11.594984  0.000000  0.181528  0.001499  0.747579  0.557048  1.972789
 11.642574  0.000000  0.181303  0.001500  0.747109  0.557003  1.951480
 11.690377  0.000000  0.181062  0.001502  0.746637  0.556934  1.935663
 11.738396  0.000000  0.180841  0.001503  0.746171  0.556888  1.918283
 11.786629  0.000000  0.180603  0.001505  0.745704  0.556819  1.912246
 11.835081  0.000000  0.180387  0.001507  0.745243  0.556773  1.904542
 11.883749  0.000000  0.180149  0.001508  0.744781  0.556702  1.899332
 11.932636  0.000000  0.179932  0.001510  0.744323  0.556656  1.892250
 11.981745  0.000000  0.179685  0.001511  0.743867  0.556585  1.887545
 12.031073  0.000000  0.179463  0.001513  0.743413  0.556538  1.880937
 12.080623  0.000000  0.179213  0.001514  0.742962  0.556466  1.876747
 12.130396  0.000000  0.178994  0.001516  0.742511  0.556420  1.870530
 12.180391  0.000000  0.178746  0.001517  0.742065  0.556348  1.866662
 12.230614  0.000000  0.178529  0.001518  0.741618  0.556302  1.860699
 12.281061  0.000000  0.178278  0.001519  0.741178  0.556230  1.857401
 12.331735  0.000000  0.178064  0.001521  0.740733  0.556185  1.852632
 12.382637  0.000000  0.177813  0.001522  0.740299  0.556113  1.849869
 12.433767  0.000000  0.177604  0.001523  0.739857  0.556069  1.845308
 12.485128  0.000000  0.177351  0.001524  0.739428  0.555998  1.842840
 12.536719  0.000000  0.177142  0.001526  0.738989  0.555956  1.838539
 12.588543  0.000000  0.176886  0.001527  0.738566  0.555887  1.836342
 12.640600  0.000000  0.176679  0.001529  0.738128  0.555845  1.832230
 12.692890  0.000000  0.176417  0.001530  0.737711  0.555777  1.830236
 12.745417  0.000000  0.176211  0.001532  0.737276  0.555738  1.826309
 12.798179  0.000000  0.175944  0.001534  0.736865  0.555671  1.824521
 12.851177  0.000000  0.175739  0.001536  0.736432  0.555632  1.820760
 12.904414  0.000000  0.175466  0.001537  0.736026  0.555566  1.819188
 12.957891  0.000000  0.175260  0.001539  0.735594  0.555528  1.815681
 13.011608  0.000000  0.174980  0.001540  0.735195  0.555463  1.814401
 13.065567  0.000000  0.174776  0.001541  0.734764  0.555427  1.811147
 13.119768  0.000000  0.174491  0.001543  0.734371  0.555363  1.810055
 13.174213  0.000000  0.174288  0.001545  0.733941  0.555328  1.806856
 13.228903  0.000000  0.173992  0.001547  0.733554  0.555266  1.805755
 13.283838  0.000000  0.173787  0.001548  0.733125  0.555233  1.802486
 13.339022  0.000000  0.173477  0.001550  0.732744  0.555172  1.801372
 13.394452  0.000000  0.173269  0.001551  0.732315  0.555140  1.798444
 13.450132  0.000000  0.172949  0.001553  0.731941  0.555082  1.797710
 13.506062  0.000000  0.172747  0.001555  0.731512  0.555052  1.795460
 13.562243  0.000000  0.172418  0.001556  0.731143  0.554996  1.794795
 13.618679  0.000000  0.172216  0.001558  0.730714  0.554970  1.792500
 13.675367  0.000000  0.171873  0.001560  0.730352  0.554917  1.791739
 13.732309  0.000000  0.171673  0.001562  0.729922  0.554893  1.789333
 13.789509  0.000000  0.171316  0.001564  0.729567  0.554845  1.788507
 13.846964  0.000000  0.171119  0.001566  0.729135  0.554823  1.786082
 13.904679  0.000000  0.170747  0.001568  0.728787  0.554779  1.785328
 13.962654  0.000000  0.170548  0.001570  0.728353  0.554760  1.782921
 14.020888  0.000000  0.170156  0.001572  0.728012  0.554719  1.782143
 14.079385  0.000000  0.169957  0.001574  0.727575  0.554702  1.779653
 14.138144  0.000000  0.169543  0.001576  0.727242  0.554666  1.778864
 14.197168  0.000000  0.169341  0.001578  0.726802  0.554651  1.776348
 14.256457  0.000000  0.168904  0.001579  0.726477  0.554619  1.775537
 14.316013  0.000000  0.168700  0.001581  0.726034  0.554608  1.772959
 14.375836  0.000000  0.168237  0.001582  0.725716  0.554583  1.772084
 14.435928  0.000000  0.168033  0.001585  0.725268  0.554574  1.769332
 14.496292  0.000000  0.167544  0.001586  0.724959  0.554558  1.768296
 14.556926  0.000000  0.167336  0.001589  0.724506  0.554553  1.765458
 14.617832  0.000000  0.166814  0.001591  0.724205  0.554547  1.764436
 14.679012  0.000000  0.166601  0.001594  0.723746  0.554547  1.761610
 14.740467  0.000000  0.166039  0.001596  0.723456  0.554553  1.760629
 14.802199  0.000000  0.165808  0.001599  0.722989  0.554558  1.757716
 14.864209  0.000000  0.165196  0.001602  0.722709  0.554578  1.756581
 14.926497  0.000000  0.164953  0.001606  0.722234  0.554589  1.753491
 14.989065  0.000000  0.164289  0.001609  0.721965  0.554626  1.752361
 15.051916  0.000000  0.164021  0.001614  0.721480  0.554644  1.749247
 15.115047  0.000000  0.163291  0.001619  0.721224  0.554700  1.748199
 15.178463  0.000000  0.162972  0.001625  0.720727  0.554726  1.744922
 15.242165  0.000000  0.162125  0.001634  0.720484  0.554805  1.743966
 15.306152  0.000000  0.161669  0.001645  0.719975  0.554843  1.740718
 15.370428  0.000000  0.160651  0.001660  0.719748  0.554953  1.739883
 15.434992  0.000000  0.160482  0.001652  0.719221  0.555013  1.736665
