/*--------------------------------*- C++ -*----------------------------------*\
  =========                 |
  \\      /  F ield         | OpenFOAM: The Open Source CFD Toolbox
   \\    /   O peration     | Website:  https://openfoam.org
    \\  /    A nd           | Version:  8
     \\/     M anipulation  |
\*---------------------------------------------------------------------------*/
FoamFile
{
    version     2.0;
    format      ascii;
    class       volScalarField;
    location    "126";
    object      k_LES;
}
// * * * * * * * * * * * * * * * * * * * * * * * * * * * * * * * * * * * * * //

dimensions      [0 2 -2 0 0 0 0];

internalField   nonuniform List<scalar> 
2209
(
5.42284890856386
5.78388513368089
6.42294793270928
7.27889354535122
8.28226075635143
9.36911581004217
10.5001089323191
11.6441976403579
12.794147230971
13.9459067080926
15.0913248147899
16.2462681551083
17.4292499701555
18.6577849268597
19.9445287474772
21.2897803964862
22.6876258250002
24.1242101899566
25.5658867835902
26.9630832742913
28.254974374853
29.3709180877106
30.2360771455298
30.7746487160158
30.9144705030842
30.5939540902925
29.7715255875511
28.4359239899544
26.6128307195522
24.3686587391209
21.8080072892529
19.0598593750494
16.262457281802
13.545998678736
11.0167693836698
8.74930652352156
6.78371726045114
5.13030697317523
3.77668744921687
2.69557011321385
1.85330745828057
1.21404485449835
0.74407032351509
0.412565710488346
0.193203399741723
0.0643009770646258
0.00681859936986711
5.81992001238226
6.11647607346341
6.651429260077
7.39985962346771
8.31306541361879
9.33443246344956
10.4226068090122
11.548450454223
12.69017383271
13.8388762651822
14.9990608633873
16.1847178230953
17.4048467254344
18.6680208485947
19.9776916488192
21.331174172821
22.7300005998456
24.1607796343584
25.5901522961436
26.9713215329632
28.2443615658992
29.336787095501
30.170495480042
30.6669684620613
30.7534287755329
30.3707037696588
29.4827281772334
28.0854770349492
26.2130266631392
23.938539094644
21.368884492061
18.6331654287382
15.8665463575875
13.1937227463415
10.7154219235087
8.50061020733254
6.5854309908384
4.97735162131238
3.66244336641938
2.61339233930366
1.79649728828808
1.17673671874131
0.721052171146125
0.399750206257492
0.187344181289993
0.0622351709144701
0.00648662401024991
6.52330697485592
6.70931778428495
7.07469396091421
7.63925690575598
8.3851528408173
9.27813422509703
10.2790263730742
11.3536488064239
12.47101077851
13.6154294698845
14.7827145930849
15.9793495164965
17.2109645675558
18.4844367988202
19.8024203741542
21.1654044859381
22.5756167429511
24.0155728632151
25.4458120403963
26.8145079812946
28.0563850337297
29.095995667935
29.8544984635832
30.2559266716759
30.2349016755741
29.7431731928622
28.7575666457628
27.2843607278692
25.3646610104864
23.0755937358141
20.5241924185759
17.8368721697015
15.1426419739775
12.5590470112222
10.1778783449275
8.06014087484091
6.23610526866965
4.70889467916922
3.46280830241913
2.47002903237567
1.69750696126971
1.11186000165528
0.681430033552196
0.377760178006092
0.177050778124741
0.0588378856789693
0.00589450599458782
7.43652208906706
7.50312975192568
7.67425575833128
8.01114756322357
8.53451096744377
9.23508845821085
10.0893065112795
11.0620771760112
12.1151923442331
13.2226824811153
14.3709632514036
15.562166071727
16.8030322892751
18.0922563118056
19.4280658524729
20.815914908203
22.252672186734
23.7118937696854
25.149289609887
26.5037012438935
27.7053736332457
28.6811017472811
29.3557968111434
29.6578142789464
29.5286861163403
28.9283405664325
27.8427362941465
26.290522663959
24.3232839580055
22.0243190698926
19.5027711163379
16.8813677875776
14.2818110399611
11.8101039789763
9.54806994639207
7.54735210181932
5.83107815119622
4.39860558759476
3.2325155323538
2.30489467876813
1.58381212000404
1.03718329273726
0.635557186790652
0.352406499550833
0.165198320366578
0.0548936580117981
0.00572607228448776
8.47728401273302
8.43943553167893
8.43210849131548
8.54388331891231
8.82233741472229
9.28725665865669
9.93645861481474
10.7471231554598
11.6802621686332
12.7031817416723
13.7963886301803
14.9506266380182
16.1673296924112
17.4429735665923
18.7775945273983
20.1761759091562
21.6254744152297
23.0931532526569
24.5323170434867
25.88152495149
27.0672463100637
28.0098034650952
28.6321319474761
28.8651412033568
28.6546939691274
27.9706358806928
26.8101805225913
25.2026222448216
23.2090850010445
20.9188337145934
18.4422255960566
15.8981117588861
13.400542575182
11.0465269383939
8.90738792466144
7.02629903830189
5.42005200103472
4.08399781576205
2.99889654969555
2.13710593598077
1.46801301627816
0.961183105321248
0.588964762132316
0.326657045283114
0.153177531385548
0.0508971212833491
0.00542876909968977
9.58741164950582
9.47109373632529
9.32223368422612
9.23674695189695
9.27575216050311
9.4902868889747
9.8985147370405
10.4983839526095
11.2557291821477
12.1419811597245
13.1341574920009
14.2110564880604
15.3612280465401
16.5820154940065
17.8712815238163
19.2290962970609
20.6482207927
22.1011743405914
23.5401263919012
24.8994396567998
26.1000666544568
27.0544246397707
27.6784851475143
27.9017585277121
27.672794075811
26.9662526913125
25.7860771330267
24.1690631926065
22.1833812234347
19.9243188273052
17.5035760813939
15.0383505002857
12.6368406484558
10.3887375106654
8.35770073549804
6.58039686460392
5.06857263870594
3.81483809605997
2.79889167701287
1.99337036589991
1.36866128593015
0.895934933082391
0.548760902326222
0.30422004882748
0.142563545535583
0.0473633413340157
0.00507894156257338
10.7360169712842
10.5629514753748
10.3117144561663
10.0647008626891
9.89826078823922
9.87387885337544
10.0295678894065
10.3849306132537
10.926861139842
11.63324763617
12.4763800777191
13.4319965974659
14.4834167757554
15.6176056985666
16.828503545212
18.1176983998632
19.4787533303846
20.8866486808486
22.2987343130083
23.6527923000528
24.8693095605246
25.8559628166992
26.5205698971501
26.7839545149816
26.5895390921758
25.9109228879327
24.7557847129877
23.1680131265747
21.2215852732804
19.0159561691266
16.6642147389514
14.2822262246763
11.9738096047095
9.82355909647652
7.88921965707373
6.20247916261172
4.77199819799926
3.58854334918213
2.63120107269249
1.87296835701317
1.28548819841122
0.841414798318898
0.515309125155893
0.285584297932852
0.133747877857335
0.0444945917442219
0.00463345945642875
11.8879386109294
11.6826658810127
11.3600985394333
10.9986773970175
10.6720201804585
10.4402871070272
10.3522849552543
10.4533569421133
10.7568225227785
11.2486425806862
11.9029147246989
12.6951941495068
13.6075584026309
14.6180969781106
15.714257898829
16.8931272541986
18.1508771376862
19.4708944567715
20.8201518145568
22.1417067993749
23.3577360644903
24.3757421588735
25.0992454134426
25.4398064815456
25.3311806126836
24.738444574741
23.6634558792812
22.1513565250892
20.2781229889729
18.1479169345438
15.876921351717
13.581362086725
11.3640204414377
9.30574530666523
7.46084140332299
5.85738355395715
4.50133778770532
3.38179790332373
2.47774039128335
1.76276282561272
1.20943505349726
0.79110102017245
0.484296094536984
0.268435301988877
0.12569187825953
0.0417652997275388
0.0044648611185098
13.0337960284257
12.8115794581881
12.4494288216611
12.0144137833394
11.5713286927485
11.1675847874829
10.8630751810808
10.7178799910975
10.7720429468657
11.026400449467
11.4630322294822
12.0555496755782
12.7857288078259
13.6317508010132
14.5787337221807
15.6182248446878
16.7470806148708
17.9574754145778
19.2202136537068
20.4814146164092
21.6682789677688
22.6937793429522
23.4635764006291
23.8859635066743
23.8843060146769
23.411803742299
22.4614200856571
21.0699454722623
19.312016729827
17.2911810104389
15.1249289547959
12.9301746167005
10.8095324332854
8.84266250378013
7.08222845391875
5.55476560888215
4.26502453266471
3.20190780834218
2.34444672179716
1.66714499938684
1.14323216605382
0.747568304020911
0.457467817525893
0.25335605664401
0.11857687030623
0.0393828968802634
0.00421746292282864
14.1778335595042
13.9567044039496
13.5684283472399
13.0940136508956
12.5726298848595
12.0330484734688
11.5431614958055
11.1729001990993
10.9819097392871
10.9922845626077
11.1971215785678
11.5745963931619
12.1031019633559
12.7628031976876
13.5407013453075
14.4281779486273
15.4208553197764
16.5105682205695
17.6734235157421
18.8643076752097
20.0178219779339
21.0500964194664
21.8652459837711
22.3669812082558
22.4718875565393
22.1234860568872
21.3049339660003
20.0435881536255
18.4088753313283
16.5020242855198
14.4409014900705
12.3434369383763
10.3132719114392
8.43003245171778
6.74592783332171
5.28654958248053
4.05604047011603
3.04308228463449
2.2269476303787
1.582801278525
1.08496910018775
0.7092265621381
0.433901714879092
0.240238470541803
0.112404351819857
0.0373375901076698
0.00389011292389307
15.3297210356937
15.1177670668297
14.7138574812024
14.2256616196196
13.6553305479628
13.0156649106623
12.3659945709872
11.7947737927055
11.3806072478488
11.1596841526946
11.1323949115142
11.2899225860024
11.6125320556323
12.0808700485591
12.6841972231121
13.4141747838378
14.2636604656842
15.2232730660406
16.2742228018745
17.3782080819321
18.4749222959324
19.4844620755596
20.3140427238638
20.8688536576576
21.0621299800822
20.8293165424042
20.1417355366904
19.0145756711726
17.5096455363282
15.7236264449267
13.7727144487811
11.775789328597
9.83746775103606
8.03759652114214
6.42825277465093
5.03453341286575
3.86057659574097
2.89495301143233
2.11784286591005
1.50468685851952
1.03112730951159
0.673765022208634
0.412075007939638
0.228206287510268
0.1068714689101
0.035372964791394
0.00369616873318628
16.4990879870018
16.2993242971442
15.8966759340298
15.4090916606277
14.807602913415
14.0941945105144
13.3104819702693
12.5629797718347
11.9491605896872
11.513660667947
11.264948216382
11.2053906150952
11.3231440724235
11.6011588905317
12.0293429517544
12.5997468345119
13.3023499354513
14.1256836246546
15.0529326190796
16.0509467490638
17.0647663994498
18.0209641264539
18.8338777137762
19.4109737771021
19.6644479785408
19.5234310799244
18.9498771425694
17.949558885749
16.5744618009755
14.9147752033966
13.0828736956781
11.1954804417798
9.35611987349949
7.64495561534619
6.11354105569054
4.78688095426911
3.66983403577078
2.75133295474618
2.01219001488691
1.42944369848589
0.979409420265794
0.639876798962223
0.39136983341094
0.216624749303886
0.101309365327747
0.0336929081425059
0.00351478910511191
17.6951763475608
17.513747379239
17.1285759435638
16.6424802572951
16.0220051892267
15.2477274285321
14.3536452693338
13.4575879542706
12.6652217599991
12.032560823368
11.5799476593534
11.31319007637
11.2288353991909
11.3182987416019
11.5712518628578
11.97838364401
12.5298468420099
13.2125941620503
14.0087803503688
14.8885974192067
15.8038000242824
16.6873318376259
17.4584226274434
18.0277724846482
18.3079346505105
18.2267230689481
17.7412997485256
16.8509808758331
15.5980360204774
14.0652929338204
12.3577487749869
10.5877746763772
8.85543040801516
7.23922853159766
5.7905237459344
4.53469050480228
3.47647500112696
2.60625724129025
1.90612310407588
1.35397270440054
0.92762939945969
0.60592018408397
0.370534198879685
0.205053760311478
0.0958962282083838
0.0318599904526922
0.00330997543446154
18.9355071069912
18.7713745631889
18.4090378467804
17.9201157044132
17.2896014487073
16.4688996192374
15.4890819596329
14.4663585084028
13.5146569331968
12.7022651385572
12.0587865427098
11.5945881384963
11.3181898316672
11.2248717317649
11.3050163091055
11.5494073070309
11.9491265698834
12.4908959367282
13.1543670159435
13.9119221533533
14.7207186165773
15.5180764033328
16.2258302686381
16.7573568258732
17.0284398634207
16.9694200119718
16.5380270951199
15.7296058230858
14.5813963730287
13.1668107277018
11.5830363163272
9.93452581131941
8.31619663419961
6.80312773416428
5.44433178441502
4.26508566132282
3.27061918847996
2.45233110703832
1.79357106965258
1.27402041982033
0.872782950170021
0.570156983328567
0.348542367725783
0.192873324455616
0.0902120257986055
0.0299168129887872
0.00310104226912146
20.225755562309
20.0712284569907
19.7372132665003
19.2468449735429
18.6148022149951
17.7617724019308
16.7135940265274
15.5816525534122
14.4863342335751
13.5094748606997
12.6860362480661
12.0361381985708
11.5782366847428
11.3121215758252
11.2272573144153
11.3141142101491
11.5643550708681
11.9644523949294
12.4937645047805
13.1261915006871
13.8203594919154
14.5149254069459
15.1339975370238
15.5958063935437
15.8220985985936
15.7489090948193
15.3376494771456
14.5836829054465
13.5197788270404
12.2120653652604
10.7486462595879
9.2245272901994
7.72694538388096
6.32489969237438
5.06440572254427
3.96921106473239
3.04474341425367
2.28353787447442
1.67038746602344
1.18664002966258
0.812940822883768
0.531066073996211
0.324662417798834
0.17961980570108
0.0840094872801553
0.0278543002267769
0.00289916639029668
21.5666797696219
21.4158384207873
21.1168099934279
20.6300638715028
20.0044357096545
19.1246123027527
18.0152611662769
16.7894559694149
15.5645427232513
14.4385675049991
13.4490913105423
12.6276114722711
12.0028657708581
11.5769805891633
11.3363557368765
11.2696810951765
11.3696421398286
11.6244419977506
12.0155079852633
12.5154647758567
13.0814421890155
13.6534160622098
14.1594335640995
14.5238406980183
14.6754620472547
14.5578411597159
14.138222429674
13.4140206977693
12.4159455414321
11.2037304116828
9.85600596815695
8.45741726776769
7.08532399268909
5.80154777026195
4.64716852624243
3.64363882164582
2.79591377397915
2.09754186884817
1.53453040508791
1.09025881006688
0.746978465538358
0.487916499914021
0.298288729567178
0.16501466196875
0.077151924099646
0.0255775790395824
0.00266246372068699
22.9517297105202
22.808434738038
22.5369761123431
22.0634687923057
21.444749969881
20.5406914950665
19.376791242442
18.0694967734922
16.7313023757129
15.471627911695
14.3314631927686
13.356874792687
12.585640093602
12.0126749958066
11.6214396831392
11.4032749366221
11.3525122195957
11.459090849487
11.7058792253813
12.0632704895797
12.4870862233144
12.9191571472406
13.2917007540333
13.5351010851612
13.5865390724099
13.398703681279
12.9458453528994
12.2299559916556
11.2808454276787
10.1525661609292
8.91475233500882
7.64060796944803
6.39697049365557
5.23657385143776
4.19463514161714
3.28926016251663
2.52446983781225
1.89424607835896
1.38609106829243
0.984855597218871
0.674757465153093
0.440826766841369
0.269508429904615
0.149104836961055
0.0697111471214529
0.0231591383422727
0.00238332398980345
24.3639676019125
24.2366911708727
23.9725113904259
23.5223173636094
22.9015620058302
21.9762373776655
20.772972677711
19.3974069453526
17.9656953264964
16.5878196587329
15.3143108466664
14.2066877173468
13.3085050584991
12.5990013172749
12.0620617045494
11.6954475228724
11.4950354180608
11.452086514287
11.5487970179707
11.7538603032312
12.0225031298431
12.2979067295433
12.5167577966191
12.6173558345265
12.5465965581771
12.2671961729266
11.7624708038746
11.0388508306397
10.126151380101
9.07309340991242
7.94006958941052
6.78839825135767
5.67425361034358
4.64020965932127
3.71489786004353
2.91238543078634
2.23508911671312
1.67717738144615
1.22739862099913
0.872089136313764
0.597592080161905
0.390428481291014
0.238762928214474
0.132184280693216
0.0617556778916799
0.0205161551596223
0.00212157602637261
25.7751817465142
25.6631408426802
25.3916726023911
24.962510893065
24.3298277613388
23.3900069589018
22.1684810178528
20.741997432119
19.237845519141
17.7602912776693
16.3734184231893
15.1519594838655
14.1411511482863
13.306285253874
12.6308265438492
12.1194981940595
11.7710954601539
11.577016220737
11.5182344876982
11.5613478009557
11.6607880118573
11.7623878466039
11.8093436979466
11.7494844481735
11.5412852463095
11.1577473305084
10.5905313857251
9.85097150258508
8.9681841750955
7.98572515301422
6.95367500347985
5.9229939314645
4.93736374719999
4.03014701741805
3.22263889431117
2.52468908893802
1.93686502187816
1.45329853194055
1.06350621628141
0.75574589816993
0.517935809261056
0.338463822511757
0.206993705217432
0.11458833679948
0.0535448737191674
0.0178030354815028
0.00183682345379212
27.1394700442856
27.0325185961576
26.7438453843635
26.3228996012034
25.6699354131627
24.7278679850744
23.508978010357
22.0533110767437
20.4994617499417
18.9461345621369
17.4703016823953
16.1550699366942
15.0452049740748
14.0953312495252
13.2899170430932
12.6394546895165
12.1449107881967
11.7979805013083
11.5770707687886
11.4477028345492
11.3648522529844
11.2789771826511
11.1418359354174
10.9121987446162
10.5600044528664
10.0690294802816
9.43804288513147
8.68221315298181
7.82921947468699
6.9160637317021
5.98365815740606
5.07120787029557
4.21167949583223
3.42840556924283
2.73647720975141
2.1413036656927
1.64169276374953
1.23149650199805
0.901205927367369
0.640488048809945
0.439054613022185
0.286998430639504
0.175583361101324
0.0972332046021269
0.0455599522535513
0.0151356424205118
0.00153321630565125
28.3932943021888
28.2800309762442
27.9610567410516
27.5326206160216
26.8497372177618
25.9144072209812
24.7155017238923
23.2585715985971
21.6811801682916
20.0830943625524
18.5478614021763
17.1634270617868
15.9695196650946
14.9162711612294
13.9913321839886
13.2088847423222
12.570785349351
12.0687581186824
11.6801578560106
11.369539525838
11.0949341489414
10.8141456946705
10.4888346726458
10.0895242223755
9.59719073748144
9.004805347081
8.31791355804186
7.55275901957679
6.73444844314227
5.89290482898271
5.05924910291454
4.26175260259148
3.52268691564914
2.8579530361493
2.27577160267444
1.77829428460217
1.36200992109453
1.02124195888036
0.747379522520796
0.531303642391451
0.364361603299872
0.23833020506052
0.145908898399257
0.0808382136383447
0.0378324528177624
0.0125859044104659
0.00127295679922815
29.4638807111486
29.3331842835362
28.9698365576577
28.5145777996772
27.7904922366286
26.8620541077116
25.6955013198654
24.2685734778884
22.6987473421693
21.094202900049
19.5338523194869
18.1084511093238
16.8490817837453
15.7073674970182
14.6755191193204
13.7697258501618
12.9926149257289
12.3359461271249
11.776419922381
11.2810162901908
10.8129302959353
10.3384600260977
9.83095106338472
9.27185334528451
8.65300106239542
7.97485361135152
7.24679630470106
6.48493601306959
5.7097349710506
4.94334321111585
4.20714109788168
3.51937298511085
2.89365964625948
2.33832154121186
1.85680198485792
1.44828821565446
1.10830083376177
0.830789417942869
0.607948691947627
0.432459730596516
0.296765824645798
0.194247495160063
0.119031275789405
0.0660058150556995
0.0309781850372469
0.010309777237447
0.00107473028276394
30.2753511647656
30.1174270376884
29.6980141891383
29.1910125144161
28.4151697500679
27.4861523676812
26.358262046266
24.9879672569955
23.4592602189101
21.8898782392376
20.3427777952056
18.9077988947888
17.605630484146
16.395049874998
15.2722654909136
14.2547068507032
13.3471517832264
12.5410648120182
11.8146081801565
11.1385237663709
10.4841115653088
9.82755267443621
9.15400865507859
8.45581348333221
7.7331187573676
6.99194446319627
6.24317227432467
5.50023782392332
4.77765890063336
4.08937195189418
3.447967138993
2.86285823249712
2.34024248794592
1.88296434916859
1.49089483137519
1.16078080361054
0.887430243301162
0.664923658545984
0.486714979861253
0.346478119912578
0.237999006582375
0.156024357502293
0.0957100582065094
0.0531621712063556
0.024965930290923
0.0083006069747693
0.0008626795306227
30.7516888423482
30.5593803491314
30.0743841537514
29.4911545772152
28.6545832461557
27.713954046717
26.6266042389157
25.3286625254632
23.8710915763211
22.3757817050911
20.8818567137933
19.4703230420959
18.1532158781729
16.8980556303336
15.7056760513159
14.5939625236537
13.5701410795272
12.6272599447168
11.746041226658
10.9036898816556
10.0806794999312
9.26491459325789
8.45202147426698
7.64407904218687
6.84725700607248
6.0705635251069
5.32362384186243
4.61534654576512
3.95353452673077
3.3445436100404
2.79282610878998
2.30111471736885
1.87003620075514
1.49819769659466
1.18268167509577
0.919142097509496
0.702063199256565
0.526012071424763
0.385247617403856
0.274556773169269
0.188883273978916
0.123965336364381
0.0762119957367092
0.0424100559739187
0.0199564441819496
0.00666967793358037
0.000688466388706842
30.822898285898
30.5917941158542
30.0355884954834
29.3596836301212
28.4558817176361
27.4935634159619
26.4433008118919
25.2229519808499
23.8589318162106
22.4674807476372
21.0628318021368
19.708064473908
18.4071631854389
17.1373924435588
15.9024022187573
14.7210454793804
13.6030354304833
12.5440315321135
11.530152669715
10.5464520136849
9.58427209474072
8.64226382446215
7.72568030525382
6.8436626572518
6.00626864758818
5.22258544354169
4.49888848873968
3.83873356529552
3.2432728538447
2.71204494391257
2.24315853864641
1.83436962734453
1.48207298907461
1.18254083303077
0.930982547698357
0.722364880326085
0.55154475061701
0.413389633644192
0.3031397884379
0.216294107926159
0.149080326021315
0.0980818383556374
0.0604168332412967
0.0337031992487739
0.0158833685429538
0.0053116823251857
0.000554636693731441
30.4318932888195
30.1606200889449
29.5329812603912
28.7596840044969
27.7895353436314
26.8004100769148
25.7816468799378
24.6367478379721
23.3766278145006
22.1078773654869
20.8190716314089
19.5509485030562
18.298989368763
17.0469378017778
15.8014609430563
14.5816517910906
13.3992906554525
12.2545315752579
11.140267743462
10.0508574953892
8.98808462731264
7.96051487249978
6.98124051728775
6.06371407561073
5.21938484471936
4.45511879309179
3.77293501501019
3.17070931570571
2.64380471769428
2.18640932332666
1.79225769029256
1.45527044598102
1.16968557983973
0.929892143619141
0.730451795501528
0.56623885005725
0.432370449335355
0.324374922331907
0.238218055739927
0.170361915016249
0.117697855838257
0.0776430827204299
0.0479721302313675
0.0268301663720835
0.0126929046468055
0.00425343733798244
0.000447722599300862
29.5428530624056
29.2337740257063
28.5410246797548
27.6805452557491
26.6524051642677
25.6384237549619
24.6487855326852
23.5728331178534
22.4179136700602
21.2793190597214
20.1213119622139
18.9629211940046
17.7889987341839
16.5870671549265
15.3657670758029
14.1434202736401
12.9337143567903
11.74139865917
10.567553069399
9.41579020075951
8.29769425214643
7.22951336563304
6.2297190240312
5.31410550937442
4.49309266456018
3.77030434982831
3.14313870288374
2.60463051715943
2.14574894765274
1.75663752985899
1.42828908567935
1.15256304776797
0.922284866725591
0.731117244087147
0.573503667901429
0.444502653316395
0.339712718806241
0.255298183638685
0.18793440040557
0.134780351630509
0.0934104744650343
0.0618215327991763
0.0383265731808675
0.0215096815446945
0.0102064729195091
0.00343499798035553
0.000358860218588147
28.1492269446419
27.8094919955794
27.0656851329283
26.1398440910612
25.0712735360333
24.0432346672312
23.0840548590589
22.0730358307881
21.019408235531
20.0083516360305
18.986036232541
17.9507446108901
16.8779163704596
15.7549041507959
14.5916724923068
13.4041749447444
12.2073914383013
11.0113036190333
9.82342189557957
8.65655979777187
7.52979892528663
6.46539964596016
5.48474621379609
4.60381010124903
3.83096588571742
3.16605741857157
2.6025630384247
2.13004983720999
1.7359711861487
1.40873587906874
1.13751150388444
0.913308527310438
0.728431241960498
0.576412008286391
0.452010655772367
0.350638378138674
0.268482814487392
0.20231341552498
0.149423334884495
0.107569183591028
0.0748424905542966
0.0497335610852452
0.0309577001107492
0.0174482768643831
0.00831470466287815
0.00281284678644048
0.000294735014456152
26.2827775640048
25.9225046344341
25.14876012365
24.1867358344438
23.1047044498591
22.081752296994
21.1607704479691
20.2137040416773
19.2564974227371
18.3653389174349
17.4747344620204
16.5670207153553
15.6094425921122
14.588549259711
13.5125641107946
12.3952840417838
11.2515146077957
10.0942267006227
8.93772282304264
7.80140603302398
6.70969709283926
5.68874191580167
4.76074666262688
3.94067914859624
3.23409608889812
2.63770090150145
2.14216597616807
1.73452245215302
1.40088374770163
1.12855413063195
0.906389606958038
0.725102755297799
0.5771373868867
0.45659499755531
0.358376266480039
0.278595852424808
0.214002763060371
0.161870183817869
0.120054197011116
0.0868305719498554
0.0607258591025668
0.0405496961456582
0.0253718811575557
0.0143583669775399
0.00687766596035108
0.00233258586166108
0.000242748111188215
24.0126966344505
23.6456092504782
22.868182168923
21.9037207242021
20.8399011564499
19.846480942737
18.9756512892323
18.097023589656
17.2328805278555
16.452194732504
15.6843879871916
14.901750540166
14.0659598251436
13.1613382220697
12.1947264493707
11.1762591052402
10.1196250534078
9.03916666489865
7.95404574352964
6.88756086962899
5.86768083456429
4.92187362405484
4.07182253110341
3.33086667064856
2.70190972829824
2.17937449494161
1.75214165603837
1.406199836046
1.12760491010035
0.903361000760051
0.722757886839176
0.577007736113668
0.45912857732888
0.363622785691563
0.286150193249699
0.223269570708496
0.172268718239018
0.130987488211146
0.097710126214556
0.0710816273617687
0.0499953758964679
0.0335861071660964
0.021126009006002
0.0120262908403587
0.00578585948781062
0.00196924762561147
0.000210356774822413
21.4430813650781
21.0846456791471
20.3309121469223
19.399082647366
18.3854520795028
17.4476590530706
16.6398513886864
15.8375909966629
15.066573323646
14.3875323730552
13.7321210519181
13.0664612551497
12.3516525747485
11.5699968901173
10.7258908112069
9.82582568262455
8.88075910908982
7.90625667268922
6.92255480211279
5.95572957878742
5.03454776026233
4.1859008949121
3.43043835404555
2.7791507486931
2.23283991693857
1.78487071219158
1.42344315386511
1.13464334748271
0.904828473421824
0.722177288639941
0.576605353785408
0.460176880250269
0.366672530419527
0.29122832848895
0.230177752478204
0.180534249432706
0.140131878483651
0.107262457576801
0.0805826527573902
0.0590257210371108
0.0418114188702938
0.0282798384559123
0.0179073703633982
0.0102571209143716
0.00495903433388304
0.00170056358211738
0.000182013108578131
18.703723490562
18.3669982147159
17.6621587821795
16.7935537308604
15.8594664480021
15.0004792909063
14.2693232604852
13.5515283669494
12.8742554519833
12.2897390192946
11.7360760342921
11.1777667391218
10.577570832055
9.91824648244113
9.20029278672208
8.42752845970763
7.60816599298066
6.75671092926116
5.89382545921596
5.0447396062806
4.23806225871673
3.49908651153958
2.84597837482654
2.28791035731259
1.82436562441634
1.44807622674504
1.14769816540777
0.910280316229933
0.723323380322926
0.576127545899409
0.45987078213562
0.367540753491888
0.293766893344678
0.234409575963722
0.186349154589215
0.147178652361876
0.115134961468199
0.08885266288466
0.0673002949360097
0.0497122151474249
0.035498108525264
0.0241892782719407
0.0154262192716614
0.0088954431780218
0.00432915193978815
0.00149086118754784
0.00016108367225331
15.9303404502494
15.6256752567716
14.9903669992323
14.2083706042675
13.3758048604109
12.6130891406566
11.9686987935245
11.3414846746201
10.758276329021
10.2623330810242
9.80019420057949
9.33881108225725
8.84396058195497
8.29945205214986
7.70402165631516
7.05808289818463
6.3677040726737
5.64541829110241
4.91067837782091
4.18715026200571
3.5008893111733
2.87498092618793
2.32470839695938
1.85774594124832
1.4728458636204
1.16305751944549
0.917776483184237
0.7254984038194
0.57540652992046
0.458175094506219
0.366209186600845
0.29360353185423
0.235789800375073
0.189338936855797
0.151656526320684
0.120819030610738
0.0953907401881526
0.0743160389671587
0.0568289425752946
0.0423752432538856
0.0305297386288307
0.0209836335812233
0.0134887503158626
0.0078336667616203
0.00383745582441715
0.00132918233735195
0.00014442170892784
13.248392405597
12.9830888642413
12.4299051114863
11.7498432444186
11.0314540596301
10.3748545295693
9.82269563359789
9.28858798028816
8.7976270080479
8.38423445211611
8.00440848500598
7.62870105708294
7.22796464055847
6.78762319017407
6.30487303484197
5.77802849590063
5.21141205764733
4.61543139656683
4.00649183347262
3.40689976786039
2.83871319960467
2.32151692859279
1.86931275410498
1.48727972421535
1.17439138213628
0.924052551195843
0.72715912616355
0.57386169206681
0.454974470280199
0.362712729803741
0.290743128595134
0.234180263317432
0.189261896545904
0.153171248453961
0.123802360565059
0.0996171134022237
0.0794817733078071
0.0625940952558121
0.0483818983588017
0.036451021530294
0.026517522807837
0.0183938790000178
0.0119233433389972
0.00697922547178794
0.00344298863873413
0.0011999245816917
0.000130983093850313
10.7606949799359
10.5372684283149
10.0717122353102
9.49907389146343
8.8985956844957
8.35059841342192
7.89050425113507
7.44772462689064
7.04423895885941
6.70673456868
6.40001409924621
6.09918145009381
5.78040228964319
5.43136316101583
5.04792325108846
4.62789643501286
4.1736597070917
3.69394633416467
3.20269280617167
2.71795059243368
2.25908784376702
1.84245292644188
1.47903784586115
1.17342289235598
0.924109652321938
0.72554766906415
0.570211712902386
0.44981709916526
0.357046445568458
0.285345792716977
0.229687484033036
0.186098650531089
0.151548578961423
0.123756807525454
0.101080407949413
0.0822336334513884
0.066378731741177
0.0528892289063985
0.0413534757286416
0.0315005832487133
0.0231596251049048
0.0162227339024506
0.0106087592336891
0.0062623664175162
0.00311104677212974
0.00109344723368838
0.000119193211743783
8.53682240034931
8.35488852527005
7.97563573119549
7.50841547725193
7.02117340530901
6.5773120704552
6.2047300477346
5.84742391768057
5.52393561145786
5.25444538592158
5.01150473446548
4.77502963006718
4.52617732949439
4.25461956129276
3.95627941726702
3.62840791909112
3.27266601806813
2.89547145251946
2.50840538097567
2.12592129768655
1.76447590195984
1.43616071720264
1.15083168908898
0.911436493585347
0.716745841574971
0.5622480717921
0.44182124183992
0.348893715799001
0.2775058634266
0.222604798318771
0.180122016772981
0.146969229890712
0.120708565623194
0.099568168731629
0.0822115044569845
0.0676939549881967
0.0553169969379
0.0446232032810895
0.0353149476627714
0.0272153835897396
0.0202307481955913
0.0143149775825416
0.00945041946802517
0.00562430381991418
0.00281724261838806
0.000994648445628292
0.000110000968450617
6.61371407179904
6.47000151733255
6.1702449066068
5.8007906131653
5.41712965203768
5.0678325380466
4.77412063621827
4.49335661542964
4.24091834514565
4.03070287331338
3.84248307810921
3.66039558283113
3.469774669791
3.26260887145276
3.03496266069746
2.78432897686027
2.51167247725886
2.22178727192949
1.92387615817653
1.6294961867
1.3509628018204
1.09860372967868
0.879521706192441
0.69599778540364
0.547133680848091
0.429265618156808
0.337619512963971
0.267113601947108
0.213120202578654
0.171735931049397
0.13983014644873
0.114959617466408
0.0952929051115578
0.0794335859755464
0.066354966945212
0.0553099313156646
0.0457721947006251
0.0373943577898279
0.029965252800163
0.0233697122089314
0.0175701872497006
0.0125659661313115
0.00837850555384742
0.00503099552657755
0.00254129151319321
0.000905434817584863
0.000100313920436731
4.99873942618144
4.88882582404503
4.65942389897104
4.37567218839628
4.0821958328217
3.81500068359692
3.59034678992785
3.37558353526408
3.18360949770108
3.02381658808188
2.88127315828477
2.74407118150074
2.60114336841674
2.44647326070487
2.27636080228593
2.08886375045958
1.88446839128704
1.66702527045896
1.44298760689039
1.22191896331501
1.01262506602478
0.82322798239958
0.65883630360994
0.521371214203228
0.4099981762382
0.322028737300121
0.25371657137268
0.201277736394929
0.161206761224067
0.130578968685342
0.107016906667129
0.0887081647971879
0.0742363149468382
0.0625536000140341
0.052862079052985
0.0446142769693503
0.0373908686203287
0.0309396268296712
0.0251047692666713
0.0198214742540976
0.0150759263476782
0.0109040041859376
0.00734648519457886
0.00445472762804926
0.00227024618045994
0.000814756854219678
9.1219033510553e-05
3.67842007622853
3.59676618468218
3.42639566300616
3.2155728027504
2.99778020707533
2.7996023451535
2.63256135582875
2.4732091808529
2.33104893886285
2.21280850798181
2.10771179194701
2.00681366275377
1.90234312919111
1.78942950018851
1.66528125991719
1.52835738838321
1.37899741695673
1.21983027945775
1.055960265818
0.894008526412366
0.740873912951481
0.602413325704708
0.482224604640059
0.381919017764573
0.300643095367625
0.236508833407309
0.186785543125864
0.148679269622294
0.119580341904248
0.0974138992984327
0.0804015452082778
0.0671945174332363
0.0567698538743938
0.0483515301676238
0.0413377920681902
0.0353060447122561
0.0299608317609849
0.0251050309344391
0.0206263676671046
0.0164850894124043
0.0126935006735027
0.00928719318062364
0.00632640509044418
0.00387989660251131
0.00199577826151947
0.000723551640348512
8.00310840108286e-05
2.6249979021933
2.56638420807265
2.44420178358174
2.29253302562211
2.13635036608996
1.99409406859782
1.87395945542029
1.75947587880438
1.6576222350288
1.57281023328369
1.49760312407944
1.42559426843662
1.35133741176244
1.27116092121995
1.18310398466863
1.08596545322986
0.97983895520884
0.86681337039009
0.750358587418592
0.635406386256617
0.526681268862449
0.42841999672394
0.343207914222672
0.272105951134547
0.214556592905762
0.169144700808871
0.133961741063184
0.107010437792787
0.0864811540984715
0.0708605132142325
0.0588974612539079
0.0496341502443544
0.0423304632566724
0.03642391467033
0.0314868661894857
0.027207637874687
0.0233672312818497
0.0198218845568107
0.0164844297165442
0.0133423613159985
0.0103988457286421
0.00770348027949176
0.00531093807300951
0.00329512964855602
0.00171454293311695
0.000628682050435683
7.18616218500049e-05
1.80464183482135
1.76420125809934
1.67996122371142
1.57542160301542
1.46763254298239
1.3693426942494
1.28619955691687
1.20710931740984
1.13669661721112
1.07813919658805
1.02630623601956
0.976768423489013
0.925709235931874
0.870867690230688
0.810588500391143
0.744052483446941
0.67139657988143
0.593979661495417
0.514253358258577
0.435569976669589
0.361179004959057
0.294013488481365
0.235818320925128
0.187190104950826
0.147896644028593
0.116879531927713
0.0928609091043826
0.0744769114531134
0.0604786286164773
0.0498525273379516
0.0417149269891165
0.0354428371701493
0.030499954602682
0.0264990513336706
0.0231502521010329
0.0202258259034133
0.0175685694784792
0.0150758229287457
0.0126957740725961
0.0104011201571867
0.00820718991371471
0.0061595623210325
0.00430122542074585
0.00270325321132386
0.00142521960083813
0.000530029094722775
6.23955469616479e-05
1.18223765902667
1.15565527392287
1.10048647862823
1.03177099450641
0.961028133808364
0.896510736814059
0.84157652869036
0.789468054384337
0.743331145588384
0.704841896330959
0.670705441659983
0.638174401179226
0.604803558829802
0.56893516231371
0.529564178276507
0.486097071697542
0.438617729413362
0.38816110973089
0.336054338075073
0.284798145524844
0.236199711997774
0.19249859354251
0.154568573366757
0.122885303592529
0.0973182233059958
0.0771116481786542
0.0614756081467147
0.0495009781978272
0.0403945878308693
0.0334902711957301
0.0282182292488944
0.0241576194642919
0.0209634896013356
0.018382377789573
0.0162144149116069
0.0143105993933948
0.0125646412743896
0.0109033499327518
0.00928773330383973
0.00770339864124993
0.00615951876656669
0.00468560492349477
0.00331886136694889
0.00211711600682691
0.00113353942302093
0.000426683486850549
4.94052932584374e-05
0.724552092218182
0.708216867278847
0.674455641888006
0.632279749930876
0.58889108170808
0.549154903381777
0.515304646345527
0.483336094908277
0.454907003370965
0.431203947810878
0.410320492201297
0.390391138323634
0.36982637131237
0.347906281700284
0.323761231724473
0.297185397086493
0.268223801063744
0.237339800070367
0.205529563397563
0.174181573706453
0.144623834590533
0.117961065675186
0.0948222891868793
0.0755665308556015
0.0599534431716411
0.0476494739213992
0.0381123930374195
0.0308193608749012
0.0252719633502841
0.0210693086774741
0.0178713848502387
0.0154046662878874
0.0134746003818731
0.0119156820746601
0.0106049451756147
0.00944777169057184
0.00837729918538773
0.00734600652219247
0.00632711132766019
0.00531256808296684
0.00430270726766447
0.00332029164033711
0.00239250359398401
0.00155155069243279
0.000845847858173682
0.000325893419710032
3.87836289910453e-05
0.40186302041344
0.392691964026513
0.373971574987212
0.350629577686382
0.326528247964064
0.304428304344287
0.285789724617875
0.267839743828174
0.251981836650439
0.238762524877041
0.227151169106411
0.216056897445277
0.204684401462998
0.192429102788287
0.179131379352498
0.164417539376662
0.148395704345093
0.131398098864797
0.113751750947977
0.0964930555986849
0.0801609203018817
0.0654572934865269
0.0526865118422562
0.0420509764508166
0.0334570045865294
0.0266622348097822
0.0213943526916862
0.0173688576744327
0.0143075650192796
0.0119953278834827
0.0102350949574525
0.00888222380147758
0.00782584124356915
0.00697428940483691
0.00625926853059766
0.00562275510896894
0.00503155579613109
0.00445491079962054
0.00387777305653804
0.0032942722063374
0.00270403788716089
0.00211618563090595
0.00155078781507084
0.00102776685336577
0.000571904055847622
0.000225935548426406
2.761047518172e-05
0.188341323948086
0.184069220196438
0.175504201723196
0.164353317194227
0.153002643837164
0.142699145833978
0.133889041496806
0.12543749900114
0.118003272330787
0.111735015005426
0.10638267173567
0.101067442473235
0.0957084307023373
0.0900908932212292
0.0837857552536035
0.0769053519492374
0.0694052998709052
0.0614223275269983
0.053265364664219
0.045112647258771
0.037529438647451
0.0306555706592319
0.024768206098936
0.0197770825501906
0.0157771410445673
0.0126090905016062
0.0101548796427094
0.00827309714673399
0.0068451906101125
0.00576883622890177
0.0049545761988496
0.00432300260940569
0.00383488691274685
0.00344116743300525
0.0031099852534941
0.00281679456964735
0.00254099965295398
0.00227014458001941
0.00199649096660026
0.00171365495233573
0.00142530975127807
0.00113410699084333
0.000845167858849751
0.000572559516885654
0.000329034163032542
0.000134259939433546
1.72539626054383e-05
0.0625617162338983
0.0611556948455951
0.0582348773513795
0.0548017787870735
0.0509181091570976
0.0473431843043146
0.0445248975932717
0.041598921112804
0.0391648047665389
0.0370957677066118
0.0353901197316145
0.0336901303415511
0.0317459264693516
0.0298518345343153
0.0277774505557722
0.0255007409939852
0.0230239918692587
0.020378815890815
0.0176554808355566
0.0149813376155498
0.0124600338728667
0.010205906299019
0.00825163505147253
0.00661332686567275
0.00527410714433731
0.00422753533006357
0.0034158444579506
0.00279211267706471
0.00232584089183628
0.00196511578097497
0.00169530049119897
0.00149070696652124
0.00132733330831665
0.00120045095980347
0.00109153599264203
0.000995379715895822
0.000904329652833277
0.00081515418265201
0.000723106434540239
0.000628352161887397
0.000530292868835036
0.000426797460793954
0.000325130287640158
0.000225681717746532
0.000134295789403709
5.82929110195164e-05
7.96974830102349e-06
0.00668776432602417
0.00636411004364595
0.00583412450316949
0.00567188908334271
0.00530294371441652
0.00495246178156042
0.00466817693449497
0.00434935283635918
0.0040845239387767
0.00386140112381162
0.00368721293201394
0.00349610958675068
0.00326013546933773
0.0030980950090723
0.00289125670640759
0.00259362101291176
0.00237021685855837
0.00211011769179743
0.00186504144174363
0.00156422621922966
0.00130189425926031
0.00106449786116837
0.000860982742484453
0.000671498487048844
0.000568400455341868
0.000444373605808635
0.000354325513362229
0.000288105712770321
0.000254573481120671
0.000210198037843427
0.000182214921837822
0.000158621402338372
0.000143973605507433
0.00012939549387602
0.000117354448447687
0.000108778672514815
0.000100686904759123
9.13348957622678e-05
8.25791182161771e-05
7.20183632137997e-05
6.21324501828546e-05
5.00195370443309e-05
3.87123032893022e-05
2.7739836251957e-05
1.72400848238555e-05
8.29330564986517e-06
1.26631471455983e-06
)
;

boundaryField
{
    inflow
    {
        type            cyclic;
    }
    outflow
    {
        type            cyclic;
    }
    wallTop
    {
        type            fixedValue;
        value           uniform 0;
    }
    wallSide
    {
        type            fixedValue;
        value           uniform 0;
    }
    symmetryBottom
    {
        type            symmetry;
    }
    symmetrySide
    {
        type            symmetry;
    }
}


// ************************************************************************* //
