/*--------------------------------*- C++ -*----------------------------------*\
  =========                 |
  \\      /  F ield         | OpenFOAM: The Open Source CFD Toolbox
   \\    /   O peration     | Website:  https://openfoam.org
    \\  /    A nd           | Version:  8
     \\/     M anipulation  |
\*---------------------------------------------------------------------------*/
FoamFile
{
    version     2.0;
    format      ascii;
    class       volScalarField;
    location    "126";
    object      kDeficit;
}
// * * * * * * * * * * * * * * * * * * * * * * * * * * * * * * * * * * * * * //

dimensions      [0 2 -3 0 0 0 0];

internalField   nonuniform List<scalar> 
2209
(
-10887.1962945476
-10591.1016554112
-10924.499866745
-9714.19409842667
-7693.48659640803
-8889.98261414222
-7715.50291762436
-4911.81378515433
-799.964280863249
6563.98121600239
13640.3600856714
22751.4771880874
35062.4464396998
52136.5300706541
77080.3555928068
110983.445667067
156828.624364739
221863.081848628
310075.480009667
424843.998449574
570979.351455088
749756.07407169
961373.288702936
1205555.70067451
1475884.68837279
1763912.22140825
2056503.2005884
2343664.25999631
2619188.19946718
2884629.58057097
3150983.6553328
3424466.45463277
3702950.97620992
3975128.09480692
4222700.51139774
4433892.81813045
4604006.07580041
4738465.51184589
4848241.0056095
4939240.51260467
5022249.33862135
5095019.52165827
5155908.07450831
5168010.40185987
5023675.47011598
4374001.133191
1770840.63185808
-10892.6156624338
-10179.8900137674
-10416.0714631098
-10084.1161898992
-8856.60749602448
-7749.61811686649
-6429.1085280612
-3203.13357124539
761.522743576264
5870.45846452484
12728.1395685456
23562.7103109382
38289.5966481958
58330.2797878631
85102.4683153683
117615.271048079
162828.721535506
226804.465568024
312993.434390807
426547.243684163
573391.959897503
754738.591791086
969563.554512872
1216585.77680248
1487371.2397316
1771582.06235904
2056139.04852738
2330930.51292039
2592267.68473308
2844536.61902761
3097036.40584752
3357117.63199626
3622351.31178206
3880119.98797528
4114131.48351312
4312413.90507193
4472238.99517221
4598870.86228041
4701518.00516526
4789192.74621453
4868181.85284347
4939064.03868849
4995393.20959484
5005889.66438248
4875176.83808679
4230222.07488228
1673058.65935299
-10259.8755573834
-9670.08409102669
-10543.2695094832
-10037.1145510315
-9024.88826579123
-7423.16034418469
-5229.25306196581
-1565.4720754966
2815.04811189615
8581.24977753535
16032.3029841476
26741.9053171819
40743.4856165563
59808.5953429402
84707.9956203917
115773.327817968
160888.655803018
225803.662483842
313060.532351196
428273.21964306
576237.34011655
757281.219019967
969120.448294977
1207825.52270001
1465975.94831613
1732623.46225553
1998612.20926921
2255118.49813344
2498858.58768307
2734768.73144567
2970615.01394321
3213507.39425787
3458686.2408787
3696292.57565772
3910079.55824138
4089632.51947891
4235180.18415034
4350116.30890351
4444992.38102535
4526928.51943737
4599700.08565058
4667544.50456004
4723801.97236115
4731493.14872559
4608958.01732168
4004226.75855552
1495529.87959842
-7801.77208233665
-8961.37643946431
-10286.2012512655
-10947.0043581832
-10281.2522582528
-8850.59424021668
-6062.54836345786
-1743.35958948849
3526.06775021
9959.29433441359
17155.0538915611
26721.0794527239
41462.8264906344
61130.9970404239
84651.1200764954
116459.380479712
163486.919327123
229157.61635089
318399.019670926
433402.100903709
577735.923533216
753163.442393307
957786.90612583
1186423.37134679
1431443.89061765
1681362.63996889
1925121.01735229
2157850.77248693
2378961.56263225
2593561.33420662
2810476.70882036
3034166.80369368
3260891.81487759
3476648.43207723
3669637.56676538
3830826.82895593
3960007.01988416
4062571.53547488
4148520.73275035
4223507.66277797
4292409.56598995
4353303.73265654
4404089.36596951
4414217.84865344
4300043.63519577
3731857.56942698
1477377.46298739
-5739.39091274132
-8076.3339050853
-9699.92147162636
-10558.8616853053
-10440.3144217094
-9631.06436539063
-7302.77365869199
-2779.52054896715
3000.43699909365
9490.87255684227
17344.4693134458
26722.4316323298
40693.5213036371
58735.1534754034
81188.3264271278
114371.882305129
161523.710215169
225566.837418422
311534.496434867
424156.676218628
567595.425119516
739714.676563165
937789.249841448
1157268.60426438
1387178.32213598
1618009.53379831
1840214.58344332
2049877.60502333
2248839.32672523
2443245.969476
2641620.05353997
2846541.27598548
3052308.3339789
3247489.9618139
3419659.76025873
3562540.43349669
3677280.69557363
3769177.29584434
3846130.11513709
3913711.86753662
3977063.58422322
4033501.50957774
4080666.4724082
4092476.02045897
3987798.98671661
3458125.17893374
1413122.92515911
-6927.34705403732
-6914.18000336727
-8317.16782331812
-8503.25654158614
-9679.65578150041
-9577.51664680133
-8126.8541573693
-3431.8514589578
1663.27912824855
7769.73916961816
16310.5460774748
26527.0807904316
38511.0692894191
54653.4519897738
75450.7572282947
103733.299656363
145472.706663961
205269.864221952
287632.128900756
396613.731665858
537143.700998638
705403.006887769
896309.364900853
1105760.88166528
1323495.0509007
1540047.31348129
1746462.02598134
1939574.86891582
2121561.07846239
2301158.78944442
2484792.88962093
2675536.91740035
2865646.57572256
3044403.16942018
3200410.38689071
3329460.4067941
3432420.10457674
3515183.07682143
3584901.12223041
3646877.55936674
3704607.27381058
3758568.37784062
3799863.91336916
3809288.38654406
3709028.01020208
3217234.73814082
1324821.21012572
-4637.52127905015
-4893.19865895512
-5153.32118119775
-6008.60057681191
-7183.69340246431
-7812.4922392064
-7310.87788134645
-4226.67285106962
219.187855333061
6669.36178342249
14758.3485675651
24540.5442209525
36994.043098943
52119.5427413226
70272.8797189577
95741.3233655756
133408.637525891
186853.030284167
261455.551900293
362871.519518478
495646.677801034
657179.16937504
842309.883134377
1044179.04177141
1252137.89722406
1455999.51758172
1647518.8212649
1826670.9853727
1995997.43926388
2164577.96436552
2337974.69234489
2518938.9219136
2697826.74134645
2865519.30689376
3010779.88104715
3129632.1551726
3224602.94790632
3301417.19200942
3366567.9901145
3423640.64012933
3476805.29451855
3529730.09013752
3568514.19493606
3575794.84686291
3478476.3339672
3027297.87889278
1194653.32660389
-1279.95501250354
-1749.26882082671
-2341.10967077985
-2876.23112010617
-3347.74695070965
-3604.9632666332
-4647.11681539422
-3565.99258017814
417.910503227482
6506.03011716976
13926.4060588351
22903.5016451785
35694.7646708244
50389.4921582463
67043.1771018262
88545.1878083985
119525.572967746
164179.522533701
229444.706922758
321244.039410124
442875.982144947
593871.860185425
771477.659226409
967206.407038597
1170505.75781735
1370241.73246012
1554482.22384733
1726221.8896249
1885581.29701126
2043967.17140638
2207267.1060759
2376722.77577871
2544610.77350966
2700273.35343503
2834939.58770546
2944902.42801044
3033194.97235864
3103877.25472458
3164044.50674458
3217363.15699167
3269218.30199197
3314201.59593343
3350363.83089374
3360750.12703336
3267665.57979098
2837485.893458
1163244.94053028
2240.87864627647
1137.31012679369
1877.4748695267
1374.58255383403
1696.33934730949
1287.15544939717
26.4507803504093
-791.59996547264
1203.85872319096
6323.43626777963
12840.7913007297
19988.0737693039
30208.3655918859
42580.9872840673
57460.1387195785
75348.791588657
99814.5420476818
138045.292087188
195365.061413417
275330.651311022
381582.446837882
516495.534958774
680236.380770204
867377.920790795
1066356.82865994
1264101.22641926
1449617.14015061
1620094.84533049
1778217.43797041
1932824.14539534
2090515.53203619
2252342.57580744
2411277.78254086
2557472.77358104
2683111.58770898
2785509.40086545
2867035.83964484
2933036.69538866
2988549.486567
3039462.36169151
3086207.98385586
3129699.73949944
3163091.5266809
3168550.20448611
3081184.11422117
2674663.80667231
1099530.4073402
7732.64460370201
7647.30121747592
7581.89508836957
7441.76315679017
8459.07288383905
7452.60081654467
6667.97869412891
4903.81659660572
4378.62040077624
5339.67189112279
11475.8870615505
17355.1191567848
25209.0629450536
34614.5333149057
46571.9374037281
61711.3438311529
82878.3611886452
115033.853707054
163252.512258358
232110.607323793
326653.586099235
450498.436150651
603527.519121892
781397.574908153
974761.378287555
1170410.58820719
1357255.52004487
1528943.64383302
1687124.52570027
1838910.04153075
1991156.16823178
2144998.5432679
2294911.76514094
2431686.81205646
2549066.97133255
2644462.79967802
2720621.75334118
2782615.9098557
2834880.84685602
2882211.06018029
2926531.63707665
2967337.25265336
2999321.15728716
3003936.91909242
2920517.14222585
2537737.07672679
1003198.44412713
15991.7032130445
16650.6733370319
14199.3318095597
15050.6120807152
16648.2482709807
16349.6746443356
14319.7240593849
11348.1881194841
9416.82586615716
10319.5489953382
11170.2706173965
16882.3469923699
22704.5249725427
29842.0044626682
39577.3815896777
52688.1045626991
70689.094330017
96871.7366980282
136944.555943366
196136.332472392
279236.858585575
389960.190229882
528706.071480946
695302.198660015
882247.08413578
1077326.03472248
1267215.93617164
1441756.35950768
1601794.76132085
1752567.70323137
1899725.05093026
2046084.97026041
2187468.36921449
2315463.78391062
2425173.24643393
2513798.25782075
2585406.75740441
2642685.89185098
2693435.217685
2737020.6964016
2779486.47584137
2816631.70711417
2846052.41909213
2852878.31063696
2778823.26914984
2398381.00271303
954304.639131152
27415.8686163742
27425.2757178305
23675.0557015922
26151.0768373209
27282.3939575357
28303.5565841999
24733.0085021173
19606.2938826941
16984.641732024
16278.2957941489
15517.081614377
16567.5566514825
21653.9645137838
26888.4654644687
34762.1265138441
46488.9625050522
62222.9412622752
83918.1514853991
116949.790843422
166912.121841118
237388.407602508
335273.690084263
460428.813057356
611617.636221529
791425.164784143
986532.486721942
1175999.68329184
1351918.44580788
1513333.42894624
1663682.28968569
1808011.07794849
1949041.878349
2082543.91566779
2203359.06168149
2306298.52531831
2388444.43257311
2455977.10859922
2510402.70796549
2556783.49027083
2599412.56827678
2639364.96027349
2674221.71614224
2704196.9574242
2707955.41658552
2631113.38906799
2291749.82686775
906869.343580245
40679.1939616267
41718.7637658793
38982.965640185
41540.7224373163
42159.9206902495
41483.8803788279
35644.5581902418
29751.9447021595
25774.6282061682
23209.8985440786
21548.1061888472
21102.3338099362
21567.7994631004
24967.6744792539
30861.7302718769
40013.4632582686
53292.6333633536
71720.573242822
99049.8518013294
141551.478475736
204561.784425773
287440.085218676
396352.557093823
536637.780746584
706070.779021306
895165.179919417
1082751.34197567
1255953.00296786
1417035.17149906
1568168.51329207
1710713.41230874
1848366.68208366
1976234.9834559
2089991.37196993
2186202.30492327
2264101.15182605
2326416.39696367
2377102.91155685
2421876.63981403
2461265.27595514
2499370.26867526
2531166.24684464
2559359.53911179
2562453.71018731
2490474.45001828
2165836.77222249
852607.309085127
60027.5483997375
62256.4905504921
59193.630873005
59236.4639468125
58927.8238068366
56302.7907576435
49874.8449787229
42681.1436595688
37086.3193545
32876.7496467524
29935.0864796719
26227.0180326621
24549.7202046161
25076.4240395187
28144.6247550733
34450.6879429684
45011.3173648999
61332.8114475371
86124.010860408
123986.940433379
176790.787513645
248337.566855013
346939.933119348
475049.758723393
631476.599270085
809069.52374833
989113.124645532
1154506.15993698
1313047.95300757
1462349.35336713
1603674.30829049
1737692.45429527
1860475.08598583
1969068.10665088
2059097.6447479
2131926.32369802
2190208.56952401
2237768.86899139
2278668.94143035
2315721.38815629
2350513.06791133
2382369.98945197
2405839.89706297
2409579.91232158
2343072.40503448
2031409.96038065
798051.079805214
86049.014393961
87340.8449432202
83824.3218041044
80999.0224114431
79655.7992212101
76832.1825689666
70617.4598770925
61357.4022659593
53179.3960407501
46695.3041822725
40652.3113161666
33747.5530531335
28799.542544117
26877.773355615
27271.4186973191
31730.5543359543
40422.0727131972
55556.3998949195
78456.5403453961
112450.869210896
157196.043749279
221339.39567859
309301.832550182
424117.519515609
565347.400307162
727328.630190331
894766.087576077
1051365.27462504
1201170.84306009
1346071.33497339
1484186.81326543
1614108.13883032
1732303.3963469
1834854.36972548
1919550.14264153
1987280.73264623
2041112.41697915
2085188.20615603
2122916.10922438
2157322.39081816
2189320.23843554
2218811.11184852
2241231.86336566
2243309.43086354
2181800.35191613
1890917.26859215
747348.112116034
121107.864530161
118557.286567741
118430.555069279
111831.494043701
111287.77875026
106940.386121587
98512.0187810925
87230.9558770295
74687.0217812896
65382.9415736447
55821.8582280223
44867.4453607665
36350.6690687624
32831.7262191908
32596.3271808155
33439.6265720237
40048.2126779978
52859.6109195712
75382.073208434
103965.914554798
144220.000398289
201032.997413113
278699.955059004
380465.840316745
505899.553490226
650670.259098296
802384.349511071
945513.460185467
1083739.32046997
1221355.41355033
1353653.66820921
1478193.21243906
1590025.0775551
1686414.62563656
1765089.85410655
1827628.19258227
1876598.96338093
1917457.54971167
1950941.58110995
1982567.81985536
2012241.0361033
2037935.68730657
2059152.21917944
2060740.37276177
2003047.19547984
1736209.53469214
686359.266264849
168454.340407969
162844.199672455
166076.748557041
156718.569315816
157521.742639489
150002.335607402
136012.288691209
121067.136800376
103254.43887775
90101.6348141599
75872.1983143332
61011.3984259424
50990.7976823174
45908.1266050835
42731.0556239901
41912.2538218382
44070.9648484915
56563.6638344415
74839.1214149702
100539.289211411
136556.085424441
187116.692977762
255936.165648371
345232.067623042
454644.441096388
581360.582551327
714227.851740185
840685.83320891
964719.719206088
1091579.24709288
1215364.93232366
1331563.67180589
1435660.90506943
1524207.13808058
1596077.66124872
1652573.65050295
1696755.45540124
1733207.76793607
1763911.3797171
1791737.28631905
1817754.45792962
1842265.07388356
1860939.67482714
1862740.50894025
1810060.47067671
1574673.96213157
611539.251199208
231852.518810603
228075.562381459
228345.125908624
220983.156175753
219833.817906022
206784.751561555
186775.693031327
165619.943561841
142539.552058447
123208.334302975
103079.384376432
84347.623675536
74037.3546296114
65919.9158549408
59518.122672043
56311.5111973243
58946.4177986737
65070.1604605173
81259.2052560364
103452.03365221
135862.589693442
180814.98313249
240776.877370427
317628.785961545
410854.407942963
518168.083632646
631042.989688461
738527.385219793
846640.368121623
960328.730754398
1072846.31711429
1177556.93965363
1271961.41556948
1350941.83227556
1414897.28295503
1464904.1599758
1503738.69976336
1535711.65236112
1563276.15229247
1586667.35103216
1610633.62746026
1631616.75095805
1648926.03326007
1652910.27701994
1602417.58904847
1394781.47809533
545460.167370163
318346.078607789
317652.448604746
314008.018543593
309212.240128268
303693.062551309
282923.334679269
257552.981584151
228152.259383349
198765.339395083
170739.530415279
142578.172542422
118528.165561782
105377.586823572
95559.0809083401
86088.5095659751
80515.8498166387
77843.080751444
82618.4224280409
93700.9207425223
113383.138198581
141802.821884331
180541.034993632
231235.250528799
294985.88611365
372096.985843752
460357.950708355
552412.611905661
640521.833762896
731873.566027707
831342.676372337
929226.072885501
1021777.53832284
1103604.68302182
1172234.16876162
1227285.84023024
1270260.10890438
1303529.55662172
1331796.92701234
1354855.0369755
1375779.08227681
1396383.57171785
1415242.36961419
1429832.45044341
1432853.12156228
1389635.4382313
1211056.36765124
471810.552219616
433933.624147678
433699.066350924
428753.262626562
424000.841943644
413444.935761447
387160.519113184
356712.396156033
316647.461897357
278209.451655694
238406.33549996
199893.632681466
167701.319883047
150280.988604808
136981.541157002
122275.405894354
109651.989000658
103538.07431786
104890.474565693
113678.25463842
129602.017774284
153244.899778581
184992.358701564
225863.954900822
276490.236985985
337273.84056829
407131.70697674
478781.990632933
547920.73621792
623284.924121534
706911.165591104
790185.553634249
868177.604185889
937671.430108721
994413.234988142
1040683.59906384
1076426.25352173
1104596.04563717
1128686.53358862
1148748.84250257
1166590.39545761
1184573.58311737
1200879.78347788
1213838.38965315
1216006.35110241
1185582.30776764
1029560.3755407
390832.280920718
581400.035419568
580837.205474402
574094.632439778
569721.188577297
553144.840896073
523570.448167526
486741.110846236
434991.563313533
384248.332965202
330078.994063832
279171.337148596
236967.331223999
213747.015054244
190520.152469266
166705.60747418
149468.012959123
139118.228593706
136467.826681259
141399.911337762
152735.623576594
169944.31020746
193740.732225578
223828.488511627
260997.555640324
306074.70074173
357746.585471859
410657.891822274
462154.969810918
522524.891151536
590910.267385054
659214.386915557
723215.94093939
778755.435965869
825427.109947072
862549.520012479
892856.339765866
915045.066980692
935230.284555449
952916.798686806
968255.963108277
983658.299942484
998223.427620438
1009669.6244911
1011859.27419326
983406.953714148
856901.940828027
324275.439015084
761527.200561226
759831.191070577
749613.637319636
746148.032954713
721244.845567331
687730.763252925
644037.85050902
583512.149750195
519391.75168439
450956.216560985
385806.421130733
333893.139911167
296804.29071055
261054.450049307
229353.772308295
205305.638119289
188674.207449334
180289.430113944
178954.528415358
183686.135207789
193220.96571074
207060.702813705
225412.349966299
248279.04621436
278119.80918138
313096.221292306
348402.782804384
384644.6851458
431750.563518436
485927.637039557
540034.474202562
590298.937657092
634335.633312886
670859.889066044
700238.050999451
724367.482695973
743282.269437715
760721.195343811
774587.437475463
789155.365872339
802167.859287305
814440.306903981
824816.698655053
826742.702854609
807209.413273985
701621.976085086
277219.792088593
973796.884033525
970151.361021764
956089.472007237
949519.207349042
915124.89921709
875319.045320731
824201.403243972
759157.253114964
683532.813050647
602911.265333781
523163.378215452
458829.934702315
405130.878049451
357945.331639718
315589.40215493
281414.308629707
256051.998387039
238990.785014312
229084.826822853
224191.183061536
223256.888637783
224959.904726769
229407.672144485
238914.91336894
253894.564689942
273483.936259218
293484.953041219
316918.030199897
352781.806948271
393953.089114312
435445.920707447
473857.505372595
507332.217497273
535151.1943891
558545.444651017
577990.335596808
593724.740516234
607680.354015741
620084.355006038
632901.684491931
644059.527706276
655876.619509195
663996.75282847
667148.131979037
650916.378772999
564543.031368053
222246.166388133
1217767.92956037
1210069.60037889
1190575.25384525
1174627.59801463
1129635.17260849
1080273.79101816
1022382.74115832
953962.889158418
869851.53621664
781376.31491773
690834.418562548
611181.574453325
544604.748372425
483881.624353702
428646.028722245
381624.561606673
343978.269636975
315231.125003043
293009.230776026
275361.503783528
260447.200071892
248098.754493563
238743.580922461
234316.70301675
234393.124181564
240405.04062708
246450.428510999
260327.856076362
286537.491149111
316569.736622586
346773.536367289
375041.377456572
400159.620509178
421419.884140861
439378.619774498
455093.93346389
467974.459309285
480092.463904745
490858.51213726
502319.94922523
512721.134696677
521875.851101638
530534.465882937
533584.072696103
521358.36620452
455263.468949593
176870.671444567
1483332.44172445
1473208.51181241
1446046.79997646
1415240.08898288
1355299.58185442
1292796.39628771
1227089.30684445
1155235.21905536
1067786.73231664
975393.113130744
879813.231009728
791649.830055294
712241.091519281
638285.627652893
568403.146996677
506118.597501853
453149.403582864
408598.169458664
370505.402602372
336479.287450601
305674.617293125
277860.647436994
253679.720098789
234350.535474087
221367.904146072
213727.663265227
208790.282158733
216571.107702252
233344.235768228
253545.998098307
274254.366696277
294524.072605562
312459.105108689
328730.267298754
342843.720231232
355190.266234335
366466.741604211
376743.847880281
386993.051014743
396172.873728335
405665.953450344
414527.280491288
421601.0508489
425241.322724125
415494.217000786
362594.755434671
143157.338436254
1764987.05294744
1749029.77365217
1711578.7892378
1660370.33987966
1583515.58468968
1505127.85184596
1428986.49858105
1353207.90391491
1263898.08303512
1171870.27155633
1076264.33860328
986146.646905584
899008.316984275
813659.47283076
729118.024876019
650431.725543216
579546.639668937
516480.754304608
459338.219665927
406509.900742788
357442.628084599
312617.355866248
273234.787238532
240202.576146232
213623.340062858
192821.575052115
182239.478225104
184379.44463195
192270.46459662
203812.570435752
217021.88784389
230437.377775671
243428.628069413
255545.746382507
266604.827865761
276900.202605393
286496.618298273
295654.282071252
304457.558023462
313233.840521409
321467.75700392
329469.554682837
336252.377160641
339505.324550771
333212.999434895
290694.675363757
115935.118873699
2049347.34226859
2025955.08998539
1975191.68117383
1903012.91434722
1806122.67361626
1709256.73845342
1622615.42941026
1539019.3731464
1448015.98007261
1359286.99726505
1266143.50708905
1174973.80571705
1084506.8748969
991026.79477891
894865.835727632
801193.893285528
712574.846121294
629248.684318798
551466.098828364
478122.888348148
410053.90343717
347822.778778565
293035.266996924
246111.078292133
208581.635378475
182084.158378685
168136.085918159
162006.64147649
162121.374333606
166180.724574562
172952.77688407
181204.087457438
190109.288693576
199083.677934004
207907.671594155
216543.652921388
224902.130832663
233061.587982593
241051.415083528
248958.749211414
256511.676739044
263694.745073062
269956.305627369
273366.344247556
268713.786431918
235462.799612573
92641.9197739449
2325245.06119039
2294376.9857589
2228603.06835695
2136774.95559267
2017998.19422975
1901933.07602878
1802758.36029113
1710678.73192294
1616357.88789279
1529838.66631442
1441276.487673
1351153.80295708
1256171.18630866
1154048.74042984
1049755.39081623
943091.580520163
837742.574990244
736421.591880898
638957.247346568
546727.790331365
461126.538190243
383738.757981286
316239.371693703
259700.072022615
216157.604521459
184048.834234838
161820.827362431
148218.863606615
140832.700252542
138774.001626472
140173.656567743
144228.942093791
149948.452716366
156337.897124485
163472.72160184
170735.442438711
178097.882683391
185467.39009658
192753.687142921
200101.567861573
206939.004656772
213558.398428295
219338.354678653
222921.133983041
219795.525874882
193457.698830065
76179.885165062
2590495.5117855
2550471.54479007
2469203.92439882
2358602.94117738
2220394.29949972
2086611.09101135
1975846.17044275
1872441.62608399
1772664.94260599
1686397.30144723
1600875.83655649
1512897.22259553
1416845.46827697
1311601.59358971
1198427.91059095
1080600.90978632
961529.506355214
843839.046043164
729740.515923377
621432.641444056
520765.085067315
430293.070845815
351567.650175284
285652.060180189
232668.752638008
191716.54079448
161661.820288842
140766.590799588
127189.39211177
119656.15766009
116786.023600483
117293.624650041
119982.905441607
124727.58440036
130115.40588991
136248.190296158
142899.101879514
149514.020961825
156077.433377371
162858.626101967
169480.141604496
175474.568156154
181161.382729082
184319.161910702
182688.953253883
160719.761256478
62566.2684526342
2846717.22773681
2798273.94175111
2702782.11715021
2574521.82634065
2419273.01974182
2269699.56235451
2148507.99148255
2033497.26136318
1925107.12504686
1835840.18751056
1750147.48424747
1663735.67442975
1567811.68655543
1459859.95771751
1342348.99382206
1217103.03720073
1087918.8980214
956878.891789581
828340.691820694
704422.432619265
588645.659634589
483995.755360421
392253.194313671
315038.86564336
252287.532974372
202923.267161199
165546.913553533
138205.577626795
119607.114909751
107485.529947839
100746.36092954
98118.5421085852
98569.6805597134
101201.376403578
105383.606102931
110543.43287183
116303.700305068
122399.383994949
128603.343097534
134895.50281575
140940.731992836
146820.446645196
151941.730142842
155474.209288623
154299.457807334
135906.11972399
54787.9170144065
3100846.23873275
3046710.88355937
2937229.28036851
2793934.33704804
2622057.53125635
2458782.14251807
2324847.55621459
2198398.43170682
2081135.20284901
1985327.13416394
1896546.23493501
1807546.68938079
1710474.15318382
1600375.07267801
1479696.12814772
1349029.1759364
1210491.63062744
1068374.71568298
925446.247520498
786938.554487466
656387.199415926
537277.454605587
433039.736504527
344912.155264658
272698.694399371
215759.194640656
172188.02735292
139829.150029801
116415.386535657
100660.552739648
90660.7755871106
85286.2152820175
83524.2323064528
84326.0716329858
87307.7853608645
91363.6346631165
96327.6173122294
101884.054763362
107798.340888906
113566.781510234
119444.606281623
125037.569653324
130075.193050825
133649.233915233
132872.122196014
117933.543777343
47439.7954116983
3363347.62674631
3302380.55270817
3177818.09259231
3018372.32986911
2831313.53546546
2654196.19090975
2508309.89044141
2369408.52078845
2241152.85720248
2136403.30387616
2041626.11269332
1947880.57124603
1846778.28129278
1734326.71454397
1609176.28214445
1472735.78193357
1326126.65671868
1172804.42062633
1017420.74665453
864041.592307112
718974.903336538
586679.173624695
470581.964347986
372560.843863411
292496.784035396
228947.599141249
180129.959134175
143624.133906915
116859.33568895
97909.7345245246
85257.1074869006
77452.2126845365
73556.3655659098
72649.7356744711
74077.2469824379
77101.0156607573
81367.4986158605
86387.1561774053
91774.4694248064
97368.0076504142
102988.876576558
108303.604340692
113208.046690691
116829.613577623
116707.84694872
103649.560668034
42139.3363326979
3631183.63062476
3562306.549653
3423038.01547273
3244518.94357293
3041349.92378028
2849726.89936971
2690456.84391637
2538232.4508611
2398553.04235352
2283854.71028379
2180661.18094603
2081048.74809562
1974611.27248221
1856707.46081115
1727117.91544706
1584379.07479063
1429473.64347196
1265336.01047911
1097838.07644485
931620.344375889
773518.519436903
630022.648642128
503369.011934754
396944.952627111
310087.46169907
241719.298359808
188951.866540334
149062.856391667
119623.180796745
98335.1809388057
83378.8594051556
73514.540481788
67623.6828314094
64982.8477865016
64874.9482871104
66779.503061751
70134.76088756
74467.8119798958
79410.8737034577
84745.0524021077
90102.8048732114
95343.7150090786
100170.66829776
103784.203119452
104087.418247218
92743.9781158339
37861.7488781597
3890007.55457132
3814571.24611857
3657897.50657832
3460370.22686637
3239579.90868252
3032289.00697478
2859756.09245658
2694169.37959997
2543340.52995019
2418472.18621855
2307167.66643057
2200058.63604488
2087586.85839979
1964379.98371927
1829452.55316917
1680068.5776856
1517561.66841258
1344508.17231387
1164813.07497867
988233.973630226
819731.030590689
665101.893292798
531100.40358059
417696.170437649
326010.681098302
253594.600579562
197785.526755988
155653.69515667
124071.766779582
100946.317888405
84222.6891193759
72584.8747588918
64965.6738831659
60636.0447938681
58942.5475805388
59499.7614644881
61752.7620372775
65318.2729534418
69744.1677927002
74710.7772394405
79803.3929707187
84922.8036757985
89649.5220064449
93357.7675560936
94008.22187539
84049.0930600312
34400.0874196651
4126605.11583013
4042792.74261464
3869498.52871433
3651364.88404417
3414312.8797768
3192734.15287132
3006721.15720039
2828903.97098905
2667874.76159392
2534237.931958
2415528.42164982
2301665.68706339
2183090.15782945
2055066.5630221
1913978.45831743
1758655.42692295
1588107.55564506
1406653.29364951
1219514.48139592
1033009.83297972
855324.545559131
694574.593695574
553449.048518504
435629.797203129
340018.738142879
264600.32084659
206683.612281756
162471.285164917
129710.062957234
105075.314126801
87018.5179635644
73944.6533776004
64850.5425439146
58882.5000358703
55798.9298672151
54772.1308934151
55781.2937496343
58305.7129438116
61993.0297403717
66435.173132386
71279.1732534317
76238.6866097934
80830.1148307368
84665.5355323358
85513.7815470573
77018.0122647003
31285.645222508
4326559.85130254
4236325.85281654
4048626.74028245
3811782.36976247
3558357.83756977
3324411.07188435
3127974.88710577
2939816.37694932
2769500.89215691
2628543.52316097
2503256.35364534
2383610.66372117
2260281.4285267
2127172.54375847
1981688.35186824
1820757.66303496
1644936.87337141
1456581.22281029
1261972.2071491
1067805.68917728
885271.795063821
717176.456312875
572163.114058991
450609.728366416
352134.130960746
274724.625803051
215134.170808403
169917.179261196
135745.506733993
110241.401432003
91092.5099656785
77051.7098319669
66717.9710367091
59494.3803195738
54730.8377485422
52322.8339616157
51831.780817927
53082.0970960122
55755.0531132033
59488.5517826513
63895.9447204679
68549.7832939348
73068.1332300016
76793.4056395829
78035.9113109062
70232.8208354239
29033.7314749491
4488859.97504259
4392111.28306246
4190440.85551475
3939899.23450828
3674682.38519155
3430534.22727463
3223242.27365837
3026462.46916141
2850847.62392268
2703721.91615074
2574130.78653655
2450479.47413832
2322626.1676303
2185449.20547736
2035466.08422969
1869972.1480294
1688982.5625413
1494783.88861004
1294859.86265568
1096293.66873277
907185.38182163
736308.822532048
588046.802683277
463722.588537468
363466.149557476
284396.732671463
223498.997634685
177182.17618508
142237.024661639
115952.889788413
96243.1604553705
81267.5262787649
70067.7905128803
61724.9650308761
55771.2360629441
51829.6123205758
49782.7027855445
49501.5411692247
50859.9999115901
53541.5991877624
57247.2429527421
61495.7038310556
65819.1775628654
69475.6720702058
70953.621768835
64316.5463337003
26493.27114926
4616132.54753943
4515919.33273931
4306507.66960973
4042119.17808884
3766789.94126456
3513606.85102289
3301257.24949004
3096716.92318284
2916266.42206461
2765277.21455938
2631515.0645424
2504390.07235501
2372899.62829661
2233187.14036246
2079440.9137073
1909921.82566475
1724056.7449988
1526539.38980954
1320762.69006549
1119048.95188889
926789.267925273
752921.211543022
601779.359210267
475484.327749346
373472.712058355
293514.054736874
231626.084423721
184512.400338837
148910.909326141
122031.533118935
101639.145795336
86239.6451701259
74396.7091073845
65294.7435289824
58235.3473869612
53085.4460390493
49494.7121046881
47567.4793908646
47266.4952009598
48588.6471260514
51181.4335349831
54796.4585189939
58740.5479893156
62289.1108251945
63922.127257259
58126.8334214618
24190.3639097337
4721169.62877007
4616652.42730237
4398709.07722313
4127985.95723293
3844548.97633837
3585873.1649713
3366809.8562966
3157927.11386745
2971963.45992404
2817246.25901216
2680980.79858454
2550592.87575552
2417190.86824031
2274186.92514048
2117185.72456121
1944096.15821681
1755343.49143316
1553061.90091213
1345324.11110091
1138695.06610551
943816.814057936
767793.239106859
614491.274520936
487169.990793625
383685.289301157
302387.321227963
239680.59265375
191971.908517124
155576.597215833
128291.693905689
107581.808187371
91667.0207264035
79355.2807978872
69732.0272896491
62003.6635447869
55741.5493936782
50844.3365886923
47278.4591350527
45177.7781417588
44662.2100357848
45852.9329113214
48352.7699530361
51649.0479964562
55081.8277349132
56705.3490361092
51974.0239196496
21117.9623209957
4810260.02256134
4703113.73033904
4480350.29963185
4200096.46693336
3911747.00983403
3647797.79967496
3424438.12188097
3210857.22287491
3022597.89877491
2864680.83672001
2725636.34975308
2592958.29083373
2457279.09333947
2311100.85691316
2151426.18684044
1975648.87988038
1782670.54124824
1577672.47073236
1365808.08796513
1157352.78460557
959799.284933338
781244.94948209
626478.299590318
497563.089045645
393213.546442988
311010.376787011
247478.359889289
198899.833168526
162207.790547644
134433.886283987
113385.033585266
97232.9983634819
84662.2924752877
74640.7611084055
66407.647178861
59467.1979546721
53543.729997551
48601.1531526328
44644.3391308649
42235.9216378682
41415.0584659654
42391.356148096
44658.5056182231
47565.3357529728
49248.549862082
45448.0630032532
19201.5748949627
4890313.87003835
4781130.08699237
4553484.95820419
4270958.18900896
3976496.07070867
3706660.57583582
3479435.56370198
3262575.75673584
3068838.21937465
2908206.3098575
2767411.09314657
2632762.4281582
2493073.03463877
2345729.57273908
2183492.09034983
2004540.44242683
1809308.58113178
1600652.14962427
1386457.84416897
1174678.75353761
975070.983335991
794629.085179568
638777.877384267
508004.442151174
402527.372688325
319390.618909378
255090.232449773
206039.268672955
168729.539841002
140645.511438831
119128.226133125
102828.441579529
90044.2099533966
79756.2085543757
71268.507255067
63891.6065967202
57247.6884151309
51179.237002966
45886.1637704035
41450.9056903236
38386.0236625367
37284.6718506114
37914.5439072216
39901.349263494
41455.2810924408
38634.1510036712
16855.384302645
4962689.211791
4851302.86023857
4621185.62783786
4332238.51262773
4033710.7716259
3761675.5844312
3528213.6993311
3306016.65966113
3112558.53775001
2949832.72194709
2805103.06478372
2667620.56575693
2527636.83919853
2377129.57444161
2212866.09507544
2031411.23555329
1832658.06151152
1623046.32481656
1404973.36043903
1192246.58939922
988678.958915896
807500.970747086
649682.037803763
517545.736802873
411417.544508444
327298.627279211
262400.36490389
212612.420155096
174881.587767564
146408.088610146
124780.753636071
108237.400854772
95266.771672589
84892.3093194737
76180.1289379209
68525.0686835144
61493.5722633472
54787.0231400989
48349.4704413269
42368.5162342827
37277.0479226817
33700.8578786094
32061.6802253512
32499.990227757
33546.2921270394
31329.3060443109
13251.481594113
5019841.53935919
4907464.81612385
4675347.12718824
4382959.605888
4081237.07879067
3803087.31532611
3566193.25847957
3344205.81316988
3145987.89472336
2980482.6201707
2836784.86094388
2698888.45857394
2553970.26543366
2403167.79275461
2235205.59780634
2051969.81022337
1852692.85044127
1638674.00947124
1419785.02041185
1202975.33500603
1000599.14262798
817120.193053494
657972.15120597
526293.160255971
418380.36345823
334017.767796542
268455.19970754
218420.239840588
180361.687777039
151580.796331674
129853.966496497
113060.788180189
100054.718173903
89604.144721275
80825.373639761
73053.9158360699
65799.3215138676
58731.5547345036
51667.8321308251
44699.3728253042
37943.4786323095
32105.9859207809
27972.2177024192
25951.0575206637
25769.41869054
24283.1743687977
10513.6705771658
5034339.15029167
4918487.81013731
4683886.88196596
4394289.78957839
4090948.3194644
3811575.76419083
3581099.04784542
3351984.51179324
3152093.76988091
2985579.13167429
2839871.45822064
2701098.71421889
2558012.377874
2402173.23236586
2237357.76883634
2053696.99606759
1853608.51927547
1642781.82530835
1421046.21865751
1207383.4907906
1003528.37467604
820819.415810842
661479.579710408
529180.595178851
422226.11159522
337615.047025542
271968.995995936
221872.269127181
183767.980969573
155118.108800703
133295.739506899
116664.546659666
103680.715613541
93295.5942860824
84608.6005679011
76777.8407607172
69504.5062923055
62303.7706773635
54988.1457650409
47525.7820299955
39928.6653411426
32445.2202643229
25922.3125365877
21235.0382008771
18725.4054773563
17126.0835611304
7546.06373849176
4900479.22687006
4790858.08290557
4574111.49435414
4278349.09012248
3981243.47165512
3713982.37078441
3483114.40183451
3261973.09116522
3068512.44478232
2903637.18249217
2766598.8653755
2625634.58458342
2485355.00777714
2341923.28240973
2176105.54868602
1997775.99100729
1802682.2364998
1594523.6516838
1384756.66827632
1171251.94121093
975642.029741446
797239.949177203
646416.436962963
516474.179677148
412875.144495396
330917.144507356
267450.279851557
218618.253439197
181575.447807373
153796.82236402
132900.959244675
116556.760021279
104051.647170771
93980.9883938182
85503.0637685541
78037.7274972657
70931.8069440823
63912.1530798144
56761.2794948416
49200.47066816
41454.744464042
33592.0223470799
25725.3304227121
18778.5874100167
13711.6320885953
10714.1766227225
4788.93578868379
4249461.06498434
4157407.19411284
3959287.30350287
3734806.75107707
3465152.96424005
3214995.40992977
3028113.27993545
2824128.39423983
2660445.5457267
2520491.87303566
2407772.38982268
2295352.50206545
2156384.71078791
2025855.45098864
1885581.15020458
1732229.73604838
1563977.08004231
1384221.23811745
1197902.59364863
1018000.80580535
846534.076430445
694670.563138625
561928.292770625
451749.86621422
359654.078986539
289030.905215074
234116.58093399
191802.480518013
160239.610551252
135690.049336211
117391.731787538
103769.81208687
92574.1436328229
84169.4095674551
76836.9042480458
70352.209198142
64180.2048468945
58177.7836795811
51868.9304528894
45417.5041215806
38670.7867470739
31329.4306328102
24194.9263768101
17087.7997677506
10722.0167076375
6099.44426105156
2235.83023536551
1742352.28000124
1640416.84826014
1480213.42928214
1458753.8865398
1367328.42444901
1279236.05360428
1206898.32301436
1123221.29648731
1053755.94605758
995428.27484846
950875.44785194
900135.330134327
835795.919226518
797690.623647421
745320.007686011
662259.670748586
608262.563376867
542800.631395693
483634.037549181
403738.559514605
336125.172667381
274638.003501117
222166.476147598
171331.378498063
148558.000080053
115000.533282269
91208.0421210311
73997.8667813569
66933.0778865191
54770.0483157636
47571.7405937227
41246.2894353995
37722.0182162654
33818.6508928629
30639.4920229645
28581.6281018658
26643.3798477267
24222.2772331171
22057.5083326151
19256.401392031
16752.4483785169
13479.51751463
10491.5373602465
7597.86409620643
4779.70429215666
2359.22710248222
324.572389671892
)
;

boundaryField
{
    inflow
    {
        type            cyclic;
    }
    outflow
    {
        type            cyclic;
    }
    wallTop
    {
        type            calculated;
        value           uniform 0;
    }
    wallSide
    {
        type            calculated;
        value           uniform 0;
    }
    symmetryBottom
    {
        type            symmetry;
    }
    symmetrySide
    {
        type            symmetry;
    }
}


// ************************************************************************* //
