/*--------------------------------*- C++ -*----------------------------------*\
  =========                 |
  \\      /  F ield         | OpenFOAM: The Open Source CFD Toolbox
   \\    /   O peration     | Website:  https://openfoam.org
    \\  /    A nd           | Version:  8
     \\/     M anipulation  |
\*---------------------------------------------------------------------------*/
FoamFile
{
    version     2.0;
    format      ascii;
    class       volScalarField;
    location    "126";
    object      nut;
}
// * * * * * * * * * * * * * * * * * * * * * * * * * * * * * * * * * * * * * //

dimensions      [0 2 -1 0 0 0 0];

internalField   nonuniform List<scalar> 
2209
(
0.000244013210772728
0.000242423595326199
0.000238002848384058
0.000232746924498528
0.000219197285734729
0.000213169542014104
0.000212860894547482
0.000204102882053983
0.000193322834093416
0.000182294402547684
0.000171264580042637
0.000160384447636201
0.000149759403730094
0.000139455897015042
0.000129507399806825
0.000119915664257863
0.000110668652624278
0.000101749284258741
9.31313880903155e-05
8.47872038628659e-05
7.6694329784802e-05
6.8793297135118e-05
6.1051153076208e-05
5.3517760677638e-05
4.62517029333106e-05
3.92978846782387e-05
3.27142443816294e-05
2.65776893904699e-05
2.09821028097624e-05
1.60281838102342e-05
1.18043351858338e-05
8.36072302865437e-06
5.6891638006745e-06
3.71999774163791e-06
2.33880839862131e-06
1.41399494608395e-06
8.21023109278923e-07
4.56382457368147e-07
2.41482543212147e-07
1.20509218785398e-07
5.59249962203567e-08
2.36080606255695e-08
8.74971058374163e-09
2.67670420654008e-09
5.99935433914383e-10
7.49683879956854e-11
1.86829754709577e-12
0.000241575492702368
0.00024192428704107
0.000239664975665597
0.000235175986671478
0.000229384049409335
0.00022020586941487
0.00021376763307114
0.000203628035947505
0.000192565487256041
0.000181207771591862
0.000169878287702892
0.000158762738005364
0.000147975911902777
0.000137581661185246
0.000127602572388909
0.000118031452430325
0.000108856508382198
0.000100052206856007
9.15802649652441e-05
8.34017730033809e-05
7.54825464615849e-05
6.7743946987237e-05
6.01414685783423e-05
5.27285808154233e-05
4.55680851589261e-05
3.8705688825175e-05
3.22006655612109e-05
2.61332826194827e-05
2.06017952285184e-05
1.57103593690041e-05
1.15480711145304e-05
8.1634573240224e-06
5.5451363588195e-06
3.62039561703247e-06
2.27348522047564e-06
1.37325172607795e-06
7.96830086258884e-07
4.42718855554191e-07
2.34167155636817e-07
1.1683269829686e-07
5.42109186769938e-08
2.28828116577948e-08
8.47950957121064e-09
2.59362864632483e-09
5.8167480693765e-10
7.25788077435637e-11
1.77733623430623e-12
0.000236854715950469
0.00023933467173524
0.00023884034419251
0.000235651436620949
0.000230133549605228
0.000222579724187537
0.000213353033364185
0.000202865468820726
0.000191520958551114
0.000179814465795477
0.000168125581742394
0.000156684820230886
0.000145638238616366
0.000135069069525475
0.000125006800768035
0.000115447161455945
0.000106371088112166
9.77340913925175e-05
8.94728108533725e-05
8.15237331416368e-05
7.3829807786446e-05
6.62834742257594e-05
5.88344717078964e-05
5.15507257135255e-05
4.45024502581683e-05
3.77415818408805e-05
3.13332592205787e-05
2.53633287559677e-05
1.99337460706346e-05
1.51493726647769e-05
1.10962433218677e-05
7.81690481816863e-06
5.29292080944987e-06
3.44638366726788e-06
2.15946715649634e-06
1.30214026461502e-06
7.54593793570362e-07
4.1885499527821e-07
2.21400676817234e-07
1.10416487628779e-07
5.12185100532823e-08
2.16171954373374e-08
8.01142334004431e-09
2.45039225971171e-09
5.49544700541812e-10
6.85871581312085e-11
1.61509578341053e-12
0.000232561559784257
0.000234955136804031
0.000235545279777409
0.00023336885030054
0.000228685211414933
0.000221618704072851
0.000212544438540718
0.000201992795534136
0.000190504514939553
0.000178573578496271
0.000166594726763987
0.000154861318075445
0.000143569801608821
0.000132822923603876
0.000122659506627345
0.000113085839425201
0.000104075353174439
9.55635871831013e-05
8.74664570045977e-05
7.96956485482882e-05
7.21739037081839e-05
6.4767661533723e-05
5.74323249269191e-05
5.02536471025788e-05
4.33060807680867e-05
3.66434808880889e-05
3.03335845017073e-05
2.44669382191717e-05
1.91494920154004e-05
1.44867369780001e-05
1.05608659806806e-05
7.40623817664016e-06
4.99498072931103e-06
3.24174134647284e-06
2.02607421164318e-06
1.21939413164124e-06
7.05659504881255e-07
3.91304228164117e-07
2.06700631897734e-07
1.0304438644201e-07
4.77913149926172e-08
2.01678308783906e-08
7.47322346067003e-09
2.28615689655734e-09
5.12856244739859e-10
6.40130382848208e-11
1.56894491424124e-12
0.000220425010106399
0.000229343244677406
0.000230008336889637
0.00022864225151285
0.000225047288515587
0.000219071742751726
0.000210843955845337
0.000200818380092671
0.000189570745640897
0.000177666731121705
0.000165577638990897
0.000153656178154792
0.000142149399491286
0.00013119843300871
0.000120874109759173
0.000111202920944502
0.000102155748297347
9.36605966751833e-05
8.56245236234897e-05
7.79496033437156e-05
7.05442671829061e-05
6.32402212487077e-05
5.59990667155049e-05
4.89196360706066e-05
4.20707165474452e-05
3.55064409215682e-05
2.92979203654429e-05
2.35398289137802e-05
1.83411772370745e-05
1.38070964471413e-05
1.00147044752775e-05
6.98936368985138e-06
4.69349973500443e-06
3.03508990143226e-06
1.89144513760895e-06
1.13583349882885e-06
6.56211922139803e-07
3.63447507472701e-07
1.91818228025587e-07
9.55646417806717e-08
4.43035484981779e-08
1.86914584049605e-08
6.92555863640657e-09
2.11906400759953e-09
4.75556905111241e-10
5.93646378515754e-11
1.48748378406303e-12
0.00021521617284476
0.000221945573348054
0.0002224583913113
0.000221617081436835
0.000219140670035631
0.000214588923146816
0.00020777285238133
0.000198887880345315
0.000188403065680621
0.000176920894263617
0.000165001959209015
0.000153079024636415
0.000141456566805102
0.000130333846923589
0.000119820383540314
0.000109964655462968
0.000100763896000016
9.21653214594685e-05
8.40829402352985e-05
7.6415686611574e-05
6.90608268699454e-05
6.1819699592038e-05
5.46584969963075e-05
4.767772543625e-05
4.0931032032023e-05
3.44691971218889e-05
2.83646343984131e-05
2.27144960597311e-05
1.76295516536355e-05
1.32145790234498e-05
9.54238457475259e-06
6.63122995535286e-06
4.43583349797526e-06
2.85906232219378e-06
1.77698353079834e-06
1.06484604749766e-06
6.14186486949275e-07
3.39739290846275e-07
1.79132006696659e-07
8.91799807094988e-08
4.13212518048349e-08
1.74276983385688e-08
6.45482615124622e-09
1.97408795869153e-09
4.42717310685378e-10
5.52480700870484e-11
1.39163097118339e-12
0.000213725956166131
0.000213508207831357
0.000213212593753408
0.000212625779015905
0.000211076018419558
0.000207979396325788
0.000202865281471731
0.000195612058217584
0.000186446029033243
0.000175880940116078
0.000164504342164305
0.000152837896349396
0.000141276947625789
0.000130082150920028
0.000119411445068176
0.000109353564610657
9.9937907816105e-05
9.11411690356437e-05
8.29032987646315e-05
7.51407196705675e-05
6.77186814558633e-05
6.04747625777244e-05
5.33863200171261e-05
4.65067864247903e-05
3.98686624056639e-05
3.35156361682724e-05
2.75190071736141e-05
2.19773190995395e-05
1.70024217082186e-05
1.26984887539034e-05
9.134991681912e-06
6.32470674463491e-06
4.21656814422656e-06
2.70992466455221e-06
1.68032546692209e-06
1.00502164113751e-06
5.78823000226298e-07
3.19816664471218e-07
1.68484433935433e-07
8.38223354221413e-08
3.88179595041436e-08
1.63675492682485e-08
6.06107325255618e-09
1.8530338489605e-09
4.15277915269153e-10
5.18724251833587e-11
1.26956878787686e-12
0.000203511845900997
0.000203144254686217
0.00020267196112115
0.000202167600164351
0.000201244875521154
0.000199353609445794
0.00019590368915631
0.000190506105042807
0.000183089958001281
0.000173926407129855
0.000163525570627048
0.000152445984871305
0.000141171456396151
0.000130041632628921
0.000119280470794861
0.000109028154015046
9.93599719780904e-05
9.02975555388878e-05
8.18222256722477e-05
7.38819095608248e-05
6.63309504609995e-05
5.90448647149757e-05
5.20099415728145e-05
4.52310607712646e-05
3.87167939085405e-05
3.24985787063221e-05
2.66394103545767e-05
2.1233122000391e-05
1.63880609331408e-05
1.22062912345535e-05
8.75476204298426e-06
6.0429426962366e-06
4.01697560540497e-06
2.57481753554011e-06
1.59289850699932e-06
9.50915633691846e-07
5.46818149149223e-07
3.0175442312924e-07
1.58808848700011e-07
7.89480368192166e-08
3.65416230951779e-08
1.5397369646386e-08
5.69866744894296e-09
1.74219105303053e-09
3.90404433261153e-10
4.87154433045772e-11
1.22337281065359e-12
0.000192440250066847
0.000191939493296527
0.000191326658098926
0.000190783754060536
0.00019018978813484
0.000189122238609982
0.000187032072037528
0.00018339393809089
0.000177888029835888
0.000170462027853928
0.000161451524720238
0.000151331801120406
0.000140621727802526
0.000129745599188862
0.000119014089282728
0.000108636499576241
9.87492976858485e-05
8.94320242045394e-05
8.07110801640036e-05
7.25497513952115e-05
6.48398513581167e-05
5.7499836129723e-05
5.0500934965401e-05
4.38163030730828e-05
3.74340231480598e-05
3.13706283330177e-05
2.5677149679383e-05
2.04363175481025e-05
1.57487418730701e-05
1.17103850358258e-05
8.38400414106229e-06
5.77640871810304e-06
3.8329472261136e-06
2.45276749430834e-06
1.51510702890714e-06
9.03273635789534e-07
5.18815442849809e-07
2.86018025305723e-07
1.50399715663704e-07
7.47177029985703e-08
3.45617834760679e-08
1.45565189263684e-08
5.38509749293131e-09
1.64501103944855e-09
3.68390271701792e-10
4.59426316244405e-11
1.15558565715259e-12
0.000181220785496035
0.000180534517712496
0.00017966446481977
0.000178965787899468
0.000178461154030072
0.000177852280107167
0.000176702033169431
0.000174476929374693
0.000170713290621314
0.000165161929883865
0.000157798994640154
0.000149001669624888
0.00013919553340855
0.000128841820134463
0.000118333816195734
0.000107969120341697
9.79617686190207e-05
8.84545461835818e-05
7.9525964476526e-05
7.11702347876233e-05
6.33314831507605e-05
5.59598256420248e-05
4.90031742803035e-05
4.24151436749279e-05
3.61684194653519e-05
3.02653432605199e-05
2.47436925280832e-05
1.96737811071344e-05
1.51465162727074e-05
1.12508740147657e-05
8.04560566285336e-06
5.53606817031556e-06
3.66842074342413e-06
2.34422113998234e-06
1.44612431149992e-06
8.61085925002526e-07
4.94044322992891e-07
2.72107621229598e-07
1.42971863744655e-07
7.09782036659019e-08
3.28131208943295e-08
1.3813279832874e-08
5.10822801813648e-09
1.55986534859538e-09
3.4918262661082e-10
4.35448759680846e-11
1.06589169408506e-12
0.000170093381884361
0.000169208369171544
0.000168023006202356
0.000167092163308854
0.00016651593632925
0.00016609299322439
0.00016547631414785
0.000164221317577633
0.000161854895364457
0.000157968788723173
0.000152371736507016
0.000145102681184197
0.000136515530739063
0.000126999170630593
0.000116983596951982
0.000106842240563141
9.68704608595789e-05
8.72850401159958e-05
7.82213012170236e-05
6.97305734206323e-05
6.18057908471377e-05
5.44086392092527e-05
4.74832108966609e-05
4.09793899936632e-05
3.48640245159773e-05
2.91266957075617e-05
2.3787085358243e-05
1.88985696685657e-05
1.45403524954529e-05
1.07936246764608e-05
7.71281528951241e-06
5.30239567032369e-06
3.51012014195711e-06
2.24072965753905e-06
1.38085110303498e-06
8.21405427234049e-07
4.70860871860396e-07
2.59134593632583e-07
1.36073889391865e-07
6.75176084521838e-08
3.11998391744799e-08
1.31281168986778e-08
4.85286114092582e-09
1.48199797876922e-09
3.32049986925136e-10
4.1288292153656e-11
1.01275094829392e-12
0.000159191880043974
0.000158118789213384
0.000156629036106026
0.00015544025391762
0.000154697463222035
0.000154278186501818
0.000153885339770132
0.000153188173852933
0.00015178409702319
0.000149228278880863
0.000145172338115824
0.000139505580972289
0.000132317384028868
0.000123919505261462
0.00011469154979542
0.000105038094858302
9.53169771465921e-05
8.581615073087e-05
7.67384772075811e-05
6.81964832336468e-05
6.02279370962975e-05
5.28201843691254e-05
4.4880115876611e-05
3.82152292592733e-05
3.25685126396915e-05
2.77323448733391e-05
2.27519614445777e-05
1.80686393881248e-05
1.38952725830463e-05
1.03096260407994e-05
7.36321297562747e-06
5.05941826402926e-06
3.34741558143514e-06
2.13566323707642e-06
1.31535163094337e-06
7.81983003939598e-07
4.48021976760204e-07
2.46449102690634e-07
1.29351205572189e-07
6.41599886699766e-08
2.96395631764497e-08
1.24683366288891e-08
4.60857167738255e-09
1.40669782814087e-09
3.1472369022948e-10
3.92841353954957e-11
9.6305289509515e-13
0.000148593621921696
0.000147372725916017
0.00014563276152405
0.000144187869132001
0.000143239203901854
0.000142705296205466
0.000142329024701807
0.000141877326153998
0.000141030115078998
0.000139385616502775
0.000136560376798111
0.000132302015394803
0.000126549179741168
0.000119434011428852
0.000111245898562153
0.000102350829736255
9.31309512724874e-05
8.39248705389005e-05
7.49969384197622e-05
6.65212332433221e-05
5.74954962763221e-05
4.85853216772551e-05
4.13363078813736e-05
3.53146682140238e-05
3.02223588892878e-05
2.58382949442302e-05
2.1652952323651e-05
1.71874020152808e-05
1.32079876514876e-05
9.79258138282119e-06
6.98971554501067e-06
4.80079243854123e-06
3.17547319551678e-06
2.02558002118744e-06
1.24734561495609e-06
7.41454264199311e-07
4.24724258787771e-07
2.33587299789953e-07
1.22583886007637e-07
6.07933648152494e-08
2.80801545457274e-08
1.18096573935849e-08
4.364099484721e-09
1.33177432095197e-09
2.9793974486841e-10
3.71545132541504e-11
9.0693390969348e-13
0.000138352199900287
0.000137029234066938
0.000135104803846867
0.000133429080763353
0.000132276064701758
0.000131571829255516
0.000131095552577993
0.000130673184633215
0.00013006710206995
0.000128951387052562
0.000126972916797058
0.000123830904948378
0.000119361540066851
0.000113553575143295
0.000106557820775004
9.86493644871766e-05
9.01820305067576e-05
8.15068496181495e-05
7.2927381067699e-05
6.27893496253489e-05
5.24725687240619e-05
4.43926319750603e-05
3.78869528582464e-05
3.25070732233297e-05
2.7957438510736e-05
2.39949037083741e-05
2.04729571589834e-05
1.62665457582078e-05
1.24803655129298e-05
9.23869078533271e-06
6.58608399216116e-06
4.51973273502398e-06
2.98824731031694e-06
1.90592605590312e-06
1.17371020066312e-06
6.97757441923087e-07
3.99739140049219e-07
2.19864570979477e-07
1.15380973209815e-07
5.72184798559683e-08
2.64262238173515e-08
1.11144211407766e-08
4.10615344444267e-09
1.25289141586536e-09
2.80325306912003e-10
3.49023673394071e-11
8.49686181951594e-13
0.000128482426331776
0.000127099525420996
0.000125069013372038
0.000123216660643028
0.000121891828904601
0.000121005202589014
0.000120365341478039
0.000119836541696077
0.000119251869742143
0.000118365383664464
0.000116881097976098
0.000114518761094298
0.000111080306979143
0.000106461917919452
0.00010068715234923
9.39060997920733e-05
8.63962130681974e-05
7.84748257505481e-05
6.89797468804689e-05
5.68026114688759e-05
4.75433897328923e-05
4.03421777237161e-05
3.45714506264147e-05
2.98045226785779e-05
2.57635475696307e-05
2.21971378933843e-05
1.90290144177232e-05
1.52914100193594e-05
1.17013109673236e-05
8.63921864720009e-06
6.14519233437368e-06
4.21066793059612e-06
2.78154360449412e-06
1.7735392182943e-06
1.09223886252024e-06
6.49464312236971e-07
3.72165361530437e-07
2.04744387864623e-07
1.07463645929324e-07
5.32978037083147e-08
2.46163229448735e-08
1.03532071658358e-08
3.82506127805583e-09
1.16693612915248e-09
2.61069760507441e-10
3.24988480195284e-11
7.94372152080763e-13
0.000118978306878286
0.000117579007342439
0.000115528095313196
0.000113571227845602
0.000112126588316613
0.000111063188979006
0.000110223613065463
0.000109513645599978
0.000108813826584224
0.000107951967135987
0.000106692204635985
0.000104806930941831
0.000102116974519802
9.84809544181871e-05
9.38277967160177e-05
8.82048038086917e-05
8.17617513401735e-05
7.47522021838006e-05
6.13375826214774e-05
5.08250947296846e-05
4.2751828936262e-05
3.6449329857855e-05
3.13866883867517e-05
2.71952918909517e-05
2.36179775845847e-05
2.04337007304673e-05
1.75947715672076e-05
1.42626608247416e-05
1.08698755876169e-05
7.993352381649e-06
5.66653478206402e-06
3.87312990484786e-06
2.55470852712659e-06
1.62777473870381e-06
1.00233267650635e-06
5.96110873204798e-07
3.41691536950017e-07
1.88040099095148e-07
9.8717508713301e-08
4.8968080186168e-08
2.26193543438871e-08
9.51286377356225e-09
3.51455534492411e-09
1.07214124496029e-09
2.39787019339161e-10
2.98434894772983e-11
7.29515574793984e-13
0.000109822048546375
0.000108457465002678
0.000106453808145537
0.000104473862747477
0.00010296207636671
0.000101742254478329
0.000100693965200958
9.97697796061648e-05
9.8885113430669e-05
9.79251579420929e-05
9.67088674820171e-05
9.50724994070647e-05
9.28829894952673e-05
8.99938308080254e-05
8.6284870037753e-05
8.17159474386634e-05
7.63724044497344e-05
6.46454751881855e-05
5.37146103460933e-05
4.50030184409246e-05
3.81667343760149e-05
3.27543546320752e-05
2.83694467555934e-05
2.47119220075911e-05
2.15422869696507e-05
1.87159959042734e-05
1.61765936080504e-05
1.31847659365249e-05
9.99151717253087e-06
7.3066167937663e-06
5.15496450039013e-06
3.51069787450465e-06
2.31011979820134e-06
1.46995989468442e-06
9.04637736387347e-07
5.37952420087904e-07
3.08397321612978e-07
1.69754550760986e-07
8.91403223407659e-08
4.42238470808966e-08
2.04286505647971e-08
8.59268373468936e-09
3.1747532554106e-09
9.68517757226783e-10
2.1659489767831e-10
2.70059224654584e-11
6.530312345023e-13
0.000100989447377498
9.97101006142524e-05
9.77960527833536e-05
9.58710581030409e-05
9.43349668321731e-05
9.29924788894798e-05
9.17603178105831e-05
9.06225348735992e-05
8.95326674758582e-05
8.84136026224296e-05
8.71364543265601e-05
8.55981347994254e-05
8.37160938729847e-05
8.1352221803303e-05
7.83768642612801e-05
7.47025905107876e-05
6.47222161270282e-05
5.49935905308706e-05
4.65302675649455e-05
3.95409839814091e-05
3.38941877545891e-05
2.93195477645413e-05
2.55535931344323e-05
2.23760668476135e-05
1.95637726156923e-05
1.70524802127089e-05
1.47795044257464e-05
1.20650825267491e-05
9.07529238701932e-06
6.58862803330916e-06
4.61924923234275e-06
3.13040521410403e-06
2.05282598535526e-06
1.3034290017219e-06
8.01207675365057e-07
4.76197573365577e-07
2.72955901884746e-07
1.50254826849678e-07
7.89137016370497e-08
3.9153799414284e-08
1.80895704385097e-08
7.60957785134082e-09
2.81223290086896e-09
8.58489696696772e-10
1.91916883256234e-10
2.39251768372572e-11
5.81312241860955e-13
9.24553910202015e-05
9.12943571628759e-05
8.95017051160653e-05
8.76874592737e-05
8.61635842062312e-05
8.47450362286677e-05
8.33802079861961e-05
8.20590773095754e-05
8.07791286157851e-05
7.94855320354328e-05
7.8094091138288e-05
7.6565485542044e-05
7.4855648955271e-05
7.2841048721823e-05
6.91371550246777e-05
6.15647690132803e-05
5.3886779709071e-05
4.66108740310149e-05
4.01381367934296e-05
3.46102730919522e-05
3.00037526096664e-05
2.61741141846146e-05
2.29525129253778e-05
2.0177248354887e-05
1.76813395633648e-05
1.54427477094961e-05
1.34052533664773e-05
1.09152595609241e-05
8.13517303491026e-06
5.85363624010664e-06
4.07196526214063e-06
2.74248591289807e-06
1.7903037184859e-06
1.13328126948158e-06
6.95295093251041e-07
4.128004233906e-07
2.36489368198863e-07
1.30160924287062e-07
6.83589386616381e-08
3.39214815150716e-08
1.56748472315481e-08
6.59541746148031e-09
2.43774204344778e-09
7.44144640697673e-10
1.66374244726705e-10
2.07568572998246e-11
5.03289981859528e-13
8.4192970031692e-05
8.31628224594206e-05
8.15139422898796e-05
7.98409512634472e-05
7.836035338901e-05
7.6921365721843e-05
7.54881183308905e-05
7.40372159630842e-05
7.25903382302603e-05
7.11290341990057e-05
6.96206412739628e-05
6.80675056137779e-05
6.64503602758447e-05
6.30159978222084e-05
5.71482668946427e-05
5.11333884074679e-05
4.52207784906662e-05
3.96621553957688e-05
3.46488683770821e-05
3.02951387945992e-05
2.65375721089903e-05
2.33302520613763e-05
2.05705244895856e-05
1.8114169558023e-05
1.58925119049732e-05
1.38912232800496e-05
1.20620849557211e-05
9.75258565548373e-06
7.19057450780825e-06
5.12014789700406e-06
3.52926290635857e-06
2.35944763127865e-06
1.5317387554499e-06
9.65759730390918e-07
5.90939641943582e-07
3.50246741389545e-07
2.00454440568325e-07
1.10274024455657e-07
5.79070632312466e-08
2.87366726082687e-08
1.32816722396477e-08
5.58997156435635e-09
2.06682688326483e-09
6.31131155313961e-10
1.41447278443948e-10
1.7646717376156e-11
4.2010156450522e-13
7.61754476676521e-05
7.5275302736346e-05
7.37776316731037e-05
7.2257111750895e-05
7.08417007785218e-05
6.94265752039385e-05
6.79553462844121e-05
6.64186424323009e-05
6.48583027581188e-05
6.32844661264415e-05
6.17040052090627e-05
6.01342576615472e-05
5.75626133225369e-05
5.28178044238566e-05
4.79277752101328e-05
4.3058713651146e-05
3.8370328860894e-05
3.40021003916779e-05
3.0041864301517e-05
2.65433741013002e-05
2.3527443278872e-05
2.08056289149608e-05
1.84223496009734e-05
1.61932878302389e-05
1.42012621305752e-05
1.24059290871636e-05
1.07616108677965e-05
8.59745907540832e-06
6.2633878208145e-06
4.40867116190916e-06
3.00808852516943e-06
1.99435485703354e-06
1.28634671473229e-06
8.07208239481772e-07
4.92274887292237e-07
2.91139292424089e-07
1.66385802249742e-07
9.14580194791341e-08
4.80145068434462e-08
2.38301028428841e-08
1.10178444692491e-08
4.64007747402884e-09
1.71692915041497e-09
5.24624194119012e-10
1.17476433732968e-10
1.46694444375466e-11
3.48790409371592e-13
6.83366485837225e-05
6.75507199883841e-05
6.61870995851848e-05
6.47997591842598e-05
6.34450945765188e-05
6.20792478811269e-05
6.06282128675069e-05
5.90838361139807e-05
5.75013011613157e-05
5.5904612518904e-05
5.43098928230366e-05
5.26530093357821e-05
4.87391389297357e-05
4.47416995383477e-05
4.06812486223768e-05
3.670023309286e-05
3.29078625681862e-05
2.93905706705949e-05
2.619033613948e-05
2.33229752469813e-05
2.07981340312759e-05
1.86506998667404e-05
1.65304654931276e-05
1.44168004304323e-05
1.2613736318213e-05
1.09961332179945e-05
9.51728318281342e-06
7.47015658952026e-06
5.37499133883112e-06
3.73820816106229e-06
2.52354750105548e-06
1.6582643070289e-06
1.06206286351944e-06
6.62885717644457e-07
4.02665325220121e-07
2.3748723774719e-07
1.35496371565574e-07
7.44150742622945e-08
3.90508921174303e-08
1.93863837293118e-08
8.968137646279e-09
3.77939188467394e-09
1.39972982849446e-09
4.28121286018858e-10
9.61259400279378e-11
1.20180967725254e-11
2.94476305493745e-13
6.06391485367076e-05
5.99481500846659e-05
5.870082158444e-05
5.74247355801516e-05
5.61351850566267e-05
5.48463114650872e-05
5.34833101290902e-05
5.20171078005105e-05
5.04899346298391e-05
4.89420912747566e-05
4.73884750850352e-05
4.47956345608633e-05
4.15182931388643e-05
3.8188219094969e-05
3.48355586038356e-05
3.15639582755219e-05
2.84632478803913e-05
2.5582115737092e-05
2.29435655906918e-05
2.05492524327549e-05
1.84047420939762e-05
1.65198323245335e-05
1.48352464265819e-05
1.27903864828545e-05
1.11335525881286e-05
9.67210363390073e-06
8.34513639380067e-06
6.38815139872825e-06
4.54305405561333e-06
3.12362982136428e-06
2.08689034789334e-06
1.35919583330806e-06
8.64192251419757e-07
5.36290103944881e-07
3.24380720818754e-07
1.90746161854476e-07
1.08619962487598e-07
5.95857809263699e-08
3.12584306246609e-08
1.55229377706603e-08
7.18654884668304e-09
3.03285903726341e-09
1.1247144354346e-09
3.44609793229383e-10
7.74603879382143e-11
9.67800753243507e-12
2.36374358363796e-13
5.31368285059912e-05
5.25290727153534e-05
5.13916590712394e-05
5.02156567548376e-05
4.90045279655569e-05
4.78117528112469e-05
4.65643789798155e-05
4.52177969264457e-05
4.3795847619385e-05
4.23521829117634e-05
4.08919427346732e-05
3.82025950944655e-05
3.54870605040584e-05
3.27475647832443e-05
2.99935714761994e-05
2.73073533355237e-05
2.4755972943492e-05
2.23723651914004e-05
2.01498022468086e-05
1.80830802567362e-05
1.61671195331772e-05
1.43995962204611e-05
1.27823266653547e-05
1.13297956719045e-05
9.76940585836049e-06
8.44592596624629e-06
7.2592300273494e-06
5.36426521401785e-06
3.77917642056388e-06
2.57379044019382e-06
1.70399208405507e-06
1.1007884097682e-06
6.95049251804073e-07
4.28904938990962e-07
2.58296540012448e-07
1.51410762229659e-07
8.60434759953056e-08
4.71519516016599e-08
2.47307243628657e-08
1.22881982353424e-08
5.69571397201077e-09
2.40646213341007e-09
8.94165809754911e-10
2.74528129625283e-10
6.1840522440942e-11
7.76647722885185e-12
1.88639923759584e-13
4.58962952623529e-05
4.53609761668537e-05
4.43293187939053e-05
4.32439277743004e-05
4.21152863005325e-05
4.10217804331751e-05
3.98985807773425e-05
3.8690419229295e-05
3.74066098704661e-05
3.61068618445017e-05
3.47859435141552e-05
3.25951863006446e-05
3.03719352288714e-05
2.81364819259279e-05
2.58905738956164e-05
2.36826123605718e-05
2.15525536175763e-05
1.95402931236542e-05
1.76453091318249e-05
1.58571623587204e-05
1.41714335737861e-05
1.25916801801031e-05
1.11195998387296e-05
9.76325629756821e-06
8.53452722456181e-06
7.32384017017974e-06
6.03165631077399e-06
4.40588669055558e-06
3.08843156148343e-06
2.09098212778084e-06
1.3754516353737e-06
8.82871911809439e-07
5.54143417702532e-07
3.40236512416085e-07
2.04086308367636e-07
1.19285531187427e-07
6.76727998524845e-08
3.70600898213976e-08
1.94453163877255e-08
9.66996296839715e-09
4.48899785076504e-09
1.90097065674826e-09
7.07941738306092e-10
2.17934886003421e-10
4.91952373666841e-11
6.18490875159534e-12
1.5197056143346e-13
3.89635424304086e-05
3.84940972303844e-05
3.75648063699703e-05
3.65643543009984e-05
3.55208140227617e-05
3.45256311258688e-05
3.35275104106888e-05
3.24650320824217e-05
3.13383909978866e-05
3.02075204182834e-05
2.9058134559851e-05
2.77807716445429e-05
2.59646090065763e-05
2.41232084454066e-05
2.22788166544333e-05
2.04640661124762e-05
1.87068561105181e-05
1.70204970683155e-05
1.54047542765832e-05
1.38548186361351e-05
1.23747010105716e-05
1.09714980845968e-05
9.65531088017663e-06
8.43547657855856e-06
7.31921169538447e-06
6.2971698689355e-06
4.8161091608565e-06
3.52305143748328e-06
2.47198212019253e-06
1.67260199056121e-06
1.09773837302835e-06
7.02154251374298e-07
4.38996754305768e-07
2.68534829246342e-07
1.6058163788941e-07
9.3658385731807e-08
5.30754219208355e-08
2.90636609864502e-08
1.52608998524307e-08
7.60189453840745e-09
3.53660933532649e-09
1.50162285265952e-09
5.6098247606249e-10
1.7321724979396e-10
3.92605494628585e-11
4.95048436439458e-12
1.22676078865951e-13
3.24002563404272e-05
3.19902979764775e-05
3.11613575541692e-05
3.02466497524851e-05
2.92925339350161e-05
2.83955791897465e-05
2.75212981421014e-05
2.66042549306802e-05
2.56421811429017e-05
2.46908230590379e-05
2.37272762969399e-05
2.27314049071045e-05
2.16809066453326e-05
2.05609598171042e-05
1.90778645376258e-05
1.76034757481922e-05
1.61566034259211e-05
1.47453121068747e-05
1.33678930934032e-05
1.20269141974618e-05
1.07312736983674e-05
9.49251014956769e-06
8.32681693083259e-06
7.24599664595703e-06
6.02711595181679e-06
4.81430354304354e-06
3.70003117412903e-06
2.72764894924815e-06
1.92924644852666e-06
1.31340822812306e-06
8.64950826050061e-07
5.53776138086515e-07
3.45978831090746e-07
2.11323722225625e-07
1.26189484887698e-07
7.35354484644383e-08
4.16700188183664e-08
2.28376220281263e-08
1.20122338448511e-08
5.99816498767611e-09
2.79893011127235e-09
1.19240809727241e-09
4.47093259183499e-10
1.38583872058094e-10
3.15233133217284e-11
3.99360508701384e-12
9.83277693511193e-14
2.6286065138698e-05
2.59314421072375e-05
2.5203229012236e-05
2.43810458707917e-05
2.35240051254557e-05
2.2728145935173e-05
2.19756373897665e-05
2.12000114283424e-05
2.04004356820169e-05
1.96262371941907e-05
1.8847285262469e-05
1.80472469266226e-05
1.71996235432894e-05
1.62856398509081e-05
1.52953591504496e-05
1.42485907347331e-05
1.31575654366521e-05
1.20324192109165e-05
1.08832116800657e-05
9.72422300557707e-06
8.5739844343931e-06
7.45186880754627e-06
6.37493171992277e-06
5.35536617687908e-06
4.40050064091647e-06
3.52014338626715e-06
2.72645849380469e-06
2.0352825103319e-06
1.46043111722095e-06
1.00769857798049e-06
6.70596107846743e-07
4.32331601084097e-07
2.71178002064006e-07
1.65965327480125e-07
9.92187031811915e-08
5.78804505801512e-08
3.28484312384773e-08
1.8042163568553e-08
9.51730361274404e-09
4.76931807689979e-09
2.23435947336894e-09
9.55975638846292e-10
3.60043786086647e-10
1.12130846292465e-10
2.56315318350316e-11
3.26631757153676e-12
8.07574510075392e-14
2.07177643107557e-05
2.04160947058737e-05
1.97910330128959e-05
1.90714598768834e-05
1.83221664559286e-05
1.76330576687659e-05
1.70006155899274e-05
1.63598525564037e-05
1.57138647045955e-05
1.51045592535347e-05
1.44973956533084e-05
1.38750021823336e-05
1.32098533613606e-05
1.24840777228497e-05
1.16936271166732e-05
1.08501228212702e-05
9.96393654306364e-06
9.04542966925457e-06
8.10712170473527e-06
7.16607568921297e-06
6.24297289247429e-06
5.35882840372293e-06
4.53095469839711e-06
3.77063358781305e-06
3.08278663747272e-06
2.46848928247077e-06
1.92731431517446e-06
1.45967782325599e-06
1.06722218753524e-06
7.51145973747041e-07
5.0894108986739e-07
3.32827609245354e-07
2.10899030602448e-07
1.29987818607456e-07
7.80895304031704e-08
4.57316957991448e-08
2.60513281311421e-08
1.43651776958833e-08
7.6099780254482e-09
3.83161088215716e-09
1.80463774195049e-09
7.76306273825045e-10
2.94056574589658e-10
9.20435478030295e-11
2.11610237069604e-11
2.70675055167792e-12
6.65130294499049e-14
1.57971307579972e-05
1.55474645979678e-05
1.50281965078451e-05
1.44210775203695e-05
1.37896983578884e-05
1.32132035605437e-05
1.26982082569512e-05
1.21843258999083e-05
1.16783173772205e-05
1.12147764182846e-05
1.07587033608494e-05
1.02920167891144e-05
9.78882533970936e-06
9.23396635595348e-06
8.62625443296893e-06
7.9726760383361e-06
7.28179020408143e-06
6.56331504369375e-06
5.83048413504108e-06
5.1001179033435e-06
4.39187368299718e-06
3.72467619182333e-06
3.11317079767365e-06
2.56605786645822e-06
2.08553902311347e-06
1.66898133265768e-06
1.31117378861238e-06
1.00648903377932e-06
7.5070281041757e-07
5.41135074297061e-07
3.75736136289713e-07
2.51196841146296e-07
1.62056700726694e-07
1.01244791379262e-07
6.14420554303662e-08
3.62668682352518e-08
2.0796926327567e-08
1.15398322733551e-08
6.15211326542807e-09
3.11748843040647e-09
1.47770765733367e-09
6.39927317384853e-10
2.43926995683055e-10
7.68642713183542e-11
1.77718992993974e-11
2.28370319226675e-12
5.76377970163171e-14
1.16111834385708e-05
1.141255070345e-05
1.09987906915844e-05
1.05095801158348e-05
1.00012463307223e-05
9.53962740908507e-06
9.13615270728059e-06
8.73889301796103e-06
8.35633718140572e-06
8.01565687766863e-06
7.68563976887881e-06
7.34897050493842e-06
6.98384952737412e-06
6.57806275815567e-06
6.13148011467548e-06
5.64817140358859e-06
5.13452642520388e-06
4.59920675179917e-06
4.05395786484558e-06
3.51371596506771e-06
2.99493791518325e-06
2.51272863081065e-06
2.0783042502783e-06
1.6974879795109e-06
1.37068902367924e-06
1.09441184631239e-06
8.62798994887762e-07
6.69340911849565e-07
5.08292071518637e-07
3.75501851015491e-07
2.68257409631462e-07
1.84600626268265e-07
1.22253258309992e-07
7.80493101790063e-08
4.8180955352321e-08
2.88169434804458e-08
1.67009007839868e-08
9.35258158313706e-09
5.02899085674055e-09
2.56896418971579e-09
1.22747009127515e-09
5.35716410687368e-10
2.05774925087536e-10
6.53171810186911e-11
1.51952174263512e-11
1.96864168087727e-12
4.98716269794481e-14
8.20766996188302e-06
8.05692204797747e-06
7.74291329782219e-06
7.3687217885774e-06
6.98028204761334e-06
6.62875952296119e-06
6.32660413286617e-06
6.03222582500497e-06
5.75407472761789e-06
5.51238481359584e-06
5.28218698016827e-06
5.0486479391317e-06
4.79485409256979e-06
4.5116916192729e-06
4.1988424075078e-06
3.8585595962381e-06
3.4951914288735e-06
3.1155544948097e-06
2.72922492699387e-06
2.34789452530659e-06
1.98441162590572e-06
1.64998922568739e-06
1.35248355311282e-06
1.09562145987753e-06
8.79006898196794e-07
6.99397185800977e-07
5.51925699949375e-07
4.31190886602003e-07
3.32173466213641e-07
2.50881978577272e-07
1.84494815159928e-07
1.31225031826086e-07
8.98575570647109e-08
5.91374930793789e-08
3.74442708861634e-08
2.28532157315263e-08
1.34593314586392e-08
7.6370119229441e-09
4.15284086724444e-09
2.14333915989771e-09
1.03397508709455e-09
4.55307146548201e-10
1.76367468226571e-10
5.64319125231997e-11
1.32315853452568e-11
1.72422211115524e-12
4.4136957375475e-14
5.57474705246955e-06
5.46610846742417e-06
5.24009719849213e-06
4.96905706394613e-06
4.68808934535145e-06
4.43423507656404e-06
4.21857319164378e-06
4.01010845660533e-06
3.81610275027641e-06
3.65071650327577e-06
3.49570674323888e-06
3.33977067592037e-06
3.17059931990283e-06
2.98168800342279e-06
2.77260817104513e-06
2.54417465544228e-06
2.29913786352024e-06
2.04233073179917e-06
1.78091017024819e-06
1.52342793859413e-06
1.27914317139884e-06
1.05601051171719e-06
8.59219059733198e-07
6.91157391327274e-07
5.51219111971607e-07
4.36893336329052e-07
3.44544616705616e-07
2.70254315182403e-07
2.10354232775593e-07
1.61762489525613e-07
1.22117099671205e-07
8.98121188243618e-08
6.38655499548764e-08
4.36609078638097e-08
2.86157054204729e-08
1.79784662437978e-08
1.08360381409168e-08
6.26170108826415e-09
3.45579545346195e-09
1.80632864230429e-09
8.81202971206479e-10
3.92068588856946e-10
1.53332368529877e-10
4.94894018557806e-11
1.16966764737226e-11
1.53515226486683e-12
3.95715761992799e-14
3.63923272956842e-06
3.56504608869634e-06
3.41071787713289e-06
3.22474032714571e-06
3.03218212956843e-06
2.85822257298217e-06
2.71155844049571e-06
2.57056830337674e-06
2.44086695631051e-06
2.33174819472664e-06
2.23092748328888e-06
2.1304510594926e-06
2.0220279201106e-06
1.90119681533464e-06
1.76741674088448e-06
1.62069052897555e-06
1.46263762743418e-06
1.29642406608948e-06
1.12687059877479e-06
9.60078161699108e-07
8.02226862182829e-07
6.58615160859079e-07
5.32806929132908e-07
4.26138670805266e-07
3.38158654749532e-07
2.67037199617437e-07
2.10299194201895e-07
1.6530319471309e-07
1.29573851308966e-07
1.01011916640923e-07
7.79289088323299e-08
5.908284435063e-08
4.3643401611481e-08
3.11337380598376e-08
2.12930315660045e-08
1.39022047043049e-08
8.65079994026864e-09
5.12649102575552e-09
2.88554821508658e-09
1.53221557361116e-09
7.57363305523022e-10
3.40880596003238e-10
1.34695364617417e-10
4.38897526646246e-11
1.04631206120251e-11
1.38384077926232e-12
3.58893930669722e-14
2.28493573332225e-06
2.23678837279798e-06
2.13663130900276e-06
2.01536180160975e-06
1.89000940399083e-06
1.77667140981997e-06
1.68147554689049e-06
1.59033872503315e-06
1.50720189945514e-06
1.4378438907984e-06
1.37449740056297e-06
1.31195458255676e-06
1.24496981552545e-06
1.1706420299226e-06
1.08835779222086e-06
9.97866971842175e-07
8.99981123912654e-07
7.96698744780883e-07
6.91132417200547e-07
5.87185276709739e-07
4.88942240915921e-07
3.99810811336635e-07
3.22023897492567e-07
2.56443380639793e-07
2.02699427622332e-07
1.5958403901402e-07
1.25511078262243e-07
9.87702713888835e-08
7.78132145559029e-08
6.12773343428439e-08
4.80854798669835e-08
3.73957153773064e-08
2.85952241999057e-08
2.12858207589915e-08
1.52638053646125e-08
1.04436499842481e-08
6.77630444736676e-09
4.15503445976074e-09
2.40114904725361e-09
1.30079909305566e-09
6.53226227818133e-10
2.97882812488913e-10
1.19028091643528e-10
3.91830076665023e-11
9.42334514543202e-12
1.25845059782679e-12
3.26589630878326e-14
1.37992112918229e-06
1.35017222904605e-06
1.28825006543414e-06
1.21291167824286e-06
1.13515149726694e-06
1.06479438274059e-06
1.00576807299099e-06
9.49418064418518e-07
8.9831952057085e-07
8.558959181707e-07
8.17484165653303e-07
7.79891124523867e-07
7.39972223564503e-07
6.95894689294842e-07
6.47160123243503e-07
5.93442896444913e-07
5.35155235236303e-07
4.73434584017303e-07
4.10217386763739e-07
3.47870384373093e-07
2.89018213294617e-07
2.35640539461164e-07
1.89219887933393e-07
1.5022062784253e-07
1.18407347251643e-07
9.30291029716861e-08
7.31086509797774e-08
5.76013507443851e-08
4.55573828714406e-08
3.61603661645841e-08
2.87523655711702e-08
2.28195085228388e-08
1.79616239071756e-08
1.38949823443793e-08
1.04410967059249e-08
7.52322799231721e-09
5.13588605420677e-09
3.29286513818646e-09
1.97173886926643e-09
1.09697601824392e-09
5.61860998705771e-10
2.60128629396216e-10
1.05255274239417e-10
3.50169675753851e-11
8.50633153570323e-12
1.14359003777682e-12
3.01402866463545e-14
8.00576698201753e-07
7.83040387993983e-07
7.46504077364331e-07
7.01888037737827e-07
6.55898427510104e-07
6.14241829487625e-07
5.79251043656914e-07
5.45929291021516e-07
5.15881899658488e-07
4.90963850199552e-07
4.68556712507607e-07
4.46793585438247e-07
4.23862673552666e-07
3.98679056439842e-07
3.70872372993559e-07
3.40179370016218e-07
3.0679361247098e-07
2.71334500994804e-07
2.34950031656645e-07
1.99031404893127e-07
1.65103160613214e-07
1.34370697872779e-07
1.0769144044224e-07
8.53267037316699e-08
6.71481260567896e-08
5.27020235031328e-08
4.14169222460217e-08
3.26831941686869e-08
2.59458787086067e-08
2.07323393352091e-08
1.66631989411779e-08
1.34379265795082e-08
1.08244240905076e-08
8.64515934950531e-09
6.77381307807078e-09
5.13515412653814e-09
3.70715890859629e-09
2.51017053157639e-09
1.57549502303446e-09
9.08926996090636e-10
4.77878875029893e-10
2.25438725797875e-10
9.25315270799878e-11
3.11438420579665e-11
7.64389949704434e-12
1.03869755191593e-12
2.74860336156041e-14
4.44739341949899e-07
4.34901356139696e-07
4.14382722643763e-07
3.89204244434587e-07
3.6329727410174e-07
3.39800343033837e-07
3.20045777122908e-07
3.01240944391153e-07
2.84370717668734e-07
2.70379125626677e-07
2.57850702884291e-07
2.45761022580212e-07
2.33112809955591e-07
2.19298309141974e-07
2.04055306478885e-07
1.87216849180162e-07
1.68865921070823e-07
1.49346592568225e-07
1.29268658749716e-07
1.09453457373671e-07
9.07181660705738e-08
7.37627272102147e-08
5.90522131839631e-08
4.67435558587633e-08
3.67614178140009e-08
2.88540102228252e-08
2.26957359099286e-08
1.79497617126684e-08
1.43061205804837e-08
1.15031734596544e-08
9.33064084280595e-09
7.62410743220519e-09
6.25454393901152e-09
5.12281755879257e-09
4.15295987602441e-09
3.29211586874453e-09
2.50993325682577e-09
1.80535469132647e-09
1.20161749033545e-09
7.28483549227003e-10
3.97342734504943e-10
1.92270322550345e-10
8.03214179469835e-11
2.74023581184334e-11
6.80243529437033e-12
9.33084291826941e-13
2.49940328374997e-14
2.35220763531278e-07
2.29979411788271e-07
2.19043386585563e-07
2.05585048363635e-07
1.91745441064108e-07
1.7918448343684e-07
1.68597929348802e-07
1.58533596775451e-07
1.49527649536531e-07
1.42057799684855e-07
1.35391195127891e-07
1.28986069689544e-07
1.22336011263874e-07
1.15096120343256e-07
1.07115550353965e-07
9.82962920216854e-08
8.86768886070992e-08
7.84282947000698e-08
6.78816060083923e-08
5.74608687705616e-08
4.761041693493e-08
3.87011914996466e-08
3.09713644494115e-08
2.45161856121672e-08
1.92856770771863e-08
1.51502322122018e-08
1.19375663889239e-08
9.46926475017845e-09
7.57942514237989e-09
6.13281799991378e-09
5.01724615186029e-09
4.14585288108534e-09
3.45186799269585e-09
2.88348400642014e-09
2.40005804921483e-09
1.97119776923239e-09
1.57525602590775e-09
1.20159118058083e-09
8.54292075210224e-10
5.52125363546985e-10
3.17480917558623e-10
1.59448828157987e-10
6.82382765374275e-11
2.36801325823999e-11
5.95299552674193e-12
8.26489717995422e-13
2.1928532509144e-14
1.17357829111202e-07
1.14729547749142e-07
1.09247861897625e-07
1.02477016293909e-07
9.55279953082931e-08
8.92127379309203e-08
8.38756211586567e-08
7.88081141494364e-08
7.42834392812262e-08
7.05261096823594e-08
6.7180229986562e-08
6.39773093462339e-08
6.06733949083046e-08
5.70830826727721e-08
5.31315817930563e-08
4.87645500325274e-08
4.39959981588726e-08
3.89149374740448e-08
3.36826636929496e-08
2.85139233203733e-08
2.36268491834002e-08
1.92081719743396e-08
1.5376331745281e-08
1.21790668779532e-08
9.59133874443181e-09
7.54680307973809e-09
5.96101585262069e-09
4.74473656939951e-09
3.81624623185314e-09
3.10759699225899e-09
2.56314855629683e-09
2.13974654183859e-09
1.80427591803211e-09
1.53101824704616e-09
1.3001797964371e-09
1.09664149415578e-09
9.08802565458186e-10
7.28475920380117e-10
5.52112442883123e-10
3.84207083981131e-10
2.37307566021483e-10
1.26170165519458e-10
5.60702457418126e-11
1.9912410891119e-11
5.08713603517301e-12
7.16329179154301e-13
1.96900982958625e-14
5.44570004668585e-08
5.32332277444819e-08
5.06824349102589e-08
4.75274728885575e-08
4.42884515797883e-08
4.1340250072345e-08
3.88420540399447e-08
3.64747823163116e-08
3.43604036392179e-08
3.26051684574494e-08
3.10444054512355e-08
2.95546359738679e-08
2.80231471290006e-08
2.63659229481132e-08
2.45424886821284e-08
2.25265836649921e-08
2.03256847062099e-08
1.79798632954765e-08
1.55645865949656e-08
1.31788807060075e-08
1.0923337248961e-08
8.8852961286742e-09
7.11920275471163e-09
5.64445334617775e-09
4.45296530082281e-09
3.51146502137128e-09
2.78199144533314e-09
2.22326336731718e-09
1.79738470946131e-09
1.47326042825898e-09
1.22463059099032e-09
1.03224657928103e-09
8.80260295058394e-10
7.56778203837066e-10
6.52930663822632e-10
5.61700252508989e-10
4.77824362216888e-10
3.97340087415818e-10
3.17519095712234e-10
2.37342809704491e-10
1.5963794808339e-10
9.22072505325631e-11
4.36113576521552e-11
1.60815856482533e-11
4.20042708518022e-12
6.01987682313196e-13
1.7096391944262e-14
2.29892539516086e-08
2.24709080666726e-08
2.139370009632e-08
2.00571645091117e-08
1.86864565954635e-08
1.74378475708094e-08
1.63729471657678e-08
1.53672671317243e-08
1.44719866981088e-08
1.37271631745882e-08
1.30637224341123e-08
1.24326880359153e-08
1.17875411609469e-08
1.10898850680062e-08
1.03231934412521e-08
9.47527778715111e-09
8.54964023675205e-09
7.5649556455223e-09
6.549102502702e-09
5.54808211133955e-09
4.59956447681089e-09
3.74523804617062e-09
3.00409589993683e-09
2.38513225502637e-09
1.88601912391588e-09
1.49114537051275e-09
1.1855137544707e-09
9.51469114285694e-10
7.73343225916638e-10
6.38046914026015e-10
5.34522974053255e-10
4.54625507022875e-10
3.91670220726087e-10
3.40632712421222e-10
2.97730807956777e-10
2.60042180025658e-10
2.25414611227108e-10
1.92264728303707e-10
1.59466430548348e-10
1.26176993735123e-10
9.22068921313056e-11
5.90520143839024e-11
3.08484442656941e-11
1.21930862853789e-11
3.30678809474269e-12
4.8308965321552e-13
1.3537059915285e-14
8.52048312248768e-09
8.32771430026403e-09
7.92890781571292e-09
7.432417316329e-09
6.92397370992623e-09
6.459169801062e-09
6.06129858339183e-09
5.68764446974402e-09
5.35407500085808e-09
5.07647252987777e-09
4.83008074955785e-09
4.59588289684169e-09
4.35605711548425e-09
4.09823835243192e-09
3.81427739596222e-09
3.50090244608944e-09
3.15950846398485e-09
2.79566288998332e-09
2.42076138896203e-09
2.05113484089388e-09
1.70204250224308e-09
1.38723258585236e-09
1.1139929256383e-09
8.86457338222591e-10
7.02486502510936e-10
5.57141661195474e-10
4.44555387451849e-10
3.58446996392479e-10
2.92939461839373e-10
2.4324716373803e-10
2.05352869648395e-10
1.7610131174449e-10
1.53170531631557e-10
1.34595625521256e-10
1.18979452041891e-10
1.05218762542016e-10
9.2520657357595e-11
8.0317679717905e-11
6.82512199499333e-11
5.60858109086936e-11
4.36212618347623e-11
3.08582071512589e-11
1.84062849607286e-11
8.23982232445691e-12
2.41232776266032e-12
3.6666172307387e-13
1.06267218501876e-14
2.60726986185973e-09
2.54758134750542e-09
2.42557228955686e-09
2.27378852439989e-09
2.11808547040409e-09
1.97539868877087e-09
1.85400593287679e-09
1.73852769553741e-09
1.63575690083668e-09
1.55026844710219e-09
1.47461783910461e-09
1.40269356921516e-09
1.32946349832967e-09
1.25012389136877e-09
1.16373265024197e-09
1.06803542993823e-09
9.63968757139931e-10
8.53427613534996e-10
7.388551552705e-10
6.26539624179104e-10
5.20296031501499e-10
4.24563174969746e-10
3.41394124487195e-10
2.72184161765259e-10
2.16335228337766e-10
1.72103638424671e-10
1.37825523309003e-10
1.11641036657423e-10
9.1726221364682e-11
7.66610877653876e-11
6.51809882428242e-11
5.63403521789563e-11
4.94386438900384e-11
4.38534535514904e-11
3.91650087631782e-11
3.50036490221744e-11
3.11472943476181e-11
2.74027349833619e-11
2.36742690300617e-11
1.9911365659333e-11
1.6085143426678e-11
1.21905665562098e-11
8.23802049793283e-12
4.41995340137268e-12
1.52319220355432e-12
2.51489972270657e-13
7.56527554384846e-15
5.84855366988124e-10
5.71459011092786e-10
5.44631121736949e-10
5.100154486585e-10
4.74964623519891e-10
4.43105802338983e-10
4.15702278418412e-10
3.89628371243328e-10
3.66511306684294e-10
3.47102144682511e-10
3.30332308198899e-10
3.13858854389471e-10
2.97402096670652e-10
2.79904258439339e-10
2.60372246589552e-10
2.38950881316402e-10
2.1565740141745e-10
1.90880796837809e-10
1.6549016887846e-10
1.4017949741981e-10
1.16570813402553e-10
9.51774610590245e-11
7.68069406893428e-11
6.12844285538631e-11
4.88682788240983e-11
3.90020019533415e-11
3.13611728932344e-11
2.55109695711632e-11
2.10702489549924e-11
1.77199055802575e-11
1.5179948155052e-11
1.3209682675686e-11
1.16883431645628e-11
1.04552438997388e-11
9.42026358246234e-12
8.50335403161152e-12
7.6443598534829e-12
6.80206686881613e-12
5.95533406151717e-12
5.08535311012934e-12
4.20052749471948e-12
3.30790878292324e-12
2.41130673343487e-12
1.52445410871619e-12
6.8901931918799e-13
1.42716038609478e-13
4.72758909342561e-15
7.2977437178637e-11
7.13164509668029e-11
6.79068272869175e-11
6.38507844164468e-11
5.93558624902435e-11
5.522959029053e-11
5.19150661029471e-11
4.8533565956728e-11
4.56843378494121e-11
4.32676195681101e-11
4.12589500102966e-11
3.92580863155303e-11
3.70316935711481e-11
3.48331367975022e-11
3.24098753993255e-11
2.9746272939481e-11
2.685727642216e-11
2.37722488904707e-11
2.06031597827382e-11
1.74735668340429e-11
1.4533478032713e-11
1.18965287056161e-11
9.61653715776505e-12
7.69890238730688e-12
6.14336928251405e-12
4.9197198225561e-12
3.97152425373136e-12
3.24361132856533e-12
2.69905156227685e-12
2.27851642404591e-12
1.96356166751845e-12
1.72328164977734e-12
1.53324104967749e-12
1.38396502174779e-12
1.25650725980227e-12
1.14404835156681e-12
1.03775308250813e-12
9.33426805767193e-13
8.26383997718373e-13
7.1599900184481e-13
6.021962989472e-13
4.83266222087113e-13
3.65976795282174e-13
2.51303599844376e-13
1.42734686429174e-13
4.72462520601944e-14
2.18371257703626e-15
1.83244871975945e-12
1.74376738374395e-12
1.59855124307253e-12
1.55409870664025e-12
1.45300760414553e-12
1.35697548670647e-12
1.27908138358664e-12
1.19172351898749e-12
1.11916034979178e-12
1.05802465530552e-12
1.01029705703928e-12
9.57934703447266e-13
8.9327774960295e-13
8.48878632128317e-13
7.92204897164219e-13
7.10652659538376e-13
6.49439878004243e-13
5.78172655969574e-13
5.11021716020271e-13
4.28598286828052e-13
3.56719279021032e-13
2.91672619995391e-13
2.359094380855e-13
1.83990715421124e-13
1.55741834778721e-13
1.21758454000877e-13
9.70852592415184e-14
7.89410210623876e-14
6.97531831002193e-14
5.75943030533511e-14
4.99269238516272e-14
4.34622949422046e-14
3.94487957754169e-14
3.54543903667603e-14
3.21551415888309e-14
2.98053773233672e-14
2.75882313921314e-14
2.50257791168949e-14
2.26266943745866e-14
1.97330454598799e-14
1.70243033759626e-14
1.37053628315181e-14
1.06071785941048e-14
7.60072050213148e-15
4.72378657858944e-15
2.2723673532473e-15
3.46970476886887e-16
)
;

boundaryField
{
    inflow
    {
        type            cyclic;
    }
    outflow
    {
        type            cyclic;
    }
    wallTop
    {
        type            nutLowReWallFunction;
        Cmu             0.09;
        kappa           0.41;
        E               9.8;
        value           uniform 0;
    }
    wallSide
    {
        type            nutLowReWallFunction;
        Cmu             0.09;
        kappa           0.41;
        E               9.8;
        value           uniform 0;
    }
    symmetryBottom
    {
        type            symmetry;
    }
    symmetrySide
    {
        type            symmetry;
    }
}


// ************************************************************************* //
