/*--------------------------------*- C++ -*----------------------------------*\
  =========                 |
  \\      /  F ield         | OpenFOAM: The Open Source CFD Toolbox
   \\    /   O peration     | Website:  https://openfoam.org
    \\  /    A nd           | Version:  8
     \\/     M anipulation  |
\*---------------------------------------------------------------------------*/
FoamFile
{
    version     2.0;
    format      ascii;
    class       volScalarField;
    location    "126";
    object      omega;
}
// * * * * * * * * * * * * * * * * * * * * * * * * * * * * * * * * * * * * * //

dimensions      [0 0 -1 0 0 0 0];

internalField   nonuniform List<scalar> 
2209
(
22223.5873680407
23858.5898616768
26986.8532091883
31273.8549007003
36326.3193486193
42219.1882027251
49080.971620599
57050.6282085627
66180.2176187252
76502.1114921215
88117.0222764847
101295.782693092
116381.673110609
133789.859921429
154003.005057832
177539.611094555
205004.988196838
237094.642637587
274514.181607573
318008.874521929
368410.213038359
426944.474401666
495258.084770114
575036.181005137
668396.373375899
778514.01775918
910047.783474686
1069917.08617645
1268358.60832642
1520363.06967987
1847457.47608255
2279690.32220375
2858496.9340967
3641399.70492877
4710419.79760464
6187650.49178761
8262516.83269798
11241244.9040231
15639587.851694
22368165.194184
33139161.0824279
51425014.2675184
85039421.1778493
154131976.734788
322040321.041106
857707879.063993
3649632458.41996
24091.5166819205
25282.6045217406
27753.0300020045
31465.2007128803
36240.8172452486
41977.1041358982
48756.7114781292
56713.4599147252
65900.5620038072
76370.213835816
88292.9835602055
101942.798583811
117619.459151363
135686.840003039
156561.82532066
180724.491087772
208806.996822276
241481.726326439
279428.677192137
323390.265718569
374184.005308744
433053.998182717
501658.775437798
581600.490432526
674889.644106733
784657.364110907
915593.751352409
1074701.4618826
1272366.13957085
1523742.29846542
1850428.89675086
2282509.07540202
2861344.66871169
3644276.52167914
4713213.80363624
6190132.5488303
8264536.07161973
11242691.7418771
15640294.8844785
22368672.2758325
33139030.5150923
51424481.2367919
85034655.0222925
154127772.618466
322077179.646658
857484062.487775
3649632458.41996
27541.3852271367
28033.2044481504
29621.0172734128
32417.6122806495
36436.0296671268
41684.5436347096
48178.4871346467
55966.3942435529
65115.6451641384
75719.3221894106
87926.6227059682
101984.030699016
118176.137881564
136851.73714278
158410.744475414
183334.126357147
212234.519206437
245723.60085453
284397.145878168
328916.585980035
380014.331269604
438963.044828262
507432.081855107
586915.630243738
679398.583677414
788074.366311942
917796.851049436
1075740.53036905
1272448.28546564
1523204.57397329
1849652.33937582
2281833.10205386
2860923.5843737
3644123.29668983
4713143.38553813
6189917.54872424
8264188.39090037
11242302.7831899
15640459.4249623
22370110.5280575
33142451.0299851
51434054.1944154
85057299.3872556
154163145.312308
322177209.51577
857855716.465338
3649632458.4172
31976.5747011922
31934.3082002239
32580.8089450294
34328.2642602324
37319.9076347727
41671.0696727793
47469.1625927756
54764.711517356
63595.3029673719
74046.1304100004
86263.0140254248
100490.982933165
117037.372072559
136213.357008786
158390.216842285
184071.807876276
213813.083578363
248126.869957833
287530.67714364
332561.460088185
383869.68432891
442830.589650786
511137.183606928
590162.425791869
681860.043499959
789453.945567595
917884.804961952
1074532.5969458
1270179.06994317
1520309.16992137
1846701.88524455
2279344.43707505
2859232.46032844
3643135.80780473
4712596.35581089
6189427.93472444
8263302.78393607
11240884.3835695
15638634.0122709
22367979.0656548
33140166.163009
51427607.6089365
85044584.8615999
154147993.990051
322114280.679906
857538705.904777
3649632458.41996
37147.1005104284
36798.2738865922
36660.0124384247
37367.9110592215
39202.1493478747
42393.6768019505
47127.0735505625
53516.6310499087
61614.2650552159
71500.0589106936
83322.7766397778
97299.2223127993
113734.773064605
132951.081553195
155348.358426883
181435.66497885
211691.21440219
246562.098389619
286510.406193451
332028.950004613
383691.650519016
442911.218715377
511296.591654598
590052.247357181
681107.818470648
787762.308885828
915088.176504639
1070637.44333621
1265408.68675158
1515078.40875005
1841514.70885472
2274615.03855784
2855128.01358864
3639604.52478889
4709302.82224395
6186029.06636109
8259606.10919838
11236829.8909542
15634054.0759011
22362935.6649042
33135337.1466066
51423654.8318863
85042202.8103583
154151570.746157
322101371.548201
857364301.802077
3649632458.41996
43181.0879419261
42604.2979905043
41905.5160350456
41678.8583804611
42327.844297432
44225.4276213582
47641.0398355294
52785.4383805686
59742.8133214578
68629.4358292842
79600.0093269396
92834.7729012107
108593.248044148
127227.239012811
149150.595214073
174866.153275373
204916.856258681
239799.243257789
279963.1688191
325841.99345568
377928.672988642
437634.35956999
506389.430162781
585215.806173883
676083.467774788
782329.005110135
909092.52595441
1064036.95371671
1258306.60128332
1507752.82299563
1834297.90994855
2267807.11897142
2848808.60704621
3633617.01842654
4703307.93203423
6179669.70912605
8252497.81036707
11228722.1373701
15624743.6101829
22352217.9534132
33122454.5760253
51408678.0524321
85015597.5494823
154106633.135599
322019361.101732
857284992.206795
3649632458.41996
50232.6304388551
49473.280594993
48363.5336667417
47335.2803656802
46894.2936405231
47475.2741271955
49439.5483379156
53089.4194758806
58606.0276880112
66142.7419508462
75842.2538491894
87883.9405559443
102517.905568845
120059.559194774
140928.732045777
165679.998309791
194908.55628304
229168.101548931
268972.823099791
314779.954247864
367244.444603275
427549.637478414
496767.147251252
575914.970136583
666928.296255016
773099.53950572
899588.584602868
1054178.31090509
1248150.74213942
1497497.57925181
1824217.83393058
2258164.18078065
2839704.991156
3625030.32832456
4695054.50722274
6171488.16376888
8244313.36718409
11220626.5271242
15616879.3237055
22344502.1852544
33115810.692574
51407500.5688947
85019451.7841486
154117151.229082
322068361.78767
857769645.181276
3649632458.4172
58413.9884255807
57509.211368336
56051.6535024923
54403.7590003356
53030.0220207925
52370.6951484419
52843.7468423286
54871.5062951101
58751.5702128416
64674.7251686046
72789.3177749298
83276.6711450228
96390.2955314552
112410.900129376
131742.084803257
154942.798094769
182677.961520446
215630.360540447
254455.945722563
299690.505172261
352139.32413382
412834.245222532
482585.533734995
562441.075839361
654268.550038586
761216.199585016
888287.524547847
1043245.38448379
1237371.71052162
1486767.48619358
1813518.31994567
2247474.90906759
2828999.11718335
3614137.77023746
4683814.67528501
6159729.99751447
8231873.42027474
11207119.5784107
15602029.8085769
22328140.0859818
33097463.9617708
51378971.7556164
84984094.7688245
154079141.619936
321952999.379622
857331821.172499
3649632458.41996
67729.0536875639
66748.0112516265
65068.9712837825
62973.9877092849
60840.9568475078
59049.5590024889
58081.3496997517
58441.844385204
60555.1871972697
64685.3764928558
70999.8388020511
79663.0290945017
90922.8538692171
105065.226768659
122495.864229551
143765.906537949
169591.895915537
200794.688192536
238135.998361707
282308.543069123
334181.502793595
394675.548148585
464616.673269602
545138.723064656
638037.378996354
746296.933990894
874762.984448079
1031004.99503731
1226257.74715693
1476568.10237577
1804022.12359589
2238445.24300676
2820162.08301561
3605177.63069657
4674408.02451245
6149593.42196104
8220696.95774145
11194776.2904792
15588106.0775366
22312583.6646603
33077927.4410258
51356255.420843
84950702.9587455
154014806.32552
321878397.489869
857219003.086286
3649632458.41996
78235.1401948561
77307.6782256998
75520.9348763039
73164.8981885355
70450.2330111624
67657.5440372096
65325.5725967644
64036.5476349325
64329.5533658702
66554.5902154148
70958.130019154
77680.984530583
86950.3616027126
99057.9237732588
114427.995146459
133632.448823937
157417.077469774
186655.959845217
222234.63282811
265058.949594616
316080.107113258
376164.439005296
446200.604448591
527334.797676926
621312.401501719
730984.14468494
861024.842667276
1018796.94830787
1215386.7595613
1466732.65240216
1794880.59634147
2229639.62123189
2811365.6073738
3596090.96084736
4664832.60095728
6139398.43746143
8209871.62759968
11183377.6315541
15576125.0644112
22299821.5899536
33065099.2839649
51343820.6363
84941728.0001103
154012313.151345
321907057.378135
857450831.529197
3649632458.41996
90125.323312789
89344.0858797195
87570.4929566727
85136.6176480986
82006.1481740844
78363.7205759684
74729.6955136337
71822.4282126449
70313.6424896049
70644.8675266542
73060.7602611501
77806.4367513009
85063.8164959313
95125.5822268253
108427.143237172
125551.230610055
147244.684696613
174408.730818133
208053.593441535
249219.348550346
298918.953106285
358113.387115297
427815.270708502
509252.423251899
604122.165254616
715128.030708837
846750.883235496
1006138.34827934
1204210.52665703
1456751.26903546
1785692.24489385
2220843.19254095
2802601.43618647
3587044.28894367
4655283.07905336
6129169.89094987
8198975.16752163
11171619.2379045
15563918.0696238
22285843.5453197
33049122.5850616
51322289.9680678
84913826.2919725
153985559.210945
321853555.543718
856731120.283496
3649632458.4172
103642.773629184
103082.779587618
101492.522263043
99131.9254328691
95719.7526384898
91355.7180706705
86496.1015139713
82010.1151143408
78724.7203365549
77154.6837790639
77597.0709199051
80322.1673068477
85575.6343395751
93618.5055456285
104884.300309932
119954.06858349
139559.083110588
164604.022720088
196158.865367639
235363.26197455
283336.392082717
341175.714202686
410365.780176559
492314.819872754
588325.18096827
700381.462345638
832889.82309196
993409.547901315
1192813.00182611
1446684.40391268
1776788.71152891
2212799.94211506
2795027.87923578
3579663.44254332
4647837.81908258
6121464.18803606
8191192.0087237
11163899.2583386
15556020.5719454
22279363.324682
33043989.6983364
51320141.4116163
84922153.9358197
153995225.534814
321899394.525648
857672131.594606
3649632458.4172
119084.359871688
118839.814289786
117614.853720501
115422.194373781
111854.888555544
106847.66321902
100848.335744632
94853.6902906056
89805.0870404854
86325.6993459471
84797.2737836913
85510.3381653733
88731.0010397325
94766.1273886321
104015.087409205
117032.599294766
134540.092963825
157433.595991382
186791.363028193
223817.21885322
269927.38069865
326730.204307013
395545.953452468
477419.506976953
573673.917632357
686354.521092114
819347.841501835
980426.294843829
1180954.77010236
1436321.27055841
1767990.22727155
2205422.29473982
2788696.31792751
3573903.99583121
4642276.90906521
6115940.96056519
8185251.79383292
11157529.7271464
15549540.5322453
22271718.4435382
33035053.2063163
51307177.1593569
84905076.1049215
153970351.496868
321864504.014857
857499874.504029
3649632458.42272
136864.517663169
136988.101050169
136257.463262712
134304.423008025
130708.465569263
125170.408532166
118151.086402554
110706.405059372
103905.26672862
98504.2924228468
94971.3281138801
93632.4267623643
94822.7530017471
98850.8879407808
106092.788186574
117075.334109549
132500.083472705
153249.64705723
180376.243097667
215343.077718006
259990.747316377
315787.329618897
383740.626923503
464880.328087096
560582.071372234
673037.037352161
805854.366874425
966991.152079657
1168346.90121232
1425181.44980081
1758713.72580633
2198033.90902642
2782967.99782531
3569460.47990337
4638565.61980895
6112562.05246315
8181883.78570399
11153825.7215039
15544773.2824289
22265890.7231951
33027153.4897449
51298846.4362551
84882937.874011
153942569.973153
321811921.985781
857157129.138604
3649632458.41996
157420.404795912
157917.414644218
157810.577811058
156203.267261909
152715.751189229
146785.196189105
138857.197772142
130024.21742885
121476.789126231
114133.663428115
108537.962662366
105101.889712725
104233.027434078
106255.098507467
111506.354608917
120483.272494553
133852.568997899
152462.299603715
177468.606329175
210740.052102595
254058.868009541
308545.246692078
375145.513148581
454899.775994975
549274.17036412
660656.438700559
792856.176599154
953717.341107403
1155407.19025372
1413561.32585187
1749114.70214925
2190751.54874383
2777934.29928497
3566258.71428845
4636719.94865538
6111515.27489033
8181157.43424623
11153115.8352643
15543744.5991923
22264332.6197222
33024462.0491976
51294836.9997519
84877703.7014818
153924281.898388
321789421.788514
857085771.472249
3649632458.4172
181265.646952637
182139.983189478
182785.061384249
181648.682178104
178409.38540971
172195.778624435
163442.847364996
153309.260023558
143038.281180233
133749.924971824
126055.05112982
120484.507644629
117540.358273448
117555.527945059
120820.866882204
127767.203242348
139058.202074521
155506.348417247
178694.748211514
210515.112190425
252306.794782945
305116.70949378
369863.938510632
447624.973877657
539992.430507834
649580.333689829
780458.805690942
940499.172110988
1142234.37438202
1401630.98994661
1739335.65172028
2183613.11795451
2773437.32854656
3564097.43456376
4636353.41355948
6112350.8820716
8182566.64749686
11154758.3677182
15544662.999393
22264683.5636993
33023863.2890169
51290180.4890782
84872395.0237349
153911308.55605
321751879.28134
857057250.595278
3649632458.41443
208990.180153379
210298.431163542
211706.621913721
211186.494038563
208278.142075372
201889.486333741
192432.497853978
181111.924320375
169199.405201104
157994.413660727
148191.821142291
140491.465733933
135499.946351784
133483.316444569
134686.877062622
139547.729593192
148646.782845072
163228.337834798
184926.607741143
215175.772854798
255174.768320452
305902.857076313
368261.603944218
443379.787306414
533030.551528851
640086.399020075
768908.207913646
927582.336351968
1129042.2898629
1389503.02821286
1729352.80821704
2176378.66959033
2769107.68811048
3562392.32809952
4636812.03303361
6114407.22207208
8185770.95484741
11158735.1848143
15549540.6780523
22269785.6976875
33029957.7553029
51302570.9373796
84891142.1526391
153951577.912207
321850366.138306
857557758.743259
3649632458.42272
241252.608412046
243071.57471074
245127.596750065
245353.684720241
242768.538272487
236322.739646332
226382.963500538
214046.174854944
200660.784862025
187616.149175272
175750.906609916
165969.594438432
158971.882738472
154869.787671409
153898.243036859
156560.133228358
163779.334988612
176826.012339445
196992.566903886
225450.561617208
263279.224996816
311375.344031572
370640.978360173
442318.230863899
528424.345543989
632131.266765809
758170.895199935
914942.007745558
1115793.40348138
1377083.87300708
1718909.11055768
2168536.59097313
2764118.17213119
3560001.85141755
4636622.90597865
6115918.25259156
8188462.31673306
11162219.6545078
15553682.0037203
22273422.9975038
33035172.515193
51307508.6316674
84901548.5668695
153973054.309008
321783455.649538
857513208.74978
3649632458.41996
278785.060147356
281103.253697217
283700.434192436
284675.951382616
282367.870202634
276004.448163648
265872.220197902
252769.079450746
238153.664799272
223440.553555737
209662.705392083
197895.427379549
188912.277772599
182675.640828432
179524.86172053
180280.61766422
185954.257890062
197464.917766916
215839.451232715
242113.620094124
277184.324779693
321873.014536594
377139.250734323
444424.102674519
526072.756541582
625601.530158436
748130.959146833
902495.396247918
1102396.24118756
1364233.24331283
1707695.07002727
2159717.17616062
2757835.83322702
3556175.4402432
4634922.53230617
6116004.11695582
8190072.29216939
11165398.0632112
15557675.9543552
22279271.5534593
33042478.9224502
51318028.6901492
84912062.6908803
153986645.246881
321833910.093014
857694169.418087
3649632458.41996
322348.410254084
325055.328772039
328089.215575627
329691.708135428
327588.30585829
321469.435091589
311426.202297281
297867.913992602
282399.314422758
266362.882267306
250935.66164736
237338.944493717
226412.692295724
218192.806494813
213254.718938771
212457.184996782
216510.800799378
226223.523701037
242423.369864003
265896.819663812
297405.828153788
337729.205730427
387950.515344105
449811.713134505
526026.782137915
620517.693004162
738809.147737688
890247.310783672
1088816.95978329
1350754.67951793
1695441.31909965
2149319.95229211
2749606.9292803
3549957.05593883
4630722.01545191
6113700.46498487
8189854.80738182
11167602.7793223
15562970.6823239
22288177.1157337
33057178.7272044
51341661.9986957
84953104.9373459
154061804.40222
322098471.987253
857702999.253725
3649632458.41996
372735.509557708
375688.040409427
378990.977440728
381036.827363648
379010.341687086
373263.511052625
363702.093731538
350181.375994008
334285.34584306
317346.350404959
300594.124146939
285418.457452115
272808.706225789
263115.219439202
256745.119931804
254357.716819364
256603.013626139
264152.238245951
277620.80298796
297554.90861852
324541.021038035
359445.772738848
403515.301242216
458894.358332958
528696.738291299
617251.780474337
730559.139016918
878487.347637428
1075208.59889313
1336662.36663267
1681881.72009651
2136907.87653033
2738520.55227759
3540539.97018676
4622969.12034726
6108053.19266837
8185854.21759831
11166237.4135857
15565702.3606983
22295482.5623048
33070134.9358134
51363410.7177063
84982480.7063188
154087849.06326
322042912.059776
857967352.754828
3649632458.41996
431157.824122016
434239.402460555
437696.118113963
440041.416181736
438024.285756427
432705.856217019
423820.860034565
410748.100903115
394751.890544
377324.910228401
359673.925027545
343294.203789745
329686.161576109
318890.165890051
311117.41792959
307040.854034191
307228.257047933
312186.210845204
322297.97407438
337913.530739142
359503.997555995
387925.873265549
424810.435124057
472723.767187065
535168.661207935
616901.253481131
724388.961270768
868112.459940556
1062277.98541761
1322383.07716687
1667153.51944912
2122323.30527362
2724565.32061628
3527488.19135976
4611278.56947423
6098383.34637665
8179560.97979647
11164262.431756
15568112.7621735
22307395.5738659
33091131.7768333
51396494.7503244
85038750.5976302
154175504.024792
322266653.811068
857854403.453978
3649632458.41443
499270.716943504
502391.266371907
505921.610422748
508335.166361753
506191.789007267
501148.602949859
492831.53908474
480379.788757696
464632.414181139
447260.786555887
429276.902426212
412466.772319245
398366.495230538
386572.170837355
377395.765942652
371495.51138926
369356.4438789
371300.488979539
377500.242627055
388125.004163939
403587.129859147
424814.188583957
453669.914273537
493334.382019567
547552.894063466
621574.96945142
722349.051286676
861006.178566511
1051640.33756767
1309173.04090409
1652203.30932751
2106288.26423738
2708011.42234405
3511092.84940697
4596126.51335163
6085473.97402482
8170047.41096727
11159099.5067704
15570678.6980299
22320396.1151898
33117287.8192046
51444645.3281508
85097207.9588595
154267731.941585
322305774.027841
857677259.182789
3649632458.41996
578726.463490024
581761.275603088
585199.713285421
587290.030302633
584733.379460277
579647.31299702
571823.458666927
560148.088741795
545053.763630212
528326.526916189
510659.443335451
494313.460264487
479930.433366356
467266.660767747
456716.302319778
448896.243078652
444207.387578767
442820.566151724
444728.020953372
449978.523139559
458954.030162045
472706.159029806
493291.101144436
524000.737405485
569233.954749814
634706.193605984
727799.458669974
860387.464382697
1046136.53525624
1299462.28636568
1638990.0721509
2090424.18774506
2690508.90408307
3493076.34488731
4578774.74873945
6070520.24555127
8159400.71150622
11155679.745104
15577692.4181939
22343126.9508339
33162352.4122006
51513520.46779
85232509.3458883
154483462.338837
322708208.052546
858777762.046741
3649632458.41996
671577.043630815
674407.755320935
677555.832407982
678931.936602888
675666.348664388
670218.677142723
662762.94285907
651917.25712168
637826.627401703
622249.611289841
605498.361531169
590126.332624791
575741.171150533
562438.772780496
550632.563315615
540920.330442125
533633.966389133
528811.143031072
526335.728179982
526174.329087966
528720.952040371
535085.864609872
547423.920297417
569136.05348335
604976.104416015
661137.018818032
745879.44951432
871273.783214671
1050135.89884663
1297019.66739948
1630852.35493355
2077730.19257687
2674529.62848364
3475643.52994722
4561709.97037835
6055762.78309118
8150168.92783048
11154577.2186853
15589347.1925843
22367625.2569983
33210157.5847063
51595661.4098469
85341533.0276434
154648022.933992
322863947.67373
858813369.52879
3649632458.4172
781035.07511343
783512.856748808
786187.501394928
786549.757387939
782345.115340653
776246.78254858
768969.916469503
758870.27542202
745942.183696573
731866.669602775
716462.771845447
701906.197420355
687907.817888766
674343.814811472
661583.525753784
650219.641924615
640513.823062343
632444.667619917
625837.294823195
620630.598486498
617214.780701204
616715.324629832
621318.392831241
634452.402397838
660969.667093002
707479.532205298
783398.982247987
899989.503976907
1069508.02600804
1307190.43482248
1632682.00723294
2072579.41276106
2664451.5440427
3462836.25937438
4548787.80103474
6045789.12643966
8146340.31511339
11160841.7977052
15609699.1686886
22410454.94061
33279857.8182204
51706114.2103135
85514489.8073852
154893155.294855
323299210.542464
859196196.754904
3649632458.41996
911809.238544316
913832.50156663
915910.824171915
915160.703161012
909870.249647728
902901.947646126
895625.831507496
886055.0005732
874259.235013084
861831.094445121
848024.514503967
834216.858636743
820491.459383387
806642.56947841
793399.794301476
780859.66237023
769213.196895286
758419.680084369
748326.101024564
738864.776733849
730424.289623119
724073.982377326
721923.732554614
727341.86240896
745479.712101075
783146.371249531
849489.789399848
954899.463098935
1112221.27649447
1337464.99545639
1651295.12876688
2081279.72387989
2665726.29261149
3459702.66086148
4544781.74953973
6044739.81730534
8152449.37342121
11178842.6712845
15645249.9037992
22470264.1403545
33373635.9078188
51845951.8520472
85723889.5770004
155210568.338556
323775385.389899
860124600.583378
3649632458.42272
1070880.20957541
1072423.65775784
1073897.52002761
1072137.93163715
1065774.02114673
1057861.68109837
1050438.46736425
1041180.37414256
1030341.14384428
1019469.57218845
1007361.85440713
994652.79573528
981295.685221244
967410.816831823
953993.45309769
940736.890706653
927784.968813159
915136.301853846
902621.595936858
890205.807991767
878214.67170877
867621.238770717
860361.562250983
859662.990203215
870575.009147042
899411.492987203
954558.099578075
1046562.24695933
1188670.36293508
1397973.4712854
1696269.17092755
2112518.5506224
2686173.79144407
3473086.92145605
4555700.09766116
6057975.95948429
8173383.15301042
11213367.7735639
15700175.2769988
22554415.9262599
33496172.5927879
52023879.1286204
85983153.4581713
155606395.932068
324393591.315292
861167576.279815
3649632458.4172
1268610.70382773
1269709.26653157
1270714.87917093
1268216.27660296
1261024.69953181
1252292.86444791
1244706.13055368
1235567.61725001
1225446.3039322
1215880.49072912
1205370.59758264
1194019.32321491
1181651.46615257
1168572.44752726
1155549.42670678
1142409.56033092
1129223.83228428
1115947.72937464
1102453.26868872
1088658.05656607
1074759.92742618
1061564.48522396
1050716.01451038
1045097.3442057
1049082.03817487
1068548.65452821
1111477.22989551
1188291.29587236
1312644.88694429
1502443.16028512
1780932.263092
2178613.59801814
2736557.79847856
3512598.35303614
4589299.80280031
6091964.17400333
8214658.46129162
11268234.0062008
15775892.730524
22661636.2204741
33649888.6679234
52234147.1567146
86282312.146773
155995366.543958
325015748.557045
861766098.178168
3649632458.41996
1520066.96673662
1520865.9329296
1521685.06427137
1518868.52374682
1511265.91862891
1502018.85952935
1494356.59781723
1485270.80926096
1475630.43298255
1467010.49747905
1457832.55296977
1447894.11497339
1436940.52524194
1425317.97439181
1413675.72034084
1401820.29866758
1389716.64519197
1377225.77763257
1364217.02886146
1350470.91070457
1336031.3292435
1321423.2246174
1307934.19177198
1298048.15167553
1295545.0357695
1305811.18691794
1336315.34679523
1397133.78770336
1502065.65694504
1669381.71940439
1923578.32274586
2297034.20425427
2833135.4104462
3591520.91419137
4657236.66380269
6156295.85825322
8283373.9719831
11350900.525096
15882367.8952142
22800927.396706
33833062.7498256
52484252.9044555
86607917.0402769
156461391.412254
325562248.037653
862304537.770006
3649632458.4172
1846761.0539893
1847496.34214314
1848467.95588885
1845847.54419802
1838316.09296789
1828966.51041678
1821319.31479496
1812310.89156395
1803011.65409789
1794928.67429722
1786724.52324959
1777998.87023212
1768602.33404723
1758876.02710577
1749315.10999031
1739647.22040511
1729616.01005631
1719047.89224715
1707604.03361432
1694994.59774138
1681019.07379749
1665878.61641138
1650594.87973726
1637213.80194625
1628990.87857661
1630894.91237296
1649796.95421444
1695165.09060741
1780134.93446484
1923232.30015223
2149448.00435358
2492824.04698634
2999286.36249327
3731337.63541301
4777359.6599536
6264864.61186317
8390677.86199965
11468754.0144208
16023622.8406306
22976467.0420108
34063085.6649698
52788822.3913599
87024064.5490723
157035572.484924
326354944.107821
863825854.464065
3649632458.41443
2278810.37827098
2279654.4518296
2281074.07416627
2279032.13239681
2272038.05517066
2262939.12744105
2255447.46609912
2246522.05671333
2237415.40758771
2229477.70064655
2221821.3929864
2214011.92435776
2206025.59073618
2198343.1757775
2191149.82031032
2184112.55534942
2176752.30321584
2168702.53449823
2159523.53392425
2148622.75622107
2135676.99533225
2120672.3395917
2104260.98585551
2088230.69015856
2075484.99125418
2070463.33062757
2079443.23939444
2111084.31210917
2177547.13694595
2296408.65065946
2492594.61159917
2800843.31759961
3269250.83366245
3963806.44084928
4976706.72118965
6440172.53811862
8554285.31662299
11634480.0533462
16205844.8872532
23193816.4885661
34331686.4867731
53127385.4480998
87466353.2156855
157631431.937821
327183162.623823
864657272.344662
3649632458.4172
2857589.82431184
2858647.12526185
2860703.99677814
2859369.57886011
2853146.31933667
2844479.13177173
2837143.80426829
2828223.92395366
2819178.89350377
2811046.28962997
2803494.37764889
2796243.21202343
2789365.57086816
2783474.34158859
2778618.9685112
2774213.19447805
2769605.15230871
2764203.76151768
2757398.13262819
2748505.62729587
2736901.84918457
2722492.71601747
2705606.17880292
2687876.83465379
2671978.94926449
2662108.62637081
2663737.69516301
2684502.57058704
2735416.9313736
2832393.93662813
2998836.26115299
3269085.90619498
3691971.65829885
4336578.09971329
5299765.42923811
6720207.88494227
8803101.18399801
11868346.6233231
16444533.0577551
23459320.8907037
34645523.9330748
53520312.9697278
87970664.2843277
158289784.638108
328080872.634056
865830945.744818
3649632458.42272
3640435.60554813
3641773.07704567
3644366.24759335
3643655.62879871
3638123.8290591
3629827.37161176
3622527.72682346
3613437.52978146
3604304.19417285
3595686.04838098
3587928.58349915
3580791.50567291
3574611.68991333
3570184.38881581
3567281.49564022
3565164.59657044
3563023.37632965
3560124.74412695
3555414.29320168
3548565.0062397
3538541.69365589
3524845.86835911
3508424.25631947
3490130.85671118
3472900.56203391
3460388.86162549
3457736.15026528
3471570.48635894
3511313.93937904
3590791.4814953
3730876.4225185
3963591.56183608
4336552.36662662
4919783.42464283
5814219.55729011
7165562.26303995
9187794.63825386
12209929.7436276
16766969.3078928
23789747.4468201
35012949.0225625
53959888.640429
88520814.1561793
159017197.593215
329059442.818347
867097284.364857
3649632458.42272
4709408.15665308
4710891.98981034
4713827.88077323
4713334.29257026
4708228.25839172
4700136.65288173
4692607.19593978
4683105.87528165
4673719.53379698
4664438.61645919
4656257.69581293
4648927.28085726
4643005.97296291
4639644.76089667
4638110.08398983
4637788.9694748
4637496.93876553
4636566.02745197
4633978.56396938
4628778.51376582
4620357.28296892
4608311.91703458
4592944.36648227
4575758.16317989
4559014.61174193
4546492.70407555
4543118.58998602
4554174.98443653
4588506.56159369
4656628.68297241
4776649.51391583
4976469.86167894
5299786.35250298
5814049.12343714
6622228.56849033
7874031.93092639
9795712.73055352
12728950.7267875
17222369.3385219
24216332.4197255
35454218.031418
54460120.6323524
89128197.2785116
159823525.31018
330142505.035786
868883717.467055
3649632458.42272
6186456.7617774
6188016.86594689
6191061.77068792
6190405.79123562
6185230.27297555
6177072.47245837
6169145.96352489
6158955.82444168
6149187.99487692
6139117.23887159
6130399.76188465
6122687.48792646
6116685.44488257
6113884.22234406
6113292.94740617
6114165.22268193
6115358.31584092
6115884.96123392
6114819.75633657
6111245.43274283
6105068.19568904
6094709.85122801
6081980.60815933
6067319.16032707
6053221.00538001
6043786.87778193
6043351.03874551
6057040.52579028
6091347.78900054
6156043.81066231
6264598.1711358
6440508.11802624
6720359.26411819
7165764.32152904
7873838.04330948
8997993.28922724
10770682.2842361
13551482.1920905
17910560.1726612
24809460.8606914
36006678.2392658
55030380.9917735
89785709.4223033
160616529.909567
331193606.381715
869759627.813761
3649632458.41996
8261187.32490553
8262666.41738315
8265520.70337241
8264552.60850598
8259098.39821079
8250549.36794841
8241885.25596502
8230656.77062664
8220715.53189426
8209775.2648695
8200678.75571588
8192587.588832
8186082.15889497
8183547.18852675
8183307.47097781
8184884.86449817
8186847.36305076
8188369.94110101
8188448.17602779
8187131.00867162
8182537.49233363
8175917.42151125
8167053.04136194
8156857.75923526
8148160.08990869
8145144.90380603
8151728.68129766
8172812.01367471
8214029.09387525
8283480.61801897
8391554.76342439
8554862.74509885
8803508.0956523
9188215.36587312
9795807.20348283
10770841.5273899
12346974.0114153
14897138.3893764
19019579.4731544
25711319.2912592
36767030.6593937
55740051.2571117
90547576.7908241
161540619.080125
332460089.797864
871702081.048272
3649632458.41996
11239705.9461058
11241229.2006619
11244252.340551
11242611.6903041
11236516.5494704
11227183.1438882
11218228.911513
11205593.3899908
11195278.9084623
11183617.0084261
11174191.6002367
11165607.7627408
11158303.0075107
11155914.8370862
11155606.9850185
11157455.9640699
11159554.1559667
11162124.5707191
11162702.7064946
11163822.4377272
11162318.5287609
11160487.3292372
11156843.5472095
11153862.9148917
11152947.8626923
11160623.2483198
11179041.4014153
11213393.2258763
11268377.0779888
11351560.4318519
11469405.8500431
11635219.6746958
11869181.137861
12210780.3559527
12728771.9195567
13551855.0221516
14897156.5353956
17137699.8538379
20892479.9019552
27209226.9964507
37941869.9236103
56711842.1673342
91463589.4429546
162567309.309508
333740209.53037
873186764.964629
3649632458.41996
15638160.5986046
15639513.8013202
15642543.3171785
15641082.9889864
15634166.7913401
15624133.8058735
15614434.6849148
15600536.6127912
15589417.3825916
15576818.1183347
15567569.1462511
15558375.1608523
15550148.3948813
15547261.6700877
15546587.3480951
15548474.4841243
15550809.671127
15553446.4203601
15555911.6513456
15558562.6451646
15561172.5468409
15565756.5661824
15570014.8576832
15578239.7721377
15588931.317494
15610904.842556
15646869.4740974
15701247.514438
15776967.2050222
15884035.5770875
16025035.0042058
16207646.3783359
16446125.4006581
16768440.5600891
17223663.436688
17910960.1600273
19019658.5623088
20893155.1264413
24144397.7600154
29857511.5377786
39981932.6815408
58245603.2315372
92710505.1806849
163846067.542502
335256133.244864
875451472.165223
3649632458.4172
22367471.5361851
22368990.8870215
22372994.2273119
22371192.1807619
22363605.1316205
22352122.7444213
22342123.1286688
22326075.1484048
22314828.8645237
22301105.7942574
22292319.1001133
22282810.6246475
22272322.3878392
22268610.2729746
22267433.8828597
22269567.8009022
22271092.7405391
22274566.6999525
22277293.5733006
22284074.3140604
22291642.2233942
22304048.3652619
22320532.6151994
22342101.727606
22369827.468592
22412761.93664
22472971.7845473
22553504.5471092
22661313.9835259
22802349.6581911
22978559.3617724
23196275.4811633
23461191.7354867
23790647.0028059
24217316.9247588
24809965.7177683
25712109.7254702
27210075.1751241
29857015.412409
34727004.9728022
43820118.7723644
61056274.6571314
94719365.0169619
165481199.969897
337035007.765157
877644061.879352
3649632458.4172
33138840.1739024
33140978.5363281
33146813.6186838
33147598.7942693
33138041.4223415
33123715.7940039
33113582.3969083
33094352.8858297
33081585.1043651
33066512.077527
33059297.5159946
33049583.9756804
33033735.7067892
33030047.6089729
33027966.7595979
33029974.4742586
33031929.2848375
33035827.4550872
33039962.5535133
33050604.7050746
33064895.5284624
33089891.9094591
33124259.7029645
33163548.9692878
33213069.0533936
33285119.2355235
33379293.5489284
33498915.3997464
33648126.8023044
33838231.4366949
34063273.689238
34335630.5378465
34648790.561045
35015611.1781674
35455911.9118376
36008219.3537728
36767839.5403888
37941862.4151276
39984285.1785589
43823194.6867774
51411271.6446814
66801279.56811
98626267.3832005
168096185.93907
339303497.462563
880465016.636365
3649632458.41996
51425664.421961
51428952.95971
51439745.0498771
51441518.2683321
51429126.1641158
51411777.3523149
51400430.2444652
51373354.0008915
51363448.6470003
51346508.1871955
51341066.4565729
51330363.903259
51308712.3575497
51302169.393537
51298484.4554339
51301616.967548
51302477.9133852
51310427.7036498
51313036.8529773
51332719.9939514
51352625.4906515
51398226.5397878
51452609.5421945
51521379.3002731
51599807.272334
51713031.9441213
51855668.4094835
52025838.2059933
52233712.6351496
52488728.4297163
52791424.538626
53137404.5035189
53523317.5564713
53965391.8113467
54459983.5767107
55031839.0346628
55740136.8349213
56710089.4113482
58242560.9697449
61052323.5116954
66801066.8638017
79347080.2373182
107586020.817255
173632496.094579
342791672.92972
883238719.791402
3649632458.42272
85036503.4238386
85043367.4527466
85062868.3753165
85070539.3710548
85051027.976008
85019425.1421422
85015552.2378455
84980011.9327834
84964630.3606242
84941649.0039119
84951062.6170915
84943665.2513301
84899339.3584688
84891666.0725296
84881406.9126713
84888225.7254708
84894154.9361932
84895715.0451654
84902859.213931
84919611.4432659
84970753.902994
85033372.830344
85119292.0570367
85245535.9071398
85344619.3732495
85524880.3673315
85731483.889727
85980245.85246
86270259.3621253
86616872.9521758
87027684.9835994
87476158.6684735
87971232.0532095
88529489.9333728
89132577.0426374
89791701.2357858
90545175.7979759
91461886.6978406
92703270.8323974
94722140.8925616
98637845.0940543
107598332.724319
129982970.441272
188299047.156341
350635544.334522
888812219.006495
3649632458.41996
154131732.31205
154143051.962221
154178696.960434
154205008.040016
154161979.073379
154109803.795459
154147146.753962
154061246.487868
154046017.792468
154013664.745188
154040703.348833
154030004.975475
153960151.384496
153928025.947568
153928292.134153
153943899.956737
153942441.854007
153965136.328939
153956766.947551
154009502.152574
154067906.438857
154175626.492315
154327529.571272
154494575.210011
154653520.111355
154919646.405106
155227799.452794
155577717.606923
155981188.436795
156472184.691574
157025771.369449
157652969.105777
158294011.077153
159036263.737999
159817876.422447
160633398.689576
161540702.058311
162571757.976911
163796949.828273
165446823.824125
168107788.375459
173592065.729544
188247627.626076
232528888.889776
375464143.338642
898387901.459749
3649632458.41996
322030598.638432
322103977.054184
322244166.222956
322251644.781599
322134820.70156
322043054.008151
322079162.053676
321941388.921092
321963525.213788
321908166.56471
322047432.525478
322015584.584463
321814915.811862
321863246.109754
321792189.263867
321845860.226834
321831290.809985
321783691.940414
321864223.265966
321820580.67784
321945412.852624
322088552.459083
322473540.498309
322709748.901525
322850352.502842
323293417.519712
323804204.55831
324295676.950108
324874690.599732
325556826.63056
326389533.629643
327260140.575724
328094996.76341
329133157.103225
330137816.874248
331256885.127424
332401888.667794
333743349.455562
335244160.273293
336978556.891627
339316848.436258
342847117.398778
350502010.851943
375583307.894935
477539821.989765
940748781.578286
3649632458.41996
857274777.692689
857525774.439652
857570286.789096
858278865.137286
857844651.241773
857206871.448263
857648866.419225
857116519.109541
857291724.258687
857356334.295609
857756189.209432
858170468.900913
857263695.173943
856995300.41911
857067489.878417
857275163.374809
857272029.648602
857252335.894227
856930734.010461
857371466.160098
857333244.308127
857889435.781464
858067193.637327
858996066.319284
858504006.807644
859304082.862813
860083997.911208
860803713.587867
861725253.545827
862454077.678125
863380315.089105
865039656.584199
865704260.002594
867399783.187758
868706475.133142
870050391.255418
871430466.530263
873292022.058469
875024730.073089
877588041.698959
880598020.549328
883151855.618453
888390443.961009
898044110.336218
940877040.917084
1233810270.18287
3649632458.42548
3649632458.41996
3649632458.41996
3649632458.42272
3649632458.41996
3649632458.4172
3649632458.4172
3649632458.4172
3649632458.41996
3649632458.41996
3649632458.41996
3649632458.4172
3649632458.42272
3649632458.42272
3649632458.4172
3649632458.4172
3649632458.4172
3649632458.42272
3649632458.41996
3649632458.4172
3649632458.4172
3649632458.42272
3649632458.42272
3649632458.41996
3649632458.41996
3649632458.4172
3649632458.41996
3649632458.42272
3649632458.42272
3649632458.41996
3649632458.4172
3649632458.4172
3649632458.4172
3649632458.4172
3649632458.41996
3649632458.41996
3649632458.41996
3649632458.41996
3649632458.41996
3649632458.4172
3649632458.4172
3649632458.4172
3649632458.41996
3649632458.41996
3649632458.41996
3649632458.4172
3649632458.41996
3649632458.41996
)
;

boundaryField
{
    inflow
    {
        type            cyclic;
    }
    outflow
    {
        type            cyclic;
    }
    wallTop
    {
        beta1           0.075;
        blended         0;
        type            omegaWallFunction;
        value           nonuniform List<scalar> 
47
(
3649632458.41996
3649632458.41996
3649632458.4172
3649632458.41996
3649632458.41996
3649632458.41996
3649632458.4172
3649632458.41996
3649632458.41996
3649632458.41996
3649632458.4172
3649632458.4172
3649632458.42272
3649632458.41996
3649632458.4172
3649632458.41443
3649632458.42272
3649632458.41996
3649632458.41996
3649632458.41996
3649632458.41996
3649632458.41443
3649632458.41996
3649632458.41996
3649632458.4172
3649632458.41996
3649632458.42272
3649632458.4172
3649632458.41996
3649632458.4172
3649632458.41443
3649632458.4172
3649632458.42272
3649632458.42272
3649632458.42272
3649632458.41996
3649632458.41996
3649632458.41996
3649632458.4172
3649632458.4172
3649632458.41996
3649632458.42272
3649632458.41996
3649632458.41996
3649632458.41996
3649632458.42548
3649632458.41996
)
;
    }
    wallSide
    {
        beta1           0.075;
        blended         0;
        type            omegaWallFunction;
        value           nonuniform List<scalar> 
47
(
3649632458.41996
3649632458.41996
3649632458.42272
3649632458.41996
3649632458.4172
3649632458.4172
3649632458.4172
3649632458.41996
3649632458.41996
3649632458.41996
3649632458.4172
3649632458.42272
3649632458.42272
3649632458.4172
3649632458.4172
3649632458.4172
3649632458.42272
3649632458.41996
3649632458.4172
3649632458.4172
3649632458.42272
3649632458.42272
3649632458.41996
3649632458.41996
3649632458.4172
3649632458.41996
3649632458.42272
3649632458.42272
3649632458.41996
3649632458.4172
3649632458.4172
3649632458.4172
3649632458.4172
3649632458.41996
3649632458.41996
3649632458.41996
3649632458.41996
3649632458.41996
3649632458.4172
3649632458.4172
3649632458.4172
3649632458.41996
3649632458.41996
3649632458.41996
3649632458.4172
3649632458.41996
3649632458.41996
)
;
    }
    symmetryBottom
    {
        type            symmetry;
    }
    symmetrySide
    {
        type            symmetry;
    }
}


// ************************************************************************* //
