/*--------------------------------*- C++ -*----------------------------------*\
  =========                 |
  \\      /  F ield         | OpenFOAM: The Open Source CFD Toolbox
   \\    /   O peration     | Website:  https://openfoam.org
    \\  /    A nd           | Version:  8
     \\/     M anipulation  |
\*---------------------------------------------------------------------------*/
FoamFile
{
    version     2.0;
    format      ascii;
    class       volScalarField;
    location    "126";
    object      Pk;
}
// * * * * * * * * * * * * * * * * * * * * * * * * * * * * * * * * * * * * * //

dimensions      [0 2 -3 0 0 0 0];

internalField   nonuniform List<scalar> 
2209
(
768.811211135947
3599.96743669287
8989.60498168446
16650.5169216653
26025.5281567454
36513.8710920895
47575.8543667381
58893.3793638439
70547.6362135473
82836.0415316973
96092.3651071849
110733.823325555
127373.2554972
146904.915991922
170374.510510212
198641.794379492
232463.008869861
272444.038689263
318862.93586772
371521.306540575
429634.183545854
491600.213955705
554811.866233277
615449.616099051
668496.05181093
708124.154601492
728419.339202348
724825.550345864
695345.79478215
641223.775654588
567333.64870638
481088.192250169
390767.816836081
304064.654256966
226741.999194989
162085.460885648
111070.58495096
72882.8764139651
45678.2423440457
27190.9345178112
15241.6135250583
7918.66236910971
3715.77507756082
1497.46166061694
467.375194903325
87.7721072296015
3.0128663043319
3894.56717653481
5879.53523010698
9974.95685135979
16350.9366609322
24788.3880369498
34687.5043945581
45516.5883912501
56972.7979910917
68976.4427797679
81698.2943834025
95478.4732718957
110754.183383446
128181.881012151
148607.572374572
172964.427471667
202339.569125221
237739.73649983
279666.330892219
328056.333958798
382412.383659238
441614.350004104
503648.19592164
565486.625527598
623051.08121195
671384.694000012
705076.080876768
719018.007883625
709494.690603995
675300.639350832
618399.959203458
543809.639630836
458702.303880045
370946.975015083
287608.7077233
213857.394407412
152539.917291006
104350.766114322
68385.7411094109
42816.3875834137
25476.2308039695
14274.0677744472
7414.12248618544
3476.16643761357
1400.25863981591
438.091893073097
81.7997055688827
2.73952793454781
9731.4465415708
10412.4698014182
12394.9492904375
16423.7450646621
22818.2760431953
31351.9699981916
41542.002599316
52944.3540853699
65251.1964895602
78483.0461191161
92809.8436790296
108636.826235304
126727.642233473
148066.489604562
173758.878777087
204867.011379112
242207.106384119
286187.592662347
336618.577940423
392682.608287466
452815.617918993
514544.084089418
574449.877828204
628274.982298851
671191.059178662
698110.296972628
704605.246368226
687968.047693487
647980.506254066
587406.829915802
511673.329101857
427866.1177599
343333.342201865
264409.942474374
195488.589633583
138771.330311189
94563.4725354662
61774.0524000982
38578.3706593163
22907.9729507886
12810.0669534911
6644.22338982366
3113.01229171195
1252.09423496746
391.269580689557
73.060341927589
2.24756199146031
17763.794368526
17087.5443979183
16668.6099441092
17814.8023393547
21317.3529194589
27506.4124737408
36119.465288031
46606.5896795647
58515.5042197938
71661.5913973436
86227.6119473475
102751.868739145
121782.145837016
144051.794473407
170711.759553922
203000.788454886
241838.043081494
287608.813571562
340071.993973888
398115.918523654
459579.10796609
521387.391744463
579700.254626426
629939.507365081
667320.795507611
687305.997280541
686248.033378911
662516.154955861
616990.766886547
553206.979311322
476920.137790033
395035.836350095
314323.721328519
240269.299977218
176517.101316929
124630.970135163
84541.6041775947
55026.5663597171
34262.2964393347
20298.545005552
11332.3131654997
5866.1261293549
2743.25452425913
1102.62617493149
344.360430454783
64.1757621981186
2.14874502755011
27478.1088725308
25547.5959082294
23001.6991504791
21301.6985686624
21545.9783303862
24586.1077787129
30524.4947957945
39006.0220502541
49575.4111555867
61938.2561311669
76077.7677549107
92327.9774693158
111243.183078623
133621.427267916
160624.174668178
193582.495822489
233552.829905654
280989.932847413
335365.165646978
395089.217196976
457598.864629261
519363.567475909
576109.108799636
623188.441994337
655926.197719158
670233.870354446
663313.250931201
634353.742773507
585070.420946195
519614.082074235
443912.716940155
364628.888257411
287952.813218622
218693.71793853
159774.008241441
112303.497944884
75909.2947083486
49271.0874274219
30612.6615092023
18103.5673589681
10094.2129483046
5221.48334057163
2440.65717030379
981.454642290331
306.753364013326
57.149523847099
2.00383838624673
38240.7060223754
35461.1891858065
31284.8977730155
27084.0701882534
24210.9110948945
23783.2726057679
26261.93958967
31747.1739398188
40028.5923389696
50739.9708499822
63581.9983097567
78716.174561154
96725.2220660437
118376.396982216
144842.517890314
177503.909340862
217498.080287848
265357.693351347
320656.575889163
381816.502130117
446111.120006587
509702.761798692
567834.25258302
615311.380961331
647107.181924565
659172.910865727
649153.506744011
616961.502592768
565049.75912985
498135.950315661
422441.830245644
344554.629066125
270328.67698975
204108.303135943
148366.259702123
103842.461922614
69947.2590882787
45274.7052766949
28069.3237352147
16573.4360833596
9229.58438079523
4771.62550503692
2227.95646379092
894.942980951276
279.190734954598
52.0327838201343
1.86440688629223
49503.9269412861
46383.2886240415
41155.4389249311
35096.4135697379
29561.0541147371
25737.8252597387
24458.4614951154
26305.9524985694
31439.3608754805
39577.6219157223
50392.5712527156
63852.3732270208
80302.7125893976
100445.666709519
125424.428049143
156610.367727983
195223.452088645
242018.873858604
296878.581414765
358520.213586856
424318.883254253
490218.680216035
550992.747641338
600895.121677251
634410.885928402
647206.146406351
636957.112081838
603963.450376971
551173.644684338
483751.872408713
408217.284453575
331245.544596197
258575.593107971
194315.105984236
140642.930968127
98052.6907763584
65825.9760593922
42485.3903664353
26280.3842018743
15483.2826689468
8607.66909934335
4446.44552616179
2074.79325548017
832.148964093759
259.031474261897
48.4178552431027
1.60534377288721
61041.9887692846
57852.086411675
52172.8333947456
44995.4698049895
37448.5119037953
30658.8800285494
25798.0526546813
23791.4543420289
25201.5207025948
30037.7387574697
38062.8806999352
49134.5735600206
63334.1323358037
81179.4153311303
103659.695584205
132068.925729647
167709.677437509
211555.342191338
263973.412027552
324256.697983074
390233.937218724
457885.374178267
521635.960713076
575030.379029193
611788.81883408
627134.989220008
618453.747548721
586277.192688972
534011.217204089
467246.797296954
392795.037074637
317439.329378472
246808.559475321
184773.337491203
133277.656389803
92652.6016182031
62053.0728531152
39969.9976747009
24683.7347328275
14527.2455442821
8071.52242600958
4163.20573481721
1941.14110626823
779.506611046387
242.768048277489
45.312603986289
1.60760980730967
72859.808941655
69724.1709046883
63994.922921413
56331.0050193121
47517.2923220612
38461.140065078
30449.2327105509
24682.5943434271
22177.4542264294
23277.1687638116
27902.7250564769
35912.6225504091
47309.8424693106
62395.5342387377
81867.8450580288
106837.094361112
138604.254961673
178380.359239565
226967.766428269
284294.952263258
348688.728992183
416486.590708056
482075.066662596
538693.300567151
579533.242477289
599036.504797859
594131.378864969
565076.179657368
515302.038006924
450674.217496179
378259.209830394
304967.994868258
236446.106215914
176481.385062355
126924.067332072
87992.4740436036
58786.9149655429
37789.0006687846
23295.2824754688
13693.8378287019
7599.30057829774
3918.02923734557
1825.9290023736
731.96226759762
227.800211604673
42.4667221820232
1.49915075525843
85150.7667706596
82193.8967849846
76477.7650510501
68881.6254922881
59430.7191355567
48792.6145882564
38139.4934283653
29017.1556413131
22789.1808544407
20113.6813215089
21105.5331326017
25748.2899616139
33992.4157281514
45989.3634035802
62248.5707355174
83715.8152992105
111635.125372267
147346.676694762
191966.889907483
245811.947174197
307674.157009269
374350.672642213
440530.951292511
499335.895186995
543499.530170265
566830.195746794
565765.196079826
540249.081244298
493623.739142132
431854.172154356
362162.334242522
291516.912970422
225558.785720794
167991.960846219
120570.96457876
83435.3140859226
55656.9077924466
35735.2371363559
22009.6974101035
12929.2426046271
7172.94226281052
3698.13532556395
1724.01359251299
691.386546426543
215.268706502121
40.2325020660635
1.34538302954913
98260.5959236079
95674.6533788803
89996.7519779495
82783.5717997371
73133.9021611434
61380.5567242182
48577.5666149667
36574.0742187269
27026.5323102613
20804.1108773068
18217.0343054823
19428.9962154554
24371.7836222095
33107.5523410487
46057.8951039669
64094.9358413048
88458.4980401424
120541.577870936
161565.95990684
211991.036534596
270917.554462404
335477.537690339
400719.971725968
459972.219892415
505817.402335343
531703.854170728
533769.141103197
511484.567152477
468027.762785934
409453.889150709
342945.613342218
275462.7381652
212594.926289224
157918.43524573
113047.220370069
78034.6207096821
51941.057522613
33285.9292482552
20476.6742134857
12013.5981150758
6659.31754923586
3429.36867734703
1597.66086714922
641.425395025436
200.359835674626
37.0241766464879
1.2383422273286
112845.590174834
110749.06002909
105370.119439224
98464.1876854233
88883.3272877667
76341.9476302946
61757.6705534244
47240.1581038809
34697.5249172785
25184.7306917289
19227.199299152
17100.2792208344
18785.3041710965
24320.2996047515
34098.261944092
48909.4599378759
69900.34231781
98445.8195759807
135840.044989337
182664.437836893
238207.413690714
299837.791104819
362987.309891552
421091.777747205
466917.084008249
494066.868071712
498292.581984228
478961.710654851
439027.537119086
384251.575455716
321670.962707276
258054.450553815
198800.26866537
147358.511767036
105260.550641037
72502.3103457975
48163.3231127963
30815.675145404
18919.4951011376
11087.588493754
6138.47964796112
3158.22926143928
1471.10369297048
589.391774023239
183.198013312057
34.4019962849152
1.13314608512943
129764.687215569
128113.074987151
123404.418806513
116697.024569094
107283.202281207
94162.4599189943
78036.0201554964
61226.7738602626
45859.972056075
33256.6399366796
24098.7348993182
18735.3322976547
17256.7819708178
19709.5542151562
26420.4446618366
38104.2902838675
55854.8333794704
80994.3954156481
114750.926334657
157745.922288887
209437.733363475
267522.403626998
327600.215038319
383572.291272503
428443.033595416
455932.056578873
461801.675428704
445272.347870752
408971.401065876
358307.474537621
300022.972642807
240605.657242186
185208.348192377
137131.82031478
97826.4601829631
67297.6331475635
44657.2932846514
28537.2050194529
17508.4075601052
10251.0556954817
5671.51030170798
2915.69500981977
1357.22594159778
543.428829539532
168.987945885719
31.5381671951847
1.01191027275654
149736.225927782
148655.672355331
144911.863534875
138524.157354507
129398.848558118
115742.43594572
98093.8235879322
78980.5621103783
60853.1278039951
45253.681351002
32934.1666558388
24393.4538183368
19843.2662136236
19284.0381865967
22992.8766888615
31635.2234247587
46244.240669267
68086.3419734357
98378.6208410363
137757.14815927
185690.843928456
239966.34109052
296463.858906813
349390.102741567
392143.022496167
418776.413061976
425343.445410984
410919.555146353
377960.140029841
331488.826824881
277754.868953664
222843.352480908
171575.573041336
127048.170417696
90638.3245889284
62360.3642522619
41379.4412122972
26443.5323454626
16222.2529655956
9498.17693125225
5254.71303187819
2702.56826586636
1256.81012877198
503.454006750413
156.621964145017
29.1472620200247
0.932647892908021
173590.428307557
173405.031880503
171003.737427165
165174.218518558
156474.245680449
142123.28597144
122796.3503244
101319.007401834
80369.612491373
61697.9211036819
46154.9245215351
34443.4958522477
26836.0973804612
23275.7253188446
23992.7911111592
29630.6296693779
41158.8171146449
59800.8525172839
86728.7052198192
122548.693416735
166703.541143129
216994.540962332
269428.494453237
318523.544209271
358183.07764061
382916.573939383
389161.988538521
376203.141787108
346301.749921748
304033.634805122
255087.567414283
204980.210559575
158109.599451092
117308.255068092
83857.6941693267
57811.7609596456
38436.4273348742
24612.0410332827
15128.4368045703
8874.16923383645
4918.22741140885
2533.75742447605
1180.48028949656
473.198514913677
147.424855617245
27.416858629907
0.884714080065498
202319.75366971
203448.493940859
202688.891078522
197834.908199681
189563.966010936
174527.615476401
153349.404141062
129394.235801429
105524.37319916
83557.5062572114
64634.2023421679
49670.6440065053
38930.0345710438
32308.0459115347
29988.7093052383
32594.9118860602
41041.7436305397
56492.0306455682
80011.3754430729
112128.366017046
152219.548948656
198047.217205612
245762.460216086
290211.769643581
325824.763806907
347727.724038304
352897.240072063
340872.391478271
313762.568281481
275693.506238585
231691.056492425
186630.736151374
144389.041274447
107496.940033292
77135.2865517325
53389.9658431681
35640.7608148619
22912.9601144019
14138.052201744
8324.00677670507
4630.66634327295
2392.87737227523
1118.24944845625
449.388916076278
140.297604807711
26.1444724527426
0.831899756231219
236861.838436709
239602.792390526
240640.051790902
237294.207629064
229450.227903175
214171.431284416
191207.866511151
164654.241673021
137633.6550067
112141.206952352
89581.4545378708
71182.9129536337
57202.6555992733
47426.625011367
42013.6565811807
41514.4896761701
46796.9734136124
58919.1812378473
78844.2872248813
106945.427497791
142442.884761695
183092.629663304
225175.955887802
263997.984872132
294565.452674908
312723.443219882
316035.515017572
304358.646534103
279729.340617236
245742.529058427
206764.999897273
166947.140048018
129604.063988195
96898.2503228549
69859.2816682881
48593.4856295685
32602.1903120588
21067.3223873392
13066.5964829566
7729.47923905412
4317.07147974476
2240.7103040659
1051.64038743334
424.232606598866
132.804073141031
24.9746511258578
0.772963034824259
277846.66965129
282217.523400993
285162.010586751
283752.868836698
276505.497148669
261683.394438271
237312.195938433
208271.15069115
177869.983072066
148722.973897629
122303.080461261
100306.898109253
82978.0678607588
69943.7806104615
61339.8854531805
57604.2422997889
59529.864614561
68082.4487570344
84044.8087931994
107566.452721888
137720.737809861
172267.812118481
207682.247600364
239731.5113708
264175.476215063
277645.379793456
278371.720988739
266508.541072914
243994.891240562
213940.718441456
180009.89878954
145571.383296492
113345.488716653
85086.8725493745
61637.1896424811
43103.0582380943
29076.2045511565
18890.9386991731
11779.2600418709
7003.10432043471
3931.13060169761
2049.05865637066
966.212025008226
391.964741584886
122.703104342199
23.1895298073955
0.735043787996921
325285.522891606
331188.572016527
335996.176827821
336801.616086745
330436.918030874
316750.727219149
291814.155544181
260639.25700196
226881.208538511
194143.522648952
163943.396185633
138278.069577251
117477.748585855
101059.518172694
89074.9278045582
81884.8459351585
80173.5807894321
84739.0325626101
96124.241280258
114285.684649093
138127.140905376
165411.436250135
192967.001667592
217129.20011286
234497.956273994
242541.322059437
240141.422195541
227726.666374187
207073.431483271
180841.025376881
151883.011758215
122860.415622143
95848.6779269248
72191.4469178396
52515.5450595236
36896.3755222009
25019.1641882472
16343.0431053122
10244.0543606181
6118.73118161037
3451.57887057958
1807.48379531023
854.637184718474
347.561281491834
109.324184906312
20.7143969186116
0.64794009803013
378573.586167031
385912.888553547
392205.290972488
395205.978452103
390049.507460944
377856.137195259
353552.277939464
321057.812174063
284327.850080714
248462.522219868
214905.224302609
185647.988820509
161301.771457429
141318.705848047
125664.436225251
114702.97086581
108927.37291449
108895.370356089
114923.972420775
126696.538413298
143039.45492042
161863.886447944
180457.688221964
195868.681536497
205554.168086972
207807.152767256
202094.394873308
189043.520172172
170217.931749879
147665.874481762
123542.104381581
99788.0340950736
77899.9220232247
58782.218990463
42892.5572564878
30251.7526100177
20598.4974178118
13514.809517426
8508.20790623152
5104.95436737424
2890.53299997933
1519.03956739984
720.799011615371
294.068581908586
93.3672375417567
17.6170781362075
0.53333751956225
436520.110780312
445089.974293477
452147.365256411
456790.830258062
452927.872648352
442376.361067488
419873.143249303
387240.207708942
348367.919875569
310379.032737519
274191.977682598
241671.348673019
213787.186015611
190005.375284651
170388.935632328
155242.304010694
144855.260626067
139479.723934949
139194.993208164
143488.281315272
151195.334468036
160552.460098876
169416.183617555
175665.092102418
177578.974635728
174185.928844708
165418.326090311
151940.952356029
134980.977721493
115991.174938496
96452.0130832963
77657.2130962194
60532.9251436788
45694.3178597938
33394.5501183296
23615.1190949583
16124.2253157654
10611.5579407311
6702.60602865914
4034.26653263338
2291.16640613983
1207.6254314099
574.726093207487
234.801080819633
74.2444724729363
14.1260425387417
0.42340086273986
497315.943895207
506610.004085384
513345.183366993
518526.552625648
515514.759347978
506591.820654712
486789.649484872
455075.777829483
415371.188858165
376689.139444348
338926.344910749
303657.18037169
272396.184728458
244721.953788817
220915.549812568
201189.03697224
185610.525794858
174152.531116735
166632.884915803
162498.868815983
160748.611915759
160078.812086554
159041.773017804
156325.33784492
150985.331588194
142646.683088416
131454.276684616
117964.123990148
102977.213674367
87382.6969246643
72041.0399941437
57678.0155104437
44823.0545164697
33788.138258884
24688.9009712235
17471.2298156265
11947.8942634291
7879.73243299394
4984.65291946096
3006.88208233198
1710.86839334322
902.972642771061
430.250938793695
175.971329757571
55.9695076889114
10.6146050621672
0.343705196129981
558267.790791979
567444.49010737
572600.551370719
576697.640952914
573458.547511401
565798.92465361
549005.220194215
518984.450974167
479994.688058399
442108.778888413
403906.315849016
366882.534690793
332612.973301145
301201.874148131
273183.218583761
248665.059382601
227455.941365625
209371.684457647
194041.657709284
180990.06298195
169554.376874587
159001.999141627
148619.226826893
137840.227468013
126368.772843994
114172.896881506
101422.033304678
88412.315029751
75505.6636906623
63047.3316750651
51391.3738177856
40831.8457338991
31571.0103746248
23721.434109032
17305.9385317755
12241.1514848141
8372.75134677417
5521.83918937061
3494.93360744997
2110.071927483
1201.10730159083
634.784789728802
302.405620756517
123.735027710858
39.2608237937613
7.38289677124671
0.237039362760469
615569.000730669
623558.283312426
625810.316288765
626918.015459286
622038.37754702
614762.847259214
600687.11746702
572751.22976275
535659.920135459
499901.750950267
462392.066553537
424737.546103838
388302.117371477
353607.847410211
321736.796036316
292542.683541475
265715.040284389
240932.464686711
217822.665118756
196086.197472757
175559.30170083
156085.883158237
137668.827486403
120368.226617928
104296.276588034
89551.707389073
76176.7753082811
64119.5076113295
53289.2563354695
43614.684713608
35042.1240421991
27560.4933239681
21165.8185359508
15833.685570372
11516.6451719612
8130.61840354705
5553.83194468173
3660.15948137684
2315.23168745862
1397.59978144208
795.593800327241
419.746364748852
200.01136663931
81.7659496377775
25.9229271348637
4.92675390807942
0.155383539072494
664389.298111466
670088.500985542
668126.188428549
664426.619918323
656495.79392636
648331.253557912
636161.366210737
610138.838101621
575685.764340442
542861.281676887
507180.403000127
470053.647719444
432452.919498087
395473.977730704
360575.229546126
327371.998872839
295542.473083682
264710.405906527
234626.66718755
205345.429460879
177149.729322413
150507.314321896
125994.93088865
104103.438367555
85152.4838709781
69194.9868206933
56017.5692967363
45227.5819286261
36369.7784434275
29040.9873195294
22918.8823439602
17803.2295107648
13553.0954414079
10081.1319227064
7304.80984933434
5142.06797376467
3506.38373328313
2307.61047540624
1459.08557044687
879.151076549076
499.851464354496
263.583512975685
125.288840937296
51.1462522648512
16.1408005647718
3.04041044995065
0.0967520894066658
699201.255135454
701765.660455413
694581.077788132
684652.985239859
672582.996514184
662317.26560993
650795.525879584
626258.724141153
594649.68273067
564930.068055628
531892.268877124
496386.407480825
458876.339283733
421009.550527402
384353.598301137
348435.981607087
312895.475032857
277474.075379344
242095.332928193
207157.731187412
173435.22345289
141927.328133504
113594.114540096
89180.4437831669
69019.3059990968
53008.5334162988
40666.8373740035
31304.3983983135
24204.4385750026
18751.6859633312
14481.0999706895
11079.3410907488
8350.28727079666
6170.03833084789
4451.22195837446
3124.50006323081
2126.46851303719
1397.5950620566
882.34981970809
531.214232600632
301.51310496993
158.713935589595
75.325577264161
30.6409339871587
9.66572251293926
1.80987043255627
0.0580834731030127
714657.919039934
713663.067983112
700756.240756622
684001.384149611
667312.924998481
654153.438859995
642168.148471217
618548.323671387
589515.159965548
562759.049415886
532730.111629274
499656.976204172
463639.859494771
426424.418713587
389658.07625168
352830.252664053
315518.00384917
277562.177448072
239181.70872617
201073.824742629
164393.102153275
130532.268968436
100675.690847587
75652.3558940385
55701.4555307862
40527.9850345514
29425.199040644
21502.108100382
15896.4238946992
11883.5918582229
8940.07421946427
6719.22244838143
5006.6269801811
3673.31375889655
2639.13587904526
1848.38294728473
1256.5369570756
825.297809921889
520.769281261106
313.300012697196
177.634189970462
93.3293860277959
44.192025361897
17.9169927062165
5.62412753783991
1.05064268113506
0.0325550852341849
706646.385049215
702271.852031262
683915.169812376
660747.824812456
639705.734515892
623472.766587076
610309.326416861
587242.179225405
560450.326038368
536320.488513189
509407.432269862
479357.894524881
446036.225566684
411003.857750097
375901.607414607
340115.788470096
303240.907600503
265217.60795849
226384.068624804
187740.267358019
150731.202388383
116894.671985789
87555.5502143481
63482.148934886
44811.0327726075
31067.9745559022
21404.9933646988
14841.1540904488
10450.9627758562
7505.61088431709
5479.47115011627
4036.22213721039
2971.15521013892
2165.02369539994
1550.97859459228
1085.48255662203
738.308736529657
485.495583476326
306.765296631459
184.766362542276
104.757382405682
55.0094547822291
25.9930640479052
10.5237526151705
3.29192710755986
0.614693870503226
0.0188014197850613
673776.994482803
666589.704158852
643903.046016317
615666.325795055
591314.928133091
572525.874335576
558086.396545728
535549.858192888
510849.006240385
489045.307372022
465230.239535101
438538.607323095
408804.440455068
377327.961858427
345440.068871345
312546.953532202
278195.729319056
242391.687657036
205521.46742274
168748.271080239
133640.585003658
101815.999437803
74574.1577588971
52593.8135140311
35898.3281653139
23912.3517379053
15740.6580673202
10392.5409395185
6976.55430983403
4805.52347897572
3399.0278502516
2451.37692239233
1782.30086515938
1292.50645724461
925.022277300445
648.547354349258
442.713872976345
292.223394602929
185.258197050318
111.962075296082
63.7202717445744
33.5138165751899
15.868237586001
6.41023640133136
2.00673599409006
0.371434741990689
0.0110764420481641
617994.639528567
608754.212304195
583505.419786257
552248.974728249
526208.61425673
505952.317723371
490744.828348242
469096.827642972
446546.222828557
426989.197499648
406195.365744165
383092.73730934
357488.693832108
330455.799259327
302878.341908225
274241.776006621
244076.981400731
212230.649719199
179218.527495982
146156.580475449
114621.334904276
86208.228713631
62097.0113133147
42901.7297875112
28548.3770798308
18439.1537249918
11703.0854386279
7415.47715446968
4774.05506835315
3164.7651210087
2172.07164929619
1535.83233420232
1105.74398946495
799.667345185753
573.693247159711
404.388241127148
277.850957072519
184.754660553082
118.000495278102
71.8100255438472
41.0990803558182
21.7419498130646
10.3311751785799
4.19208153483258
1.31290806462738
0.243015253323341
0.00749767015676535
544095.79513683
533899.961417941
508132.471170414
476259.391237093
450325.728746413
429993.235386265
414825.712906374
394699.057134774
374589.644698098
357354.807055432
339573.181953617
320103.102328523
298843.20386766
276572.560649643
253872.403307743
230222.214769061
205129.254986628
178342.516418674
150308.577890761
122093.817317316
95138.7975782506
70905.2428548859
50477.311917663
34362.3187639611
22446.273993853
14177.0215533342
8760.37490282171
5383.30523231595
3353.2989982067
2156.19190935172
1444.740348965
1006.45559960901
720.478093478978
521.569613369865
376.476734069189
267.563008143448
185.555359925081
124.620412395764
80.4287868323179
49.3826864028899
28.5169178363999
15.2138304737079
7.28540625821868
2.97637475990611
0.936156847471589
0.174728746441829
0.00541699071875635
459263.381438757
449201.928056281
424778.337445578
394612.78061957
370419.405455718
351358.249324544
337146.960201222
319186.684677284
301859.693327667
287078.071797882
272284.154801488
256335.012047559
239266.076444571
221723.63299752
203872.940895798
185300.889847568
165466.887364988
144082.628014209
121440.899183653
98462.7078604313
76433.2781460904
56626.8565868768
39990.7418230198
26944.6979456633
17377.4665870671
10804.4357540641
6553.82314882138
3943.89275745968
2403.00658484645
1513.8091431509
999.081671947857
690.59674669696
494.069608302181
359.461693085173
261.627728700292
187.86058963794
131.757968424668
89.5017483483049
58.3890686900146
36.2304293771749
21.1321828096163
11.3719477633286
5.48978027694891
2.26079783913513
0.717331858761179
0.134516922378287
0.00425645245756646
371565.299885594
362406.732220884
340783.800568143
314017.594152484
292848.40362904
276087.239878385
263590.484275926
248286.702638977
233921.518478925
221707.844244972
209764.307898265
197152.584538749
183929.237827642
170644.498828441
157210.042967644
143291.380849359
128351.815037649
112067.586653997
94625.1114982818
76717.8813755582
59449.6733765991
43903.4238236403
30838.346344951
20630.3012156171
13187.5534402804
8115.65668006896
4864.4176311072
2888.81376184821
1737.72077531285
1083.18923765202
710.310331015196
490.671695319231
352.536786005003
258.538517359413
190.043975975705
137.995664907177
97.9019697699668
67.2427350017298
44.3272752199372
27.7891571272526
16.3605180715682
8.88180702785903
4.32396315634432
1.79315392415629
0.572572101963693
0.10823041169395
0.00347566590724308
288124.566700246
280386.226246854
262381.754214422
240083.036064928
222574.158090537
208691.670093658
198371.134742
185947.938957563
174529.666468087
164830.552019561
155551.952703973
145910.154569924
136036.169147748
126337.530394262
116644.057821824
106658.048370454
95916.0272591211
84058.3210852065
71161.2561764757
57792.8063271071
44787.9350645933
33011.7070233875
23118.6911933333
15390.8626634036
9781.7248508769
5978.71942801419
3556.98017351804
2097.37801142339
1254.11839983761
779.268463720922
511.405660155659
354.922195943008
257.022404582146
190.354217423769
141.41567539556
103.832343939267
74.4672393380708
51.6889179780859
34.4206260246134
21.7831134750199
12.9294768236172
7.07421080098628
3.46855022983047
1.44790373368931
0.464941192872183
0.0881179696460739
0.00285979529105877
214183.08409951
208092.690072788
193937.796142447
176372.345235887
162681.855632415
151829.664138875
143781.667113518
134171.511503026
125477.906449912
118111.43200365
111177.070886716
104087.32636101
96948.0507467841
90137.7166569729
83407.4821940387
76525.3429155597
69116.1176769525
60840.9819434544
51699.1016453492
42095.6957878288
32659.2288708507
24070.344615551
16824.8158832091
11169.9191693377
7071.48716722567
4302.06599937
2548.58754869264
1497.07915230778
894.411040701995
556.764730985047
367.358916615198
257.048555001667
188.019517493705
140.715699120776
105.717797901882
78.4480188203423
56.8559728300767
39.86720235211
26.8047647580385
17.1112226598342
10.2390719210517
5.6431821162172
2.7823065873573
1.16899532154926
0.376577940213886
0.0718370564248133
0.00232714490204513
152711.884037757
148186.948011387
137650.880832339
124522.80788847
114356.313756764
106324.932309667
100395.287456435
93299.7376819216
86968.2153966702
81619.7156580869
76632.7302357374
71612.6875297636
66653.995084252
62035.6868408029
57532.0443392828
52974.0021047768
48061.7448158256
42515.3224664392
36286.1594649129
29635.2675524673
23049.2331959054
16993.2478205488
11871.9451356565
7867.34880002321
4966.93672666455
3012.55583192765
1780.0520168538
1044.81373028378
625.041883213766
391.069820559041
260.098440097414
183.906796917811
135.987346694604
102.908062393512
78.1198365698332
58.5863447839305
42.9036277405874
30.3842248318293
20.6231018664317
13.282440717991
8.01410427859138
4.44807580279354
2.20558972579346
0.930305079987505
0.300882408278818
0.0573983751634951
0.00188436811426795
104423.638495529
101228.925320887
93772.9578656911
84470.2263860542
77290.9215510049
71645.0265730274
67486.656213469
62493.1747989466
58093.6629000141
54375.0728811313
50937.5521227912
47528.6094240152
44205.2379766675
41185.810603618
38278.5533890854
35371.7574062616
32246.4002231855
28667.6052424516
24579.5642082867
20149.7558099683
15710.989680435
11599.0679686977
8105.29402851924
5364.29093378746
3380.68382183019
2046.1570793663
1207.11962933907
708.691702339439
425.244060084388
267.822506314907
179.90436286327
128.590297937264
96.1492189083421
73.5457883927807
56.4182728189114
42.7469291356281
31.6221148961033
22.6194669956242
15.5053271277942
10.0779661839675
6.13329070122588
3.42887485817011
1.71138604144287
0.724646509852325
0.235219613496307
0.0449493223320108
0.00147297961124082
68369.0094362974
66257.9230459561
61256.8824985401
54967.2948164903
50146.6958992204
46370.5006135773
43619.2435423797
40263.3314268111
37335.4204216835
34872.0193367918
32601.6840163129
30378.2557578725
28233.8839986969
26335.2888686995
24531.538208171
22747.516686021
20836.2427584598
18616.8953090287
16034.4231442177
13200.8156189685
10321.2165740943
7634.98634036342
5336.81730264553
3529.34390878206
2220.45001387897
1342.1143099742
790.960394007899
464.768796309855
279.933169233344
177.60238271421
120.468043278117
87.0809188231311
65.8334955856599
50.8916536085962
39.4228898351814
30.1695625392467
22.5422625602776
16.2900513595098
11.2794850284056
7.40656121960177
4.54760066369758
2.56483521688101
1.28964679321987
0.548667226254378
0.178788511149513
0.0341492450014991
0.00112717351790152
42778.1096680347
41438.8167999125
38247.2548302649
34223.8425694703
31144.0720853438
28748.8751219806
27018.219923221
24877.5097285226
23014.2744418571
21456.4701131683
20027.2708271393
18639.8904608921
17317.6019462348
16170.0815229644
15093.4059632094
14042.6262375626
12920.808197344
11602.2545343323
10039.8100997913
8297.51564106469
6507.97781126984
4824.68008380163
3373.72221959461
2231.03793675982
1401.62149253963
845.724920814499
497.992114282402
292.991413548292
177.05869253083
113.156923282832
77.5455944021404
56.6576108060404
43.2767994846327
33.7863737761616
26.4281412586902
20.4123290538214
15.3990604119233
11.2413465335973
7.86677809061802
5.21788340388976
3.23868740022755
1.84437616417312
0.935238778163444
0.401615785272612
0.131274228365179
0.0251589424218535
0.000818154742078612
25431.2884462287
24632.6015116794
22707.5641811225
20261.7959572848
18407.2614505032
16969.4231915681
15941.1109844121
14648.5228138556
13526.4916966241
12592.3098412394
11737.3173770998
10914.5643827786
10137.23921315
9475.73612136067
8862.27324360098
8271.99089664125
7643.40611487527
6895.336031967
5994.08896553162
4973.73941286549
3912.29896344059
2906.03784006241
2033.33938252581
1344.03388015783
843.483347678224
508.123947495438
298.883194058921
175.864470131723
106.670845258963
68.6458918605557
47.490670931072
35.0613468850493
27.0527263032163
21.3118612158369
16.8143409258256
13.1007941147853
9.97487972826719
7.35718563792107
5.19979637487518
3.48856460000648
2.19031432904627
1.26173629806733
0.646659327126877
0.28041484123502
0.0923083009208866
0.0177587628812301
0.000589100974606585
14235.6811808333
13788.89947004
12699.0692173384
11312.2601880813
10258.9643188955
9447.86883378882
8875.78158569314
8143.39647415468
7504.75014739519
6978.84911428777
6497.52340241071
6038.72086481701
5606.72174768426
5246.5498144401
4916.76991826089
4602.97608975587
4270.88754421442
3870.28000459277
3378.50855004765
2813.60552349414
2219.56723465156
1651.59182044947
1156.90394069936
763.908560787056
478.841983470909
287.897739026698
169.088860367608
99.5132912257199
60.5129503307107
39.2032823672568
27.343893812675
20.3863384109966
15.8796975194155
12.6094680516168
10.0264688410325
7.87622655444493
6.04917301000981
4.49930832079219
3.2164106410638
2.18357077571493
1.38633760894302
0.808761770791025
0.419645250872986
0.183929333270409
0.0611560415883459
0.0119265366440689
0.00040055609875515
7387.71537072921
7156.00250790761
6587.36491221605
5855.90849063741
5304.81622274254
4884.10584171428
4586.89521278083
4201.17161560266
3868.6153310545
3595.37181296158
3343.26854800566
3105.17305726821
2882.93069759524
2700.75612638032
2535.79478658247
2380.47442600458
2216.98736050124
2017.91846998753
1768.13744408977
1477.99238191285
1168.33536933905
871.342196598752
610.602594970426
402.655018515534
252.126916393369
151.227294975488
88.6587657686642
52.1217346890639
31.7552382684569
20.6786283024834
14.5445602929605
10.9431891716273
8.59323877026917
6.87601612588086
5.50512954765941
4.35331050584695
3.36755121343792
2.52713970585314
1.82401473799144
1.25182324955797
0.805594474212852
0.47676539666239
0.250589291531311
0.111436589905297
0.037602422980552
0.00734763824640608
0.000241859302416534
3461.02885934471
3352.60560280401
3085.09654749909
2738.36244137164
2478.12930635825
2279.6157415608
2142.17538959428
1960.67499213148
1802.65539928127
1673.92206155161
1556.91949041638
1446.47686509969
1341.26060357405
1258.20975703348
1182.55494322631
1113.06234433719
1041.20040084686
950.801943726398
836.248760583908
700.457916588749
555.591559695887
414.77099679832
290.482559455219
191.683853645453
119.655433559675
71.6241567125843
41.8596825076537
24.5706317546481
14.980845170284
9.79540999741781
6.94627052198512
5.26532952010517
4.16613541811428
3.35705274780775
2.70400189024729
2.14966481310169
1.67318289502918
1.2644171189128
0.920184699086743
0.638850083084626
0.416265891360395
0.24977955751722
0.134015911348255
0.0605393590340019
0.0207507153162671
0.00414116092637348
0.000139031140643903
1394.27783182124
1349.54700134972
1241.12434552363
1100.90107740629
995.072396980985
914.980945183403
862.381191896205
787.32728063476
722.834936007676
670.718472203161
623.562194586056
579.069285628296
537.16711588207
503.502037351151
474.516378414911
447.619609705245
419.965812153594
385.905268359728
339.43188154887
285.813373742056
227.060070109299
169.77211246193
118.829065965995
78.2614818026578
48.8045877123428
29.1080469861253
16.9354946761815
9.9090269827834
6.03596133902474
3.96134791663878
2.82643518405275
2.1599285666652
1.72233375106263
1.39564977806256
1.12997060895398
0.901936963082294
0.705093748031847
0.535604373815943
0.39255301398717
0.275078043350251
0.181568505619915
0.110334751288488
0.0601675666069652
0.0278957672877687
0.00970285893858621
0.00197708405042758
6.67289253147741e-05
435.623510857058
421.967243943864
389.419540503721
343.677283958019
310.051005195949
285.554051743997
269.180218702241
245.483033352099
225.298654682656
208.67300682265
194.515665760637
180.028589624332
166.852978201747
157.19258228018
147.98264291048
139.922473779272
131.595510078213
120.890643089917
107.274897332371
89.9365226491523
71.7465312182456
53.5818484592784
37.7847794054731
24.7424224050444
15.3981945377712
9.14907154550444
5.30411735378426
3.08706282831094
1.87685397781572
1.23431218325493
0.887255421457458
0.682234012986436
0.547890952602403
0.446188904841577
0.362343880148436
0.290256447400048
0.227393741488266
0.173329947680151
0.127803913619151
0.0899760531632487
0.0599618481793688
0.0370779358961622
0.0205004109440959
0.00968543730798179
0.00348658438291266
0.000725008511318823
2.51918165166566e-05
81.2629044812357
78.7259190552796
72.3378270338331
64.5936773056704
58.0267547111413
52.9374786970209
50.433632654917
45.5368902812854
41.9195688170629
38.8828296863867
36.5082760594919
33.9670161239186
31.0495772950687
29.1811638622823
27.5417632592108
26.0910413020815
24.6537118570133
22.7626449963095
20.1373110864314
16.9790619652757
13.5040725808103
10.171476421756
7.14182849260859
4.69579601075596
2.89248791411099
1.71142039905933
0.986525282402063
0.570051571667678
0.347604031024741
0.227650484253273
0.164050605865714
0.127735165822084
0.102699128056816
0.0843888049142001
0.0686595180128458
0.0549820309693393
0.043097610396628
0.0329346543492871
0.0242543248748687
0.0171897141276025
0.0116012937319977
0.00719533290185069
0.00405834604195676
0.00195844928742607
0.000724111691781287
0.000159160890294282
5.59917895360584e-06
2.85044233923032
2.62419913500933
2.23808826372231
2.13606871252457
1.94481618700944
1.80793084232899
1.71095538426987
1.54395995778882
1.41291683406647
1.3031603715718
1.20716818553598
1.10637625711232
0.981181723007076
0.935027870598834
0.888504928687907
0.787901647612358
0.757326342980685
0.725145760001537
0.666454513277791
0.549898002543624
0.440477695934196
0.328949339860219
0.227779378194026
0.140786689407591
0.0988892278208459
0.0544283291843443
0.0299222352874638
0.0168061495503515
0.0110226991770515
0.00694370167747037
0.00501655527928487
0.00387586398888909
0.00322574111206441
0.0026348548729441
0.00214514310182401
0.00174988531092856
0.001395438048954
0.00105845695095802
0.000792328680856253
0.000565496053430643
0.000386209126483558
0.000237687725946491
0.000135211502145649
6.68864439855851e-05
2.57839533894277e-05
6.445913132543e-06
2.0065923231835e-07
)
;

boundaryField
{
    inflow
    {
        type            cyclic;
    }
    outflow
    {
        type            cyclic;
    }
    wallTop
    {
        type            calculated;
        value           uniform 0;
    }
    wallSide
    {
        type            calculated;
        value           uniform 0;
    }
    symmetryBottom
    {
        type            symmetry;
    }
    symmetrySide
    {
        type            symmetry;
    }
}


// ************************************************************************* //
