/*--------------------------------*- C++ -*----------------------------------*\
  =========                 |
  \\      /  F ield         | OpenFOAM: The Open Source CFD Toolbox
   \\    /   O peration     | Website:  https://openfoam.org
    \\  /    A nd           | Version:  8
     \\/     M anipulation  |
\*---------------------------------------------------------------------------*/
FoamFile
{
    version     2.0;
    format      ascii;
    class       volScalarField;
    location    "126";
    object      PkDelta;
}
// * * * * * * * * * * * * * * * * * * * * * * * * * * * * * * * * * * * * * //

dimensions      [0 2 -3 0 0 0 0];

internalField   nonuniform List<scalar> 
2209
(
-323.078823645077
-1383.58545915816
-2989.21604859284
-4458.81878397738
-4048.15964695363
-3058.84584839855
-2199.59103537343
1444.13117888454
6554.91788756416
12288.7584994374
18322.3690142919
24380.7116737775
30165.4442621599
35167.7945856045
38561.7208245615
39104.3666546573
34983.9942658962
23762.0164772981
2177.00530574166
-33608.2341369877
-87818.9021835823
-164151.247848085
-264244.488979672
-386804.830057656
-525583.411753964
-667619.333493045
-793089.570582832
-879067.736466825
-905603.722049418
-862563.5534915
-756439.405351619
-609283.403466525
-449831.596064475
-304029.519313406
-187439.901617457
-104391.113879746
-51207.9143283138
-20619.2005571921
-5129.8620392578
1328.81805107611
3059.18166307143
2717.38175541992
1771.18093932352
898.468957357042
332.341350783477
70.815034615892
2.58865469994636
-1385.41648681345
-1806.51545720854
-2634.24585523483
-3590.27413786706
-4128.02362224159
-3337.63027513473
-1844.45201103035
1636.95580241327
6396.11094641317
11895.5718442315
17835.1112176421
24010.9812702901
30019.1473224511
35283.0637680459
38912.7106471961
39513.2146404028
35092.8814285346
22968.355368791
-242.369711436424
-38451.1548438974
-95824.2477201017
-175479.285879416
-278283.148709109
-402196.541836428
-540242.68685118
-678705.566183327
-797741.556659988
-874923.026533917
-891698.660145865
-840786.693667568
-730592.135972688
-583447.050119248
-427578.400640609
-287160.644730358
-176111.405591947
-97627.958724624
-47649.0202857581
-19052.244167761
-4652.72923791334
1326.47727310485
2903.03339315493
2560.37716250395
1661.79242734952
841.384952612045
312.0222135984
65.9911166496747
2.35088769918388
-2964.11083409706
-2707.77688790829
-2439.89505824289
-2418.0677805723
-2494.51897850905
-2117.23117805169
-696.603665596271
2115.66164476518
6233.48496763798
11408.2270417619
17293.6328606796
23409.2556614076
29290.2613434391
34401.2283800536
37863.9475199771
38158.1706529168
33045.925871862
19603.6982863606
-5859.01231519486
-47635.6053185088
-109896.329004189
-194946.770506697
-302241.575699842
-428141.751787911
-564176.105005204
-695594.183263716
-802765.962812762
-865226.6284097
-867497.304578906
-805680.53104053
-690524.231647713
-544807.907028762
-395107.397947939
-263061.236423236
-160247.408708237
-88375.6102290103
-42974.7691148451
-17149.2232944258
-4198.33337707892
1167.24140050563
2580.67375286173
2278.84094648601
1480.92145089343
749.37236421706
277.865257453996
58.8340328495645
1.91120796986002
-4380.51667553497
-3650.77937826286
-2522.69068816815
-1494.07796401557
-899.383213938085
-427.832336076905
461.538389243786
2405.37263548863
5679.77135228566
10177.1770322313
15585.9037900179
21495.9801095649
27433.8914962322
32737.8161145249
36305.0534963604
36437.6760585534
30782.0097734764
16033.6455079309
-12088.6017785241
-58323.496297137
-126758.684140947
-218641.433192641
-331862.5180873
-461079.314143769
-596202.653132113
-721606.082026849
-817632.494786077
-865271.522828216
-852139.948675709
-777927.393419768
-656216.478111519
-510457.820361667
-365850.624907851
-241358.994077476
-146058.500517394
-80279.1830872647
-39062.0243627768
-15709.0912919956
-4006.54529146203
870.426484919009
2195.23033991656
1968.18624348162
1286.31308350315
653.75605305859
243.061298516332
51.466120912285
1.83595290845886
-3853.08047739437
-4075.88618125789
-2606.57895428323
-961.360727944344
271.135134456448
985.513657434363
1611.22695008644
2844.4623875351
5093.45120406546
8522.55638877427
13088.5528940248
18403.5556815398
23911.3803239254
29011.9084673369
32659.1189162184
33119.0644235446
27740.1289372294
12641.6855045283
-17207.8521042239
-67088.7150769032
-141248.487530476
-240441.461944785
-361364.013913926
-497084.402359419
-635334.276035272
-758582.070381825
-846668.82023114
-881756.306408229
-854266.795950071
-767448.306027804
-637705.078482754
-489465.123753902
-346910.53801148
-226929.676303419
-136589.609957432
-74926.6587198892
-36569.4770365479
-14913.5433620407
-4042.79257319623
534.467743868681
1838.45090865962
1701.1926804322
1125.11203262519
576.05279201951
215.221786665343
45.6634542630786
1.71484159802671
-2803.50803336735
-3378.67964754813
-2141.31596664512
-515.459946462101
933.730106485497
1950.4782082676
2682.20245779387
3557.87201171327
4909.36255480843
7153.55353638125
10578.5520452159
15009.3361240192
19927.5257218252
24646.5021382694
28216.608384368
28981.1589631237
24132.6205231495
9464.07334102342
-20461.4024487194
-71510.4330847711
-148628.60241089
-252789.293723261
-380393.658354385
-523422.33935777
-667485.594704308
-792896.201465912
-878251.184910396
-905974.380395211
-868315.006626651
-771251.918786641
-633782.681493127
-481589.769077543
-338506.30722916
-220107.269833284
-132059.646079909
-72476.2930669865
-35587.9370244143
-14783.5537133698
-4293.32983761078
189.574690770084
1538.20316379697
1493.80932705726
1003.62348741015
517.85484139458
194.111093156136
41.3593338371547
1.59443493050982
-1534.10347807068
-1292.30826160953
-652.631949022624
428.612833394446
1573.27034344375
2624.73011169176
3432.01530713467
4110.27349918637
4900.71820901559
6270.94409480861
8629.30634567553
11952.9343403473
15900.649239713
19964.1823420989
23176.6220523952
23871.8208266685
19397.5912631178
5627.96196194303
-23002.6029175545
-72894.0981328147
-149700.776035678
-255599.360335034
-388096.034487268
-538687.049476798
-691120.293506943
-823104.712073067
-910888.250022076
-936046.344337355
-891816.843477258
-786513.453122032
-641590.894724803
-484198.210094907
-338522.005926659
-219388.716823179
-131532.58352425
-72425.8568068754
-35914.4563105744
-15282.5649707094
-4796.86318034435
-230.571728844221
1237.29691332185
1307.03256488789
902.518442516577
471.236124055367
177.668327878975
38.2013077013548
1.35424732975796
2749.13482385403
2410.25001990187
2117.09238459688
2254.30362264663
2709.34747352631
3362.05949711265
3982.91363973143
4426.16630782681
4861.10054857461
5613.03129554813
7035.56872206377
9244.92441821723
12058.9636853764
15031.5288351223
17249.3254551682
17144.5553944688
12198.8884049114
-1393.60175798524
-28969.7101289273
-77155.4821166103
-152176.106450617
-257544.139261888
-392179.951390013
-547797.55310146
-707256.96713568
-846588.952699343
-939649.296927308
-966164.784977086
-919375.430522822
-808568.64375233
-657154.329431256
-494194.507969162
-344552.888132167
-223028.904573897
-133912.410354486
-74128.4019263756
-37202.7381675341
-16262.3029887942
-5515.76661125112
-724.109145197708
924.520715100999
1121.77482302912
806.209854659375
430.161559645106
164.02462538438
35.4339069890814
1.35853649284296
8281.72792634958
7346.07036580399
6184.89449378511
5216.80730749507
4775.3749524564
4693.85102896877
4739.93953777798
4717.04004791246
4754.88943669562
5004.92617212716
5655.79970314017
6843.19628420008
8450.037436201
10053.4230498974
10779.1785656382
9201.41434540263
3028.66130917475
-11138.3280178262
-38211.5991289282
-84631.981533267
-157031.820526941
-260246.52380029
-394493.677382951
-552034.885656136
-715564.030673814
-859763.18381906
-956878.019343989
-985282.31392973
-937497.755553728
-823590.357761162
-668294.261219842
-501765.139966082
-349498.279565532
-226333.674101673
-136248.928776702
-75862.9750457472
-38516.5002476512
-17241.2827591604
-6217.27074962949
-1193.75522533988
629.303107937133
953.855834003191
720.539107964066
391.999957842045
151.222463121012
32.8673404264887
1.25671459157741
14486.3699327608
13206.0578740005
11298.9467091843
9389.33820727324
8064.4980880689
7078.35727288404
6173.34075355825
5351.90992274973
4781.51686471702
4504.75360641153
4545.97269088362
4926.35599211962
5464.30314003851
5723.07628704371
4877.32271462899
1559.1685782166
-6291.34885431128
-21731.2496614156
-49301.3046336856
-95017.3925597963
-165430.40063569
-265940.230861168
-397605.216532104
-553591.016450124
-717222.948651873
-863030.741770351
-962445.320763784
-992906.016167045
-945823.256411328
-831246.232960678
-674438.916876846
-506220.42943679
-352594.729256313
-228531.106210377
-137891.235147184
-77143.3954997311
-39525.5006593682
-18012.1520552708
-6777.89397624969
-1577.66591428185
386.677512348893
813.944758098181
648.992332785862
360.924247208067
140.863373155538
30.9065173561642
1.11617670082944
20935.4195577145
19587.8299558288
17067.4830372262
14620.7270597981
12540.8218323824
10584.3986675584
8509.22351415181
6609.17870191705
5193.06286792296
4275.05883241506
3746.21389979933
3468.91716446518
3119.96367529498
2202.04962402504
-119.574529136543
-5207.2263537412
-14991.6303578758
-32327.7687473695
-61376.6198035234
-107601.366928128
-177225.201872923
-275417.530957557
-403223.091097097
-554616.968884396
-713909.224826302
-856566.391073824
-954984.924079116
-985728.624328021
-939597.811910339
-826480.656915611
-671077.043639517
-504116.095469282
-351605.558483741
-228406.76075188
-138320.939817914
-77873.5720293988
-40339.0239109274
-18761.1946018101
-7374.32550173596
-2009.70141766643
103.311595175294
644.701481148008
560.211672237946
322.50132250248
128.497537605235
28.0433305736998
1.01715528152352
27330.8550265954
25952.381114856
23097.2603474516
20469.2457731704
17847.4208074911
14997.1192601486
11698.6715536055
8556.55460130759
6095.08383668938
4335.69464671901
3116.83588219207
2224.24599736996
1175.52247139978
-704.753240463192
-4370.79971442626
-11224.4132705985
-23189.8562358796
-43033.1395219092
-74681.2810028673
-123101.925622104
-193693.576983488
-290577.658686812
-396750.757473239
-527169.990810419
-676644.363102667
-834573.75126921
-934327.095155006
-962299.939104934
-916202.36046465
-805319.944676581
-653778.781022798
-491272.420566545
-342958.940479981
-223177.587706227
-135580.306558696
-76721.098583874
-40080.8255871526
-18913.220600262
-7670.96512447497
-2294.73869061337
-114.936556509786
502.974131350728
482.046558714143
285.518869720404
114.821754437777
25.824218813477
0.922018411803329
33259.7531927744
31847.4644536042
28997.4049664061
26313.684057968
23400.3556614811
19869.6866867473
15467.3844998154
11022.1589451769
7339.53513331928
4520.26909082631
2405.75299542604
817.380188874633
-884.630115706411
-3652.71738161731
-8630.55335979813
-17306.050736693
-31789.9172992353
-54931.8642385172
-90453.4093921979
-142686.459210468
-208027.798897865
-283315.848942421
-381192.467217364
-501620.169385018
-640139.447807757
-786603.440702465
-902924.193429036
-923987.114873694
-875425.515782208
-766658.454511588
-620930.880633608
-465935.634725805
-325084.017254193
-211615.097840833
-128685.028267035
-72971.9429655603
-38253.5024830038
-18163.8825153646
-7454.79212417033
-2308.0408815578
-196.032412597385
424.895473766084
429.682720251811
258.528740368865
104.888207154306
23.5043517236112
0.8150118136684
38201.5460518792
36882.1348370046
34141.9295882486
31401.6519483746
28413.5432586994
24469.4119317299
19180.2964176031
13497.6171113871
8469.40066782538
4376.9788215494
1150.92673834177
-1380.08175079715
-3961.93261092784
-7741.41876140174
-14136.5766900652
-24900.9145498077
-42414.8256636422
-69618.5094123737
-110036.668009385
-158462.185720813
-211186.871193315
-281374.633554139
-371541.766699163
-481629.249474994
-607736.554330685
-739490.667146399
-861614.74880566
-874573.645230041
-820678.34268755
-713312.84411714
-574266.054752005
-429058.579252887
-298387.686020808
-193740.604374077
-117592.745580733
-66539.0928050759
-34783.7301119214
-16449.4562331377
-6702.15184883077
-2033.82633687681
-131.997375925654
416.034715654129
405.532775095048
242.005160524029
97.7910036906491
21.7854695119949
0.752699322537962
41426.2273507982
40215.0063282074
37492.3276162336
34598.9935657751
31843.5825370839
27783.9102360512
21872.2704828122
15106.7639129825
8694.069775908
3144.01998459194
-1495.08037883551
-5379.07651661308
-9269.71024830231
-14479.781011822
-22710.531492266
-36051.4186964009
-57159.4988242779
-89155.5368260094
-130736.116349111
-168948.695518922
-219380.021393887
-284926.620059261
-367483.782475782
-466765.815646522
-579319.797134591
-694470.115990788
-801120.312662914
-815781.92672885
-754405.627542436
-647486.703140638
-515806.499990763
-382024.002117829
-263721.279855496
-170066.550809835
-102469.56059061
-57461.9761141027
-29658.2764319347
-13734.5618766494
-5365.31459362353
-1434.84560440139
102.876412446179
489.799704590981
419.500052843185
239.513292812636
94.844649856997
20.838048270388
0.723242919813924
41684.0622865212
40399.9166861574
37478.825829416
34262.3346316674
31932.9114089546
28194.4687686553
21971.8168867785
14379.0153077674
6653.22305692478
-504.161190505076
-6881.80960403939
-12634.1316193255
-18446.7221104408
-25773.6523479252
-36537.8068369952
-53158.4075693267
-78586.6009656776
-116142.011012958
-146183.246070101
-184042.971267835
-232456.583271445
-293515.828551297
-368431.024643683
-456530.644646986
-554130.326630003
-651586.202509015
-740493.254506356
-750469.212366747
-679921.727244234
-573026.216611603
-449279.706666256
-328185.116080431
-223719.860629937
-142471.734771066
-84637.9466552842
-46600.1249160709
-23395.9697960909
-10327.0197022645
-3626.10614404679
-612.001622362121
456.230166638076
621.137061489554
458.638472599188
246.820040689354
94.7280008228938
20.4438579335541
0.691967003268423
36992.3613375467
35267.0121148935
31852.8027855894
28052.8289944983
25984.0664543598
23022.4609536354
16862.4586565777
8866.8224167599
9.58673695469042
-8719.11357336507
-17105.1277155083
-25173.6544042748
-33626.9927786413
-43916.1376671962
-58144.3376938845
-79024.4906441021
-109802.452379421
-136284.890017255
-166312.309901092
-203812.688170356
-250196.525035705
-306727.909042218
-373803.045601639
-450309.884383606
-531755.020564412
-611006.137267427
-680759.199626909
-680902.943018943
-601131.752137098
-494725.102829991
-379680.477571503
-272033.657611548
-182081.436258824
-113777.509462441
-66083.5765206078
-35279.7693191781
-16872.6864117012
-6778.99803963757
-1813.87171814661
244.974559833352
821.382010448008
756.653289707747
499.017914524643
254.520182521633
94.6251146911485
20.1890603632427
0.656742269461463
24411.7618881577
22016.6779038772
17559.4529529043
12677.6014490142
10277.4434202647
8251.83075530227
2564.78208672904
-5254.95248293494
-14790.1989263215
-24776.3818242737
-35190.8992364012
-45859.1078685834
-57519.028880663
-71680.391896436
-90513.251695191
-116763.948470247
-136667.914158252
-161111.851090542
-191432.417697545
-228231.363927958
-272183.058327721
-323728.475183384
-382436.223202195
-446859.172882793
-511442.15607043
-571881.260317848
-622087.148054002
-609227.557975356
-521575.130886873
-417102.320186912
-311816.117016781
-217968.440686292
-142386.409863165
-86671.29910234
-48730.6375347488
-24817.038606342
-10925.879460529
-3603.40051421191
-238.216716775359
959.063804169871
1108.30672484996
850.633763287032
519.802155797501
254.76347958057
91.8450707485865
19.3210421459968
0.640633057787459
419.953189734257
-2777.10633806971
-9200.90036206859
-16087.8961192416
-19808.8855260535
-21470.6733699307
-26412.9224781603
-33315.6493342401
-42767.7668292519
-53341.9394946109
-65352.2373286302
-78532.2561428089
-93625.0761415822
-112392.188689194
-132681.456430716
-147392.872789308
-166930.43471469
-191607.76725267
-221635.93431165
-257019.87837715
-297710.174979706
-343303.669402384
-392788.625859046
-443936.396057618
-491539.546331139
-533330.169293245
-564505.781395867
-537327.293079174
-444332.553599685
-343991.781336899
-249422.607389027
-169282.741569631
-107357.930310681
-63204.9703623116
-33997.5869439333
-16149.0475019434
-6153.72868293083
-1167.49090421185
896.139029052109
1419.00137947089
1255.86113671418
875.224568793715
507.356148964393
240.764156465243
85.293929693218
17.7008791454861
0.574515911002901
-38820.3474482087
-43007.4638476596
-52567.8373279673
-62845.4899429191
-69300.3280374818
-72003.6829733537
-76474.9690698927
-81992.7586027896
-90361.0580023193
-100341.849193243
-112932.391091983
-127921.903811637
-146186.497103808
-161669.138439006
-171343.001766184
-185544.813988364
-204534.954321698
-228395.587208455
-256979.314487329
-289967.089947651
-325978.302701237
-364274.12870938
-403480.466540487
-439864.123009991
-470684.427673828
-494485.646219559
-508012.084017458
-466729.728975333
-372026.02272697
-278064.391318729
-194957.908369852
-128107.894126127
-78570.8034342668
-44461.4994916863
-22633.7580988251
-9742.09234934713
-2831.29158217109
379.036714254542
1500.81535808252
1582.45859098742
1245.04290149924
820.100228638205
460.265171609807
213.924692637172
75.2900568735366
15.3478461292216
0.479059845572798
-97254.4275694019
-102551.467472814
-116408.512758522
-131612.062178358
-142684.918836055
-148304.631781357
-153191.01551284
-157592.961723609
-164065.104897107
-172063.682151475
-183666.788698183
-199140.194335154
-211983.47983746
-214824.244970615
-222133.681183309
-234171.313607063
-250955.526920271
-272275.762085294
-297540.869961113
-325819.406192923
-356788.195803216
-385949.618898722
-413539.693954366
-433401.023470639
-447621.870752686
-454678.529693918
-452721.293167907
-399008.703837755
-306299.082697075
-220859.174818401
-149685.935547156
-95203.1847283609
-56398.8370217249
-30608.7999074768
-14653.4144646358
-5556.97982918924
-907.826190448163
1085.07085642809
1626.97479981388
1483.58274423163
1099.40704040769
701.027196635546
385.688178743579
176.599314521107
61.1209996904182
12.4776816432536
0.383996348542719
-177762.687865118
-184055.911280107
-202676.598937564
-223657.002466224
-241060.408559645
-251610.754110619
-258861.617048724
-263505.861899295
-268304.316105315
-273380.052514863
-282333.397140503
-294894.016268399
-287403.999769785
-285251.511719301
-287900.097474412
-295369.627980302
-307488.851507687
-323716.282750897
-342989.396674011
-364007.024145261
-385843.780798401
-409243.760938128
-422985.654832091
-423424.146264157
-421545.879871764
-413819.022659924
-399043.940994488
-335316.128179147
-248207.038534657
-172948.534870754
-113547.939731342
-70051.2043228155
-40235.1877567294
-21060.2170215258
-9544.28866727115
-3182.09640127875
-60.4889700713993
1176.70432763428
1418.26816174966
1215.18022279667
873.056801567405
546.59945764115
297.121725868555
134.936091061187
46.6894327761419
9.44651176168198
0.314929929486138
-281002.925162769
-287876.832170637
-310567.703484003
-337014.394508685
-361449.147644335
-378689.058364174
-390933.716176935
-398377.064906716
-403014.988227169
-404846.169136478
-409389.992352381
-400287.758984233
-385034.740751861
-375437.956899739
-370509.394024503
-370331.873138768
-374548.630061046
-382392.346706437
-392484.47891436
-403235.689089487
-413474.704718134
-422999.190015008
-429584.664428924
-409551.339734155
-392392.933165724
-372205.186398051
-347605.367721626
-276451.196717363
-197982.646193583
-133824.607977168
-85486.5865580378
-51471.7369326947
-28905.2614353452
-14778.9072165716
-6496.24493366857
-2026.66154736652
110.982854219381
923.315485087036
1051.73233749057
882.708039800596
626.97654954164
390.127457141369
210.853553697567
95.4586903568771
32.8556904853734
6.57690160863849
0.217236491173521
-404825.442609788
-411486.723866012
-436392.070515473
-466616.086849958
-497132.711474412
-521794.370409866
-540764.527876744
-553643.803832433
-560169.861602948
-559453.361934259
-558453.563426372
-529680.66014771
-504915.958406235
-485232.915919409
-469644.317181089
-458342.582876019
-451034.318408094
-446879.839819485
-443787.848232889
-439766.100880393
-433431.545307522
-423484.89245936
-409567.082761306
-392653.945797657
-360714.502852474
-330529.515005665
-299180.822781433
-222992.91772537
-155289.686029336
-102410.651967814
-64079.7593542406
-37931.9575165411
-21044.2452012037
-10699.8217987846
-4729.92749120096
-1540.03325090055
-19.657337372439
566.451599570667
673.750611802027
573.02757861727
409.302588492401
254.944609369535
138.219820799288
62.6317468177178
21.5770903027213
4.37678894157068
0.141932998863927
-542621.513086988
-547559.951301583
-571504.540943114
-602269.262720728
-635911.521724198
-666565.257871713
-692287.990508031
-711997.486665102
-722293.227074565
-720604.974139365
-714460.598633827
-677722.223590411
-642461.596387527
-610802.578220084
-581818.584899243
-555728.600461061
-532437.169884018
-511546.713173982
-491505.600643119
-470670.044419444
-447682.768197739
-421599.769324545
-392410.806421512
-360703.724309378
-327913.506173919
-289904.549878843
-242876.640658137
-175124.761663326
-119443.541022701
-77410.938493693
-47771.1839010135
-28027.8735359203
-15518.0276838202
-7960.80121493119
-3638.07887498006
-1325.50289978356
-203.347971253589
253.922911874175
369.808430533433
331.761930988715
243.17365062781
153.80361997636
84.017526308568
38.3248278770302
13.2211255419649
2.67027429332463
0.0875947574984787
-681020.707755152
-682364.781600327
-701309.263867083
-728209.237814891
-760213.323904578
-793208.584820137
-823316.200465314
-849454.569934846
-864383.24909352
-863311.164127594
-853637.389325387
-833831.075700407
-787648.855216815
-741781.178735535
-696331.026524725
-652699.761125725
-611385.993040359
-571903.733570091
-533261.503309747
-494443.769037237
-454676.32247917
-413780.927464376
-372135.004933008
-330467.819160319
-289862.715380759
-250737.841348519
-187802.705486768
-133264.885223987
-89753.4799655221
-57586.9569012687
-35294.292582172
-20658.6177992856
-11488.8485279586
-5996.54549663316
-2859.18948521192
-1166.75122284676
-324.205325981433
43.8447833627994
164.852686068141
170.308164645496
131.936181014376
85.9964988957013
47.8892798002387
22.0878239795513
7.70904233717151
1.56092759165101
0.0518677642805701
-800589.736089594
-796454.476274073
-806262.974027989
-824645.532036947
-849700.731210717
-880101.425431893
-910672.7171356
-940631.402731258
-959153.340425854
-959916.232858284
-948638.647512494
-927132.461248644
-898214.18921682
-862682.099519526
-801957.252072043
-740836.553309082
-680648.028467407
-621758.446528315
-564219.324406731
-507755.444551915
-452482.992332831
-398814.700170752
-347400.311956417
-299045.335845267
-242923.728961041
-187834.39268466
-138805.800528569
-97710.9106992518
-65535.704509446
-41959.914351315
-25702.9642642209
-15079.6161794305
-8454.01955254051
-4494.21127902097
-2226.25314788821
-989.911734788695
-358.131508694285
-65.015646666672
48.903441910724
75.5953775575295
65.6536382863805
45.1487994252675
25.9422983942606
12.2029642236989
4.31150022945218
0.882757889305131
0.0283863454030399
-878633.403405298
-868276.63938777
-865970.192620681
-872364.222635708
-886223.213072109
-909257.151353912
-935929.465114848
-965605.28775979
-985362.347552285
-988111.669333139
-976908.129936667
-953009.257157784
-917749.061176155
-871251.536783747
-813654.583237206
-748919.663107819
-679691.933222836
-608293.604073841
-536640.628588421
-466326.428553195
-398836.455837942
-335273.782995948
-276519.219746024
-223062.151273049
-175192.132568539
-133325.829985702
-97745.8674267548
-68737.4012670404
-46256.2789923767
-29757.6330224442
-18328.2336387955
-10822.5016588769
-6125.79716394317
-3308.03146293902
-1686.01261126167
-793.054231439156
-326.857722996314
-101.150053570364
-4.36052461381637
27.6787275218631
30.4983125986333
22.9236920905599
13.7881588075962
6.68262936576713
2.40454471763296
0.500432040495416
0.0159501438564317
-896587.498429053
-880362.803619394
-865417.485271627
-858879.076703344
-859830.072801504
-872584.814398953
-892013.493207521
-917542.089511683
-935841.576888836
-939652.052782105
-929764.687889675
-906037.300998076
-868224.249334484
-816220.873763022
-751068.305927379
-677251.817521806
-598873.706051272
-520004.092039106
-443230.221879057
-371289.724726379
-305938.233170358
-248068.093543361
-198031.866622521
-155376.059958941
-119564.264843458
-89845.1645607024
-65584.9509377205
-46277.0818861635
-31393.1551761529
-20416.0722349574
-12716.0121093646
-7589.45281309741
-4339.49943212874
-2372.75472626705
-1232.7562789652
-598.659089842369
-263.031889240454
-96.4546103260312
-21.1003610080602
7.52958438559995
14.1358731078791
11.9847819772544
7.62753670757187
3.80307258187928
1.40071040963784
0.292997850769204
0.00913037355989962
-847336.812581016
-826361.406707125
-801305.562269033
-783909.898373621
-773500.136519204
-775953.164605442
-787085.779576121
-806189.228070795
-820801.972562311
-824747.332743872
-816705.686934995
-795604.036847351
-759587.872165078
-708300.482444664
-643414.09245962
-569679.764388242
-492153.648502321
-415224.39021779
-342702.686237292
-277254.643632196
-220459.430896036
-172868.462961962
-133902.808000919
-102539.197195757
-77542.4560224355
-57688.8184591877
-42017.7936463513
-29786.9319586095
-20428.1836306775
-13482.5827487524
-8530.33070663722
-5164.20502392841
-2989.23785894996
-1652.09824571412
-867.323791257969
-427.448279126412
-192.498963013303
-74.3804483552069
-19.9179027873901
1.72031186626186
7.66985771687328
7.14203994587931
4.70904231683022
2.40092256185815
0.893887415732312
0.188511979905744
0.00610745128727114
-738037.914030701
-715227.089657695
-684892.451948396
-661213.425636336
-643506.407032506
-638263.09850831
-642234.647044478
-654777.564373587
-665087.75328008
-668464.47978042
-662566.759664309
-645472.378912263
-614657.957763051
-569289.440791513
-511609.234486989
-445861.698669164
-377170.33232058
-309964.712487683
-248186.365750328
-194308.100972082
-149452.568687788
-113568.015683373
-85628.9607880237
-64241.5426256187
-47915.3283255848
-35401.7034163905
-25768.9225085087
-18366.8112434736
-12737.67645441
-8537.63671562111
-5499.51849320266
-3388.6428017306
-1991.0110165574
-1111.70288253255
-587.024815328776
-289.755307527288
-129.947056390677
-49.4938028682102
-12.5613097353767
1.92289863129649
5.76299935979011
5.21051269291101
3.40490588304995
1.73113907161348
0.642859094880209
0.136233071776004
0.00443072286891
-590707.916290907
-569234.893721403
-538956.153601428
-514382.302562515
-494455.745516727
-485331.281135798
-484656.01513485
-492040.387950642
-498708.534033226
-501379.495585641
-497419.915050013
-484801.077627465
-460843.538947954
-424700.611861555
-378240.033044091
-325147.225117198
-269806.29809711
-216449.025151814
-168368.816727267
-127718.488604613
-95127.879447473
-70161.0893661965
-51667.3404558802
-38136.8953202276
-28191.1324270676
-20769.5599564554
-15151.8103123859
-10867.7072246794
-7612.14878543732
-5175.6189980626
-3392.73623276882
-2130.61610617027
-1273.50509023912
-719.599384221824
-381.232586464403
-186.276498482201
-80.9728799431378
-28.3835210068144
-4.82429543801115
3.81239807682741
5.48829413673925
4.44842380972029
2.78517588875629
1.38571139632591
0.509600712031166
0.107071761272908
0.00354486947812827
-434062.756323976
-415932.122163927
-389971.392875669
-368767.573965822
-350791.789450156
-341258.436556946
-338580.479853111
-342774.500744348
-346954.608408943
-349070.438093194
-346787.722548711
-338310.865671171
-321391.67850451
-294983.816146864
-260683.364225008
-221342.18152947
-180368.473161094
-141287.116316173
-106801.006688457
-78376.165476573
-56457.5411471053
-40440.9053280864
-29137.4319743691
-21260.7378328423
-15679.7666920262
-11599.972395696
-8525.04856707052
-6168.43838552846
-4364.06495115532
-3002.36122892092
-1997.32031762384
-1275.78105568092
-775.599268282265
-443.760593769991
-235.387127852755
-112.760852398182
-45.9973112078679
-13.0109404436709
1.07492775562789
5.48117770736739
5.53034286979427
4.05618814777364
2.42367676869119
1.1732004775196
0.424157552141864
0.0884703962760159
0.00295932452827846
-292305.313653006
-278642.632010783
-259117.492713583
-243382.773132874
-229650.345698185
-221892.434033191
-219064.388101348
-221659.034418738
-224465.792152561
-226238.017933441
-225280.95964327
-220153.177084381
-209104.958649826
-191265.974814906
-167844.055139406
-140766.845558492
-112613.502502683
-85960.4722946868
-62878.2210406867
-44435.0993853229
-30780.447775141
-21313.897463497
-15027.8292738299
-10906.9630150531
-8112.90138343632
-6100.31788040796
-4559.3672281735
-3348.41791581918
-2396.43171364312
-1665.2754203785
-1119.06526519675
-722.941540524903
-444.911065224573
-256.961012818769
-135.854715436779
-62.9013134999833
-22.6325460642776
-3.01290899813043
4.71768022120834
6.36562194188185
5.39922508940943
3.69602966685819
2.12884802740416
1.00728752515343
0.358484355053848
0.0738276180867023
0.00248377584310103
-179831.200057141
-170533.009964061
-157487.022303991
-147404.58510308
-138308.700108864
-133049.692197464
-130969.825393933
-132901.758827274
-135023.116607356
-136596.953823746
-136489.99213431
-133768.942205639
-127128.307331824
-115913.015382765
-100958.344984081
-83507.2003093736
-65347.1970340817
-48326.8755986558
-33876.2406111332
-22735.7354324758
-14875.8607006869
-9805.3453406217
-6737.72236620354
-4919.15524176577
-3772.99143623148
-2949.26279439757
-2283.27735378391
-1721.42119555768
-1253.37695730428
-879.50014518565
-593.868663836555
-384.627319493838
-237.033245161414
-136.43546951305
-70.8046195358514
-30.5104936022862
-7.99765954021312
2.73901891931052
6.42929430039425
6.46114845426391
5.0080618064542
3.28092816189713
1.83889721473792
0.856322696669628
0.300453294005339
0.0615072923940091
0.00205466347446289
-100188.114415363
-94375.9445632223
-86646.9141959642
-81121.8212384552
-75905.8491798986
-72911.5748555465
-71749.0045688114
-73395.0689869212
-75144.0377772045
-76535.8429104036
-76920.4734071872
-75722.5037371171
-72081.7650584395
-65486.1369258953
-56497.4581550175
-45905.8258732943
-34860.5912247079
-24632.7536707423
-16158.4016469948
-9895.00701961101
-5786.72196926274
-3425.88784953561
-2236.36763121887
-1700.9229465467
-1437.85558039191
-1241.12102116609
-1037.2828138869
-821.918136246451
-616.277445019103
-437.689634623619
-295.395726805019
-189.449798875213
-114.479331337405
-63.7001120412634
-30.8067661914653
-10.6559379819184
0.48939797372512
5.53876146526545
6.77032057296672
5.97072142159349
4.39869885819779
2.80705336214627
1.54644740567791
0.710316201965616
0.246865488559033
0.0500173834247343
0.00168647744237014
-49270.0620491891
-46003.2971133178
-41996.6601669582
-39559.0617644721
-37054.9765819035
-35694.7857885089
-35264.2922615369
-36697.6917641004
-38142.1781116388
-39332.7933585194
-39922.824296503
-39578.2014066674
-37776.1718830305
-34151.4302486566
-29073.4987929177
-23002.8564063196
-16669.9967730924
-10870.2103827982
-6231.97697993878
-3000.25195917284
-1116.43914487824
-263.239025575662
-57.2071240809634
-145.430883931239
-291.196483361393
-382.03788548495
-394.948179010698
-349.702197433926
-276.878461654276
-200.661843205115
-134.631295110732
-83.7391261052056
-47.5491311011655
-23.4689340595735
-8.40892453162533
0.342555818489668
4.81032303427393
6.43702729748396
6.26816406892783
5.12918431299298
3.66644837522304
2.30410936515222
1.2573940147196
0.572331516794764
0.197531332921722
0.0397462472880567
0.00133275601089129
-20051.3349970133
-18377.3361996372
-16640.5859371454
-16005.7013708377
-15118.324082018
-14735.9476754305
-14728.467878525
-15930.9207812951
-17078.246393232
-18030.5670420097
-18634.6467107502
-18703.1792601135
-17940.3492052936
-16090.5646770206
-13396.2853256864
-10117.8025967842
-6688.70776143002
-3610.51225726045
-1260.54718707323
225.481891629427
913.892226859486
1018.71436002424
795.867471984425
472.725281939096
188.583081051419
1.14547553511673
-92.1773225328033
-117.981717020329
-106.612350472757
-80.4621081927559
-53.1355348722785
-30.5442047424649
-14.2891234534174
-3.75781568285885
2.32452194563096
5.33453204721429
6.36132804315282
6.1891588559573
5.33105153293215
4.14445748921252
2.90057936748181
1.80953647741715
0.983761931011487
0.445618005556414
0.153129106701675
0.0305767115975979
0.00102956576302702
-5233.10385659423
-4487.4522315968
-3967.86103940213
-4169.64261194642
-4098.46599310346
-4187.496816956
-4372.1254378433
-5299.71273363148
-6163.48538767837
-6875.58890479843
-7386.62402769891
-7603.84892003852
-7364.24403806584
-6507.0286608742
-5177.50437575616
-3520.56237579909
-1783.78366555323
-267.082818894116
811.274387865436
1380.31846211829
1498.6652612705
1304.83573490922
961.584804899421
608.719286718193
324.31291960521
135.050059444757
29.9305214274663
-16.1599622431014
-28.2489067652011
-24.2141660904016
-15.1557822380399
-6.41074918566426
0.0916627013554359
4.10953401695657
6.06967147561519
6.56331287000638
6.16527885799435
5.29420330737333
4.2357250259549
3.16210094527716
2.17694360311246
1.35186428597844
0.735362931305639
0.334116741782229
0.114371589797289
0.0227853664169185
0.000753891231761906
1004.19760455565
1274.0110730133
1254.25028954747
774.994685366792
540.166140394693
292.538529579173
69.0268467390642
-589.468853084721
-1191.0634928461
-1684.65046594937
-2066.17742956352
-2292.30668763132
-2281.16042270655
-1932.5820598075
-1335.35830768673
-563.4410273172
246.884344048669
926.176227984112
1353.91665413135
1497.07412209689
1395.57113289392
1138.104207317
822.267459148077
529.158754277566
302.063377760951
150.649186613029
63.090663753461
19.8036425413709
2.73899057316955
-1.15252440513065
0.156844877048097
2.70979633204907
4.77805271451274
5.90796155384298
6.17112547057897
5.79319735852089
5.02838954867515
4.09509644068234
3.14449230902929
2.27868510377816
1.54274248904613
0.954906136489402
0.521130782188656
0.237987646878013
0.0816723259308947
0.016250861738598
0.000546837672576194
2733.09483047282
2791.7246638435
2603.14005815168
2148.63900609436
1862.98845286017
1618.0957784565
1431.5954313665
1003.08690946465
614.49120969984
300.084609232504
44.2585399486474
-132.727114340131
-194.79914989358
-82.7355860916041
152.886736998001
475.481931583801
815.62938445809
1081.98456445462
1210.99388769574
1189.63091624733
1043.38020325226
825.245684234877
590.242598282249
382.323484016726
224.908660395469
119.913340694635
58.0043851500155
25.7641369713223
11.1966052957864
5.9113941012614
4.65536639648552
4.7799737435325
5.065868386649
5.08859624519594
4.79833147042095
4.26244327621587
3.58299737871813
2.85236492287088
2.15482690452517
1.53571867358553
1.02468225788473
0.63061454696994
0.345237585592078
0.15872599046637
0.0548496748724664
0.0110259185229407
0.00037447563114653
2477.12437460908
2461.78995027902
2278.65068650239
1946.74572675889
1724.54960780717
1546.91770850345
1416.9739394884
1162.87838274886
938.269968202681
756.549250538928
601.954783416112
484.631543435882
419.973680736145
438.383614634501
513.479468250447
628.334816497038
750.147730607279
833.92529103087
847.581716974989
787.897425475216
668.461386251634
519.723643879213
369.126817725122
239.884971684359
143.511648695124
79.1833991213723
40.8468410779
20.2436825897119
10.339482655854
6.13599440320662
4.5749223480345
4.03395613228275
3.77361983596519
3.5022936550179
3.14466333404311
2.7131512862909
2.24295635839642
1.77183287766343
1.33138830127822
0.944968507841046
0.627522347836221
0.384397987550678
0.210336199975853
0.0975444965779614
0.0341277378864434
0.00685382256207098
0.000227822816299551
1624.95665805769
1597.68855492346
1474.33202684599
1277.21377879366
1140.1457719578
1033.00759958252
958.81706351781
826.983836347746
709.857240816098
615.785448997852
535.431642333141
470.227294863465
424.020054960328
415.702392190393
429.575616850517
460.673457257757
494.912181166654
509.686042031447
493.319447950521
443.204861633189
369.095020686704
283.402144951392
200.169433292635
130.637472296277
78.8204616344944
44.4415866282239
23.7464957522964
12.4363650934305
6.78205811236744
4.19508689244896
3.07808018728695
2.56628293355628
2.26855751046508
2.01822382730922
1.76121565692214
1.49085362968374
1.21930799903866
0.958597984891253
0.720191276347242
0.513269653897878
0.341857969246176
0.209483108874399
0.115280278777168
0.0537330312003848
0.0190333686368279
0.00389753977802459
0.000131958359175904
828.508820567425
808.901495675817
744.877287148419
650.718534866789
582.874063058098
531.049616434738
497.891893561702
438.412194433744
386.695892345571
345.40838097142
309.626258474141
279.157364513942
255.390877579535
244.8302383533
243.266468210576
247.269332095347
252.180604868092
250.351431865779
234.047395970443
206.679334613173
169.624966367807
129.251356772852
90.924277882
59.3447912030852
36.1126368071218
20.6294611176998
11.2638997309944
6.0904754419947
3.44077857490428
2.1764593839257
1.5846441634291
1.28716660756858
1.1034335219673
0.955504938040617
0.81752436171128
0.682091992734104
0.552785901784024
0.432555906451143
0.325041102589535
0.232629215512635
0.15633119413167
0.0964384559268446
0.0533627070235431
0.0252068272699646
0.00898531435294095
0.00187563782406887
6.37853441289119e-05
307.977956990576
299.982811909196
277.330881947863
242.097064701796
217.063470276233
198.917197809816
186.970858356224
166.823512179577
149.541028958215
135.413137882811
123.783845533971
112.535936499832
103.459157036198
98.9432553572767
95.9450559300144
94.8376844176823
93.8336100137717
90.3855066499332
83.513052727199
72.1149002599427
58.7913616394248
44.4321615781124
31.4589081362967
20.4490738915912
12.5053154492313
7.20954581276349
4.00072390286258
2.20522579813345
1.27414768064532
0.816863856470025
0.594470474423893
0.474951805420023
0.399672329694779
0.339945932461178
0.286258754601513
0.236276085343091
0.189725383819482
0.147676228487395
0.110907253590999
0.0793444129818799
0.0536527609195429
0.0336048319717565
0.0187830463255109
0.00896704055766457
0.00327147628256149
0.000692894133299313
2.42648765639851e-05
65.2562597315938
63.4266699438326
58.2914538720419
51.8109315633412
46.345581998137
42.0823970495339
40.1128179755195
35.6880002413093
32.4281382468548
29.7042264158941
27.6292802503113
25.4822421326234
23.1158292624623
21.8950271411949
21.0311735787962
20.4491839232629
19.9258378909675
18.9420785561111
17.1617807197285
14.7442036217555
11.8783594419357
9.02012052261578
6.34401724121549
4.15233510201727
2.52588520117716
1.46460685364302
0.819863988951011
0.456736788249741
0.269510389691996
0.173330966121247
0.125683966397205
0.100307882398645
0.0829697709496981
0.0700995413607826
0.0583479617741292
0.0476001740128313
0.0378999086157025
0.0293608216464838
0.021882950334473
0.0156853446437623
0.0107011895999036
0.00670087634003406
0.00381526943781949
0.0018571163170637
0.0006919924888074
0.000153556798003258
5.43572446591579e-06
2.4469604813554
2.24864192237901
1.90610389082926
1.82367700201568
1.65768520977785
1.54011655786349
1.45563822783741
1.30112347917417
1.17944540926257
1.07779664600396
0.988868720877412
0.898504327476019
0.789032401729004
0.756744391702314
0.72870692561832
0.652545450774827
0.642510968189128
0.631830601635
0.592325739865963
0.494808262906801
0.40036129759848
0.300563322994051
0.208083232006484
0.127717439161196
0.0895307074123573
0.0482736783882413
0.0258148724227038
0.0140242426174177
0.00898468519236864
0.00555605145533695
0.00402989899114265
0.00317570227848904
0.00271123807826302
0.00226333406421604
0.00187702945019305
0.00155419870006944
0.00125462624750289
0.000960718482987355
0.000725966128476928
0.000523073444244724
0.000360236393425632
0.000223477785149816
0.000128162318663067
6.3929039698025e-05
2.48578316045409e-05
6.27574385387206e-06
1.95203642473637e-07
)
;

boundaryField
{
    inflow
    {
        type            cyclic;
    }
    outflow
    {
        type            cyclic;
    }
    wallTop
    {
        type            calculated;
        value           uniform 0;
    }
    wallSide
    {
        type            calculated;
        value           uniform 0;
    }
    symmetryBottom
    {
        type            symmetry;
    }
    symmetrySide
    {
        type            symmetry;
    }
}


// ************************************************************************* //
