3 	0.00848164485551915 	2.25514051876985e-17 	-0.060376064120027 	0.00238248308479207 	-0.000105329333414821 	-0.060376064120027 	0.00238248308479207 	-0.000105329333414821
3 	0.0257124540819764 	2.34187669256869e-17 	-0.111879989375555 	0.00507037290045946 	0.000205379097309795 	-0.111879989375555 	0.00507037290045946 	0.000205379097309795
3 	0.0434878461003755 	2.16840434497101e-17 	-0.127176118426679 	0.00653602705414169 	0.00052671434695285 	-0.127176118426679 	0.00653602705414169 	0.00052671434695285
3 	0.0618250325465285 	2.25514051876985e-17 	-0.12834390368625 	0.00690157498564234 	0.000602715806222519 	-0.12834390368625 	0.00690157498564234 	0.000602715806222519
3 	0.0807417690330369 	2.42861286636753e-17 	-0.123440162101115 	0.00651780857108653 	0.000466016068475938 	-0.123440162101115 	0.00651780857108653 	0.000466016068475938
3 	0.100256372341773 	2.68882138776405e-17 	-0.115630052365172 	0.00563630838698843 	0.000300464677058352 	-0.115630052365172 	0.00563630838698843 	0.000300464677058352
3 	0.120387738159735 	2.60208521396521e-17 	-0.106224043555116 	0.00439657161387451 	0.000157309850994182 	-0.106224043555116 	0.00439657161387451 	0.000157309850994182
3 	0.14115535937544 	2.51534904016637e-17 	-0.0955711514762133 	0.00284679598672995 	-6.57998163466149e-05 	-0.0955711514762133 	0.00284679598672995 	-6.57998163466149e-05
3 	0.162579344953588 	1.73472347597681e-17 	-0.0839310026100049 	0.00104260509068428 	-0.000600722578883142 	-0.0839310026100049 	0.00104260509068428 	-0.000600722578883142
3 	0.184680439406251 	1.90819582357449e-17 	-0.0712855898771948 	-0.0010320109231648 	-0.00133456229677228 	-0.0712855898771948 	-0.0010320109231648 	-0.00133456229677228
3 	0.207480042879464 	3.64291929955129e-17 	-0.0573228592976354 	-0.00337204797848253 	-0.00213596329039598 	-0.0573228592976354 	-0.00337204797848253 	-0.00213596329039598
3 	0.231000231874645 	3.98986399474666e-17 	-0.0418625642274296 	-0.00602193722422415 	-0.00271527996753731 	-0.0418625642274296 	-0.00602193722422415 	-0.00271527996753731
3 	0.25526378062493 	4.16333634234434e-17 	-0.0249050075990376 	-0.00900628518744317 	-0.00318006063765833 	-0.0249050075990376 	-0.00900628518744317 	-0.00318006063765833
3 	0.280294183147101 	4.16333634234434e-17 	-0.00645290019121366 	-0.0122976861661882 	-0.00364093465632991 	-0.00645290019121366 	-0.0122976861661882 	-0.00364093465632991
3 	0.306115675990475 	3.81639164714898e-17 	0.0137932861793056 	-0.0158174592339418 	-0.00388870131240034 	0.0137932861793056 	-0.0158174592339418 	-0.00388870131240034
3 	0.332753261704774 	3.98986399474666e-17 	0.0359315903871286 	-0.0195205810961811 	-0.00375739559811507 	0.0359315903871286 	-0.0195205810961811 	-0.00375739559811507
3 	0.360232733049699 	3.81639164714898e-17 	0.0602837684276346 	-0.0234486062560956 	-0.00321861111911512 	0.0602837684276346 	-0.0234486062560956 	-0.00321861111911512
3 	0.388580697969653 	3.12250225675825e-17 	0.0868518765474768 	-0.0276538644538833 	-0.00250233747747219 	0.0868518765474768 	-0.0276538644538833 	-0.00250233747747219
3 	0.417824605357797 	3.29597460435593e-17 	0.115746007745237 	-0.0322081892175202 	-0.00194986403460806 	0.115746007745237 	-0.0322081892175202 	-0.00194986403460806
3 	0.447992771634379 	3.64291929955129e-17 	0.146908299902783 	-0.0370101478126852 	-0.00175499982285219 	0.146908299902783 	-0.0370101478126852 	-0.00175499982285219
3 	0.479114408165077 	3.98986399474666e-17 	0.18048079791955 	-0.0419890114672631 	-0.00170122675750032 	0.18048079791955 	-0.0419890114672631 	-0.00170122675750032
3 	0.511219649545904 	4.16333634234434e-17 	0.21642743822406 	-0.0471631280461869 	-0.00133078256146632 	0.21642743822406 	-0.0471631280461869 	-0.00133078256146632
3 	0.544339582782064 	4.16333634234434e-17 	0.254995286050588 	-0.0525945650143317 	-0.00104513660719512 	0.254995286050588 	-0.0525945650143317 	-0.00104513660719512
3 	0.578506277389002 	5.03069808033274e-17 	0.296236406039003 	-0.0581052918578745 	-0.000548523044631094 	0.296236406039003 	-0.0581052918578745 	-0.000548523044631094
3 	0.613752816444818 	4.85722573273506e-17 	0.340281835022919 	-0.0636791622178758 	-0.000354978797183574 	0.340281835022919 	-0.0636791622178758 	-0.000354978797183574
3 	0.650113328624082 	3.46944695195361e-17 	0.386986539600841 	-0.0690644994492034 	-0.000552025737537954 	0.386986539600841 	-0.0690644994492034 	-0.000552025737537954
3 	0.687623021244091 	2.60208521396521e-17 	0.436475001948142 	-0.0741610408658918 	-0.000648527525087719 	0.436475001948142 	-0.0741610408658918 	-0.000648527525087719
3 	0.726318214355558 	2.25514051876985e-17 	0.487882473264082 	-0.078844874173674 	-0.000702886114615972 	0.487882473264082 	-0.078844874173674 	-0.000702886114615972
3 	0.766236375910742 	1.73472347597681e-17 	0.540171177307844 	-0.0828683548432563 	-0.000522242064491523 	0.540171177307844 	-0.0828683548432563 	-0.000522242064491523
3 	0.807416158043071 	1.04083408558608e-17 	0.591516139788366 	-0.086122555634157 	-0.000280964506711288 	0.591516139788366 	-0.086122555634157 	-0.000280964506711288
3 	0.849897434493391 	1.38777878078145e-17 	0.639849509664353 	-0.0884750877529949 	-0.00038190545298326 	0.639849509664353 	-0.0884750877529949 	-0.00038190545298326
3 	0.893721339219076 	2.08166817117217e-17 	0.683920122056521 	-0.0901319746079485 	-0.000341536261235919 	0.683920122056521 	-0.0901319746079485 	-0.000341536261235919
3 	0.938930306223384 	1.90819582357449e-17 	0.72182981510907 	-0.0911981466488049 	-8.00546722338159e-05 	0.72182981510907 	-0.0911981466488049 	-8.00546722338159e-05
3 	0.985568110643632 	2.08166817117217e-17 	0.753581879464533 	-0.0919186244510378 	5.37004372152438e-05 	0.753581879464533 	-0.0919186244510378 	5.37004372152438e-05
3 	1.03367991113796 	2.42861286636753e-17 	0.779648253538581 	-0.0924300378307073 	0.000121411805938543 	0.779648253538581 	-0.0924300378307073 	0.000121411805938543
3 	1.08331229361174 	2.08166817117217e-17 	0.801510817040785 	-0.0928589930165456 	0.000244256040446264 	0.801510817040785 	-0.0928589930165456 	0.000244256040446264
3 	1.13451331632597 	1.73472347597681e-17 	0.820834789211968 	-0.0932505486229086 	0.000320945771999724 	0.820834789211968 	-0.0932505486229086 	0.000320945771999724
3 	1.18733255643133 	1.21430643318376e-17 	0.838754575226972 	-0.093568425569884 	0.000248982847384865 	0.838754575226972 	-0.093568425569884 	0.000248982847384865
3 	1.24182115797291 	8.67361737988404e-18 	0.856004532288198 	-0.0938283846306368 	0.000154541557066283 	0.856004532288198 	-0.0938283846306368 	0.000154541557066283
3 	1.29803188141224 	8.67361737988404e-18 	0.872566255750728 	-0.0939957615330064 	6.221343575214e-05 	0.872566255750728 	-0.0939957615330064 	6.221343575214e-05
3 	1.3560191547143 	0 	0.888245936095641 	-0.0939922373566967 	-0.000104755010004014 	0.888245936095641 	-0.0939922373566967 	-0.000104755010004014
3 	1.41583912604936 	-1.73472347597681e-17 	0.903088964676607 	-0.0938566670341773 	-0.000255340482497562 	0.903088964676607 	-0.0938566670341773 	-0.000255340482497562
3 	1.47754971816027 	-2.42861286636753e-17 	0.916921771625573 	-0.0935800453257224 	-0.000302693801697982 	0.916921771625573 	-0.0935800453257224 	-0.000302693801697982
3 	1.54121068444816 	-2.42861286636753e-17 	0.92921025868449 	-0.0930646448004232 	-0.000278164138949777 	0.92921025868449 	-0.0930646448004232 	-0.000278164138949777
3 	1.60688366683067 	-3.12250225675825e-17 	0.939650405984634 	-0.0923466861595444 	-0.000230058905217471 	0.939650405984634 	-0.0923466861595444 	-0.000230058905217471
3 	1.67463225542887 	-3.46944695195361e-17 	0.94801605463231 	-0.0913957623320718 	-0.000163380566651314 	0.94801605463231 	-0.0913957623320718 	-0.000163380566651314
3 	1.74452205014053 	-3.12250225675825e-17 	0.95421234007606 	-0.0901777311584364 	-9.22152537846191e-05 	0.95421234007606 	-0.0901777311584364 	-9.22152537846191e-05
3 	1.81662072415942 	-2.77555756156289e-17 	0.958405809943461 	-0.0887891212004819 	-4.31365335504669e-05 	0.958405809943461 	-0.0887891212004819 	-4.31365335504669e-05
3 	1.89099808950219 	-2.42861286636753e-17 	0.961107963004998 	-0.0872229749688834 	-1.97134600326873e-05 	0.961107963004998 	-0.0872229749688834 	-1.97134600326873e-05
3 	1.96772616460625 	-1.73472347597681e-17 	0.96276760778154 	-0.0855370413500758 	-9.40250710707276e-06 	0.96276760778154 	-0.0855370413500758 	-9.40250710707276e-06
3 	2.046879244064 	-1.73472347597681e-17 	0.963704683967817 	-0.0837940835934338 	-3.42496816074978e-06 	0.963704683967817 	-0.0837940835934338 	-3.42496816074978e-06
3 	2.12853397056112 	-2.08166817117217e-17 	0.964148315695868 	-0.0819474903679838 	-1.88661880954067e-07 	0.964148315695868 	-0.0819474903679838 	-1.88661880954067e-07
3 	2.21276940908841 	-1.38777878078145e-17 	0.964393103035084 	-0.0800899405523149 	7.38662988293528e-07 	0.964393103035084 	-0.0800899405523149 	7.38662988293528e-07
3 	2.29966712349917 	-1.04083408558608e-17 	0.96455339035374 	-0.0781989029278472 	5.1028758918413e-07 	0.96455339035374 	-0.0781989029278472 	5.1028758918413e-07
3 	2.38931125548612 	-2.42861286636753e-17 	0.964636993442078 	-0.0762798463762493 	1.60753256218221e-07 	0.964636993442078 	-0.0762798463762493 	1.60753256218221e-07
3 	2.48178860605446 	-3.12250225675825e-17 	0.964696429849434 	-0.0743672426501471 	4.08428537043167e-08 	0.964696429849434 	-0.0743672426501471 	4.08428537043167e-08
3 	2.56568527545393 	-2.42861286636753e-17 	0.964769569425503 	-0.072651993531674 	4.61069865202301e-08 	0.964769569425503 	-0.072651993531674 	4.61069865202301e-08
3 	2.61415409793507 	-1.73472347597681e-17 	0.964828302422755 	-0.0716724380597611 	5.88110221471934e-08 	0.964828302422755 	-0.0716724380597611 	5.88110221471934e-08
3 	2.67576734945706 	-1.38777878078145e-17 	0.964913278345536 	-0.0704817357925903 	6.13532827289098e-08 	0.964913278345536 	-0.0704817357925903 	6.13532827289098e-08
3 	2.77750611791632 	-1.38777878078145e-17 	0.965011164224957 	-0.0685332668719264 	5.31190321417728e-08 	0.965011164224957 	-0.0685332668719264 	5.31190321417728e-08
3 	2.88243907686441 	-1.38777878078145e-17 	0.965077692195694 	-0.0665758004644611 	3.75899155616305e-08 	0.965077692195694 	-0.0665758004644611 	3.75899155616305e-08
3 	2.99066584002853 	-1.73472347597681e-17 	0.965193499882806 	-0.0646366967133307 	2.37948034079796e-08 	0.965193499882806 	-0.0646366967133307 	2.37948034079796e-08
3 	3.1022890860701 	-2.08166817117217e-17 	0.965350398077555 	-0.0626603892460413 	1.42415426029356e-08 	0.965350398077555 	-0.0626603892460413 	1.42415426029356e-08
3 	3.21741465034879 	-1.04083408558608e-17 	0.965520498030994 	-0.0607605623213446 	8.4221996001089e-09 	0.965520498030994 	-0.0607605623213446 	8.4221996001089e-09
3 	3.33615161928245 	0 	0.965592822150679 	-0.0588036245742523 	4.75006850538481e-09 	0.965592822150679 	-0.0588036245742523 	4.75006850538481e-09
3 	3.45861242736801 	-3.46944695195361e-18 	0.965698807637579 	-0.0568919010003191 	2.93327305847309e-09 	0.965698807637579 	-0.0568919010003191 	2.93327305847309e-09
3 	3.58491295692906 	-1.04083408558608e-17 	0.965885408762753 	-0.0549841887949915 	1.880902052319e-09 	0.965885408762753 	-0.0549841887949915 	1.880902052319e-09
3 	3.71517264065697 	-1.73472347597681e-17 	0.966077782042274 	-0.0530654930973352 	1.02326520036048e-09 	0.966077782042274 	-0.0530654930973352 	1.02326520036048e-09
3 	3.84951456701401 	-1.73472347597681e-17 	0.966243038928046 	-0.0512249063643761 	2.96428801289851e-10 	0.966243038928046 	-0.0512249063643761 	2.96428801289851e-10
3 	3.98806558856737 	-1.38777878078145e-17 	0.966305426554278 	-0.0492630013342315 	3.14088494888328e-11 	0.966305426554278 	-0.0492630013342315 	3.14088494888328e-11
3 	4.13095643332461 	-1.38777878078145e-17 	0.966509815932309 	-0.0475319480097052 	0 	0.966509815932309 	-0.0475319480097052 	0
3 	4.27832181914195 	-3.46944695195361e-18 	0.966710389139139 	-0.0455718694933289 	0 	0.966710389139139 	-0.0455718694933289 	0
3 	4.43030057127791 	-3.46944695195361e-18 	0.9669702455566 	-0.0438522009768496 	4.17977969794343e-11 	0.9669702455566 	-0.0438522009768496 	4.17977969794343e-11
3 	4.58703574316595 	-1.04083408558608e-17 	0.967108496139153 	-0.0419756910230966 	2.88465233390434e-10 	0.967108496139153 	-0.0419756910230966 	2.88465233390434e-10
3 	4.7486747404808 	-6.93889390390723e-18 	0.967268035970795 	-0.0402219825396903 	6.21444861666904e-11 	0.967268035970795 	-0.0402219825396903 	6.21444861666904e-11
3 	4.91536944857424 	-6.93889390390723e-18 	0.967438666417536 	-0.0384685398639302 	-4.62191290125925e-10 	0.967438666417536 	-0.0384685398639302 	-4.62191290125925e-10
