# Probe 0 (0.0005 0.0001 0.0001)
# Probe 1 (0.0005 0.0001 0.0009)
# Probe 2 (0.0005 0.0009 0.0009)
# Probe 3 (0.0005 0.0009 0.0001)
# Probe 4 (0.0005 0.0005 0.0005)
# Time                 0                      1                      2                      3                      4                     
0                      (0 -0 -0 0 0 -0)       (0 -0 -0 -0 0 0)       (0 -0 -0 0 -0 0)       (-0 -0 -0 0 0 -0)      (0 -0 -0 -0 0 0)      
1                      (0.131548830165856 -0.0114281460611203 -0.0112117074176669 -0.0658315110682506 -0.00122712843138597 -0.0662480445946743) (0.525989780920483 0.00234921302590944 -0.083016930442808 -0.225103128033709 -0.000337196375500616 -0.300892707976488) (0.595082792256242 -0.0827524411974231 -0.0829026871607667 -0.297448866726201 -0.0328276638006175 -0.297611627701205) (0.525736877547276 -0.0828474990135643 0.00376166937070153 -0.301087481633924 -0.000884836528278523 -0.224667704490608) (0.195069691519106 0.0225188041872569 0.0222010325803517 -0.0979837583892138 0.00510385108669108 -0.0970767345881206)
2                      (0.131548830165856 -0.0155057081661653 -0.0154646718214834 -0.0657982260526594 -0.000855313139927962 -0.0663122489632612) (0.525989780920483 0.002349212996922 -0.0830169327645115 -0.225103128073828 -0.00033719636890158 -0.30089270793646) (0.595082792256242 -0.0842221665604318 -0.0843763805063146 -0.297448791143202 -0.0328927904226372 -0.29761140388723) (0.525736877547276 -0.082847500980231 0.00376166932483452 -0.30108748160362 -0.000884836523447893 -0.224667704521145) (0.195069691519106 0.0204777906109347 0.0202084840494394 -0.0979916887928506 0.00578887506752144 -0.0970684802852443)
3                      (0.131548830165856 -0.0178024904300369 -0.0178602535342616 -0.0657794774888134 -0.000645879477151764 -0.0663484135761438) (0.525989780920483 0.00234921302874383 -0.0830169302157914 -0.225103128029786 -0.000337196376145871 -0.300892707980402) (0.595082792256242 -0.0827207090556811 -0.0828708693481997 -0.297448868358078 -0.0328262576826766 -0.297611632533466) (0.525736877547276 -0.082847498797088 0.00376166937575023 -0.30108748163726 -0.000884836528810243 -0.224667704487247) (0.195069691519106 0.0179764451593363 0.0177665344893255 -0.0980014078262252 0.00662839991858758 -0.0970583643001303)
4                      (0.131548830165856 -0.0195989439953166 -0.0197339841775768 -0.0657648130929345 -0.000482068629209359 -0.066376700126755) (0.525989780920483 0.00234921301771807 -0.083016931098883 -0.225103128045046 -0.000337196373635837 -0.300892707965177) (0.595082792256242 -0.082739851733472 -0.0828900637076267 -0.297448867373634 -0.0328271059349912 -0.297611629618364) (0.525736877547276 -0.0828474995872734 0.00376166935732136 -0.301087481625084 -0.000884836526869348 -0.224667704499516) (0.195069691519106 0.0160909750056554 0.0159258359127067 -0.0980087338624346 0.00726121896761065 -0.0970507390486899)
5                      (0.131548830165856 -0.0208625575556201 -0.0210519539236418 -0.0657544982538291 -0.000366845161825939 -0.0663965966994342) (0.525989780920483 0.00234921294903321 -0.0830169366000884 -0.225103128140107 -0.000337196357999624 -0.300892707870331) (0.595082792256242 -0.0827794664917038 -0.082929785418268 -0.297448865336382 -0.0328288613482478 -0.297611623585716) (0.525736877547276 -0.0828475045575622 0.00376166924140326 -0.301087481548496 -0.000884836514661065 -0.224667704576691) (0.195069691519106 0.0146865135239278 0.0145547241794954 -0.0980141909287528 0.00773259740737072 -0.0970450591009508)
6                      (0.131548830165856 -0.0217279763774428 -0.0219546000020549 -0.0657474338662772 -0.000287931354217435 -0.0664102233880258) (0.525989780920483 0.00242254379715252 -0.077143617529401 -0.225001636997644 -0.000353890239288455 -0.300993969519667) (0.595082792256242 -0.0828511953186466 -0.0830017078995765 -0.297448861647611 -0.0328320398034325 -0.297611612662645) (0.525736877547276 -0.0760763568127592 0.0039195873464839 -0.301191818628249 -0.000901468161355938 -0.224562567377224) (0.195069691519106 0.0136875594047431 0.0135794908024509 -0.0980180723871967 0.00806787569034222 -0.0970410191131943)
7                      (0.131548830165856 -0.0222917249212543 -0.0225425990141527 -0.0657428320040402 -0.000236525557389235 -0.0664191000448038) (0.525989780920483 0.00249502912276009 -0.0713380192558989 -0.224901316072734 -0.000370391636066333 -0.301094063597562) (0.595082792256242 -0.0829637301949637 -0.0831145465989311 -0.297448855860323 -0.03283702646049 -0.297611595525513) (0.525736877547276 -0.070287469254384 0.00405459697678553 -0.301281019993456 -0.000915687129285139 -0.224472681962098) (0.195069691519106 0.0130221626329352 0.0129298942610458 -0.09802065780115 0.00829120235055822 -0.097038328103908)
8                      (0.131548830165856 -0.0226254468829643 -0.0228906765142276 -0.0657401078418049 -0.000206094891892903 -0.0664243547551633) (0.525989780920483 0.00255399785716304 -0.0666150111191366 -0.22481970234021 -0.000383815959896243 -0.301175492784024) (0.595082792256242 -0.0831172850173598 -0.0832685159905179 -0.297448847963519 -0.032843830797633 -0.297611572141746) (0.525736877547276 -0.0655842863652864 0.00416428557873105 -0.301353491660991 -0.000927239332707798 -0.224399654538066) (0.195069691519106 0.0126259500423353 0.0125430899670973 -0.0980221972939813 0.00842418290944158 -0.097036725734005)
9                      (0.131548830165856 -0.0227809850769103 -0.0230529054111137 -0.0657388381882528 -0.000191912035218984 -0.0664268038243071) (0.525989780920483 0.00260172210696525 -0.0627926123103632 -0.224753651165842 -0.000394680459369922 -0.301241394602594) (0.595082792256242 -0.0833017106764632 -0.0834534395642749 -0.297448838479132 -0.0328520030864792 -0.29761154405688) (0.525736877547276 -0.0617790081994895 0.00425303306141721 -0.301412127453095 -0.000936586055658545 -0.224340569091311) (0.195069691519106 0.0124422258563409 0.0123637284179419 -0.0980229111583915 0.00848584613144302 -0.0970359827134321)
10                     (0.131548830165856 -0.0227995464955776 -0.0230722652763574 -0.0657386866719561 -0.000190219499553338 -0.0664270960881979) (0.525989780920483 0.00264001924180164 -0.0597252634639232 -0.224700647279111 -0.000403398861502962 -0.301294278636229) (0.595082792256242 -0.0835004029275678 -0.083652668247153 -0.297448828261062 -0.0328608075580231 -0.297611513799457) (0.525736877547276 -0.0587273288167211 0.00432420495776379 -0.301459150989892 -0.000944081749923847 -0.224293184949646) (0.195069691519106 0.0124217243129153 0.0123437136954981 -0.0980229908175944 0.00849272705034209 -0.0970358998007309)
11                     (0.131548830165856 -0.0227138542777552 -0.0229828868824313 -0.0657393861749269 -0.000198033403087977 -0.0664257467979611) (0.525989780920483 0.00267047855462818 -0.0572856726574307 -0.224658491071503 -0.000410332971301315 -0.301336339519657) (0.595082792256242 -0.0836962767441416 -0.0838490708862562 -0.297448818187935 -0.0328694871388051 -0.297611483971233) (0.525736877547276 -0.0563015726486413 0.00438077894372427 -0.301496529632968 -0.000950040018902156 -0.224255519664569) (0.195069691519106 0.0125223384915512 0.0124419387323894 -0.0980225998789659 0.00845895798286663 -0.0970363067063555)
12                     (0.131548830165856 -0.0225518426565149 -0.0228139060943062 -0.0657407086708693 -0.000212806543660508 -0.0664231957996986) (0.525989780920483 0.00269451696104683 -0.055360354261851 -0.224625221507697 -0.000415805351798983 -0.301369533853881) (0.595082792256242 -0.0838762919073373 -0.0840295720565947 -0.297448808930365 -0.0328774639893013 -0.297611456558009) (0.525736877547276 -0.0543880029344427 0.00442540761150631 -0.301526015959867 -0.00095474022876495 -0.224225807218715) (0.195069691519106 0.0127088268699375 0.0126239988365929 -0.0980218752742247 0.00839636701687658 -0.0970370609059237)
13                     (0.131548830165856 -0.0223355353662218 -0.0225882940294981 -0.0657424743807088 -0.000232530671978579 -0.0664197898741391) (0.525989780920483 0.00271336628814226 -0.0538506470221487 -0.224599133718033 -0.000420096430341993 -0.301395562653486) (0.595082792256242 -0.084032909527004 -0.0841866125144295 -0.297448800876051 -0.0328844040454331 -0.297611432707831) (0.525736877547276 -0.0528879655715518 0.0044603917924496 -0.301549130138417 -0.000958424698870902 -0.22420251578669) (0.195069691519106 0.0129523788327267 0.0128617675174514 -0.0980209289476575 0.00831462383935713 -0.0970380458830402)
14                     (0.131548830165856 -0.0220830729455578 -0.022324971568497 -0.0657445352237791 -0.000255551630606097 -0.0664158146580925) (0.525989780920483 0.00272806960580219 -0.0526730078944254 -0.224578784076026 -0.000423443663407776 -0.301415866280611) (0.595082792256242 -0.0841634841324148 -0.0843175396467596 -0.297448794161041 -0.0328901900808286 -0.297611412823557) (0.525736877547276 -0.0517180925124282 0.0044876758133637 -0.301567156792579 -0.000961298202172041 -0.224184350893262) (0.195069691519106 0.0132300762054995 0.0131328708058252 -0.0980198499483404 0.00822142046140326 -0.0970391689516221)
15                     (0.131548830165856 -0.0218084394295396 -0.0220385242900422 -0.0657467770488273 -0.000280594275738619 -0.0664114903410044) (0.525989780920483 0.00273949113904066 -0.0517582181339567 -0.22456297647954 -0.000426043793160937 -0.301431638132749) (0.595082792256242 -0.0842687550668831 -0.0844230947929863 -0.297448788747313 -0.0328948548573449 -0.297611396792599) (0.525736877547276 -0.0508094200493372 0.0045088680600726 -0.301581158588851 -0.000963530130928741 -0.224170241722764) (0.195069691519106 0.0135241660270485 0.0134199772948177 -0.0980187072557991 0.00812271529715725 -0.0970403583148326)
16                     (0.131548830165856 -0.021521871824544 -0.0217396295603151 -0.0657491162914812 -0.000306725138942891 -0.0664069781124565) (0.525989780920483 0.00274833456555407 -0.0510499177811924 -0.224550737026661 -0.000428057012920255 -0.301443849909613) (0.595082792256242 -0.0843513673599483 -0.0845059301237323 -0.297448784498843 -0.0328985155818041 -0.297611384212163) (0.525736877547276 -0.0501058636830052 0.00452527654684264 -0.301591999737127 -0.000965258242816972 -0.224159317438017) (0.195069691519106 0.0138212875190946 0.0137100434655414 -0.0980175527836347 0.00802299261543046 -0.0970415599387781)
17                     (0.131548830165856 -0.0212331725189475 -0.0214385114317673 -0.0657514729351424 -0.000333050382725508 -0.0664024323186342) (0.525989780920483 0.00275516492282794 -0.0505028510464537 -0.224541283695888 -0.000429611954345517 -0.301453281864389) (0.595082792256242 -0.0844148829582693 -0.0845696172022437 -0.297448781232451 -0.0329013300915542 -0.297611374539826) (0.525736877547276 -0.0495624290065843 0.00453795064251591 -0.301600373559308 -0.00096659305544854 -0.224150879400313) (0.195069691519106 0.0141117231281651 0.0139935825134397 -0.0980164242896172 0.00792551391200171 -0.0970427345235585)
18                     (0.131548830165856 -0.0209497945848111 -0.0211429435812573 -0.06575378614061 -0.000358890393609302 -0.0663979703139206) (0.525989780920483 0.00276043091550989 -0.0500810796359467 -0.224533995472347 -0.000430810765745559 -0.301460553607701) (0.595082792256242 -0.0844629384749537 -0.0846178024598007 -0.297448778761118 -0.0329034595325708 -0.297611367221795) (0.525736877547276 -0.0491434083234036 0.00454772312936326 -0.301606830277738 -0.000967622275932742 -0.224144373167868) (0.195069691519106 0.0143887146979275 0.0142639967585031 -0.0980153480327134 0.00783254742222606 -0.0970438547377195)
19                     (0.131548830165856 -0.0206778197961308 -0.0208592693991862 -0.0657560062625477 -0.000383690600869729 -0.0663936878605504) (0.525989780920483 0.00276448573986935 -0.0497563148493728 -0.224528383526389 -0.000431733852798826 -0.301466152863852) (0.595082792256242 -0.084498839153937 -0.0846538000638769 -0.297448776914868 -0.0329050503671643 -0.297611361754737) (0.525736877547276 -0.0488207071510961 0.00455524923270035 -0.301611802802223 -0.000968414911404321 -0.224139362511063) (0.195069691519106 0.0146478537042933 0.0145169823595918 -0.0980143411423417 0.00774557277600692 -0.0970449027522307)
20                     (0.131548830165856 -0.0204215399214578 -0.0205919652708076 -0.0657580982673791 -0.000407059656653935 -0.0663896525357384) (0.525989780920483 0.00276760548769494 -0.0495064435486897 -0.224524065742276 -0.000432444068229129 -0.301470460884534) (0.595082792256242 -0.0845253944743409 -0.0846804270786602 -0.297448775549218 -0.0329062270892636 -0.297611357710817) (0.525736877547276 -0.0485723708027469 0.00456104098426626 -0.301615629434038 -0.000969024888111802 -0.224135506534326) (0.195069691519106 0.0148865592573149 0.0147500197114799 -0.0980134136466073 0.00766545619565971 -0.0970458681294118)
21                     (0.131548830165856 -0.0201838226697277 -0.0203440222637519 -0.0657600387460834 -0.000428736066959806 -0.0663859094937794) (0.525989780920483 0.00277000481079925 -0.0493142735342046 -0.224520745038244 -0.000432990277854466 -0.301473774079746) (0.595082792256242 -0.0845448874396256 -0.0846999726712913 -0.29744877454676 -0.0329070908635537 -0.297611354742373) (0.525736877547276 -0.0483813334145173 0.00456549639765934 -0.301618573142249 -0.00096949412412116 -0.224132540251983) (0.195069691519106 0.0151036429016045 0.0149619485793388 -0.0980125701632802 0.00759259656164765 -0.0970467460628907)
22                     (0.131548830165856 -0.0199660901004471 -0.0201169236094956 -0.0657618160904319 -0.000448590160317897 -0.0663824811261001) (0.525989780920483 0.00277184989740286 -0.0491664942214875 -0.224518191406967 -0.000433410314680961 -0.301476321936718) (0.595082792256242 -0.0845591143169624 -0.0847142379585259 -0.29744877381512 -0.032907721286411 -0.297611352575863) (0.525736877547276 -0.0482343834204185 0.0045689235957481 -0.301620837504781 -0.000969855070370714 -0.224130258524952) (0.195069691519106 0.0152989418134474 0.0151526100057965 -0.0980118113250153 0.00752704852238204 -0.0970475358941728)
23                     (0.131548830165856 -0.0197686454881743 -0.019910985628396 -0.0657634278248037 -0.000466594282430024 -0.0663793722079928) (0.525989780920483 0.00277326900753575 -0.049052832824945 -0.224516227334378 -0.000433733377303333 -0.301478281568119) (0.595082792256242 -0.0845694560834492 -0.0847246076458404 -0.297448773283278 -0.0329081795518353 -0.297611351000989) (0.525736877547276 -0.0481213246120483 0.0045715603766091 -0.301622579635709 -0.000970132771320011 -0.224128503034312) (0.195069691519106 0.0154730232848213 0.0153225578121557 -0.0980111349275873 0.00746862167804704 -0.0970482399175103)
24                     (0.131548830165856 -0.0195919599991955 -0.0197266997546461 -0.0657648701030827 -0.000482705469675897 -0.0663765901583352) (0.525989780920483 0.00277436089780776 -0.0489653795890668 -0.224514716139649 -0.000433981947816956 -0.301479789345714) (0.595082792256242 -0.0845769504743387 -0.0847321222701783 -0.297448772897867 -0.0329085116440581 -0.297611349859722) (0.525736877547276 -0.0480343057983422 0.00457358984734061 -0.301623920514575 -0.000970346511474548 -0.224127151872778) (0.195069691519106 0.0156269516681146 0.0154728310771426 -0.0980105368354311 0.00741695880078371 -0.0970488624373757)
25                     (0.131548830165856 -0.0194343721079211 -0.0195623329897025 -0.0657661564882518 -0.000497075229403641 -0.0663741088151219) (0.525989780920483 0.00277520148124377 -0.048898054379393 -0.224513552757861 -0.000434173307939659 -0.301480950096848) (0.595082792256242 -0.0845823742856108 -0.0847375607247225 -0.297448772618939 -0.0329087519845431 -0.297611349033769) (0.525736877547276 -0.0479672911852156 0.0045751527759779 -0.301624953147342 -0.000970511116266958 -0.22412611132116) (0.195069691519106 0.0157621086783634 0.0156047787061727 -0.0980100116798623 0.00737159614652609 -0.0970494090417253)
26                     (0.131548830165856 -0.0192939794525267 -0.0194159011388643 -0.0657673025092328 -0.000509877029778289 -0.0663718982241948) (0.525989780920483 0.00277584904589196 -0.048846188706279 -0.224512656517361 -0.000434320727036001 -0.301481844310757) (0.595082792256242 -0.084586298926711 -0.0847414959616168 -0.297448772417108 -0.0329089258936447 -0.297611348436113) (0.525736877547276 -0.0479156455455324 0.00457635726624482 -0.301625748958544 -0.000970637970984196 -0.224125309407197) (0.195069691519106 0.0158800510185655 0.0157199204374323 -0.0980095534122767 0.00733201124011931 -0.0970498860262046)
27                     (0.131548830165856 -0.0191701731175225 -0.0192867690932509 -0.0657683131365843 -0.000521166395175569 -0.0663699487977088) (0.525989780920483 0.00277634831667574 -0.0488062003972518 -0.224511965518095 -0.000434434386804151 -0.301482533747527) (0.595082792256242 -0.0845891408558645 -0.0847443455634454 -0.297448772270957 -0.0329090518255028 -0.297611348003336) (0.525736877547276 -0.0478758114611091 0.00457728628498238 -0.301626362764682 -0.000970735813542579 -0.224124690894023) (0.195069691519106 0.015982405859822 0.0158198448039055 -0.098009155710265 0.00729765795524744 -0.0970502999714475)
28                     (0.131548830165856 -0.0190617153068418 -0.0191736458111873 -0.0657691984743981 -0.000531056194877026 -0.0663682410456075) (0.525989780920483 0.00277673360069163 -0.0487753416793153 -0.224511432278456 -0.00043452209730783 -0.301483065781397) (0.595082792256242 -0.0845912020254664 -0.0847464122978183 -0.297448772164958 -0.032909143160263 -0.297611347689455) (0.525736877547276 -0.0478450594629545 0.0045780034894297 -0.301626836624329 -0.000970811348206383 -0.224124213400534) (0.195069691519106 0.0160707955739747 0.0159061356532785 -0.0980088122700651 0.00726799177636662 -0.0970506574386786)
29                     (0.131548830165856 -0.0189673812436768 -0.0190752538302996 -0.0657699685204899 -0.000539658110994188 -0.066366755682833) (0.525989780920483 0.00277703121341932 -0.0487515048554678 -0.224511020377373 -0.000434589849306797 -0.301483476751083) (0.595082792256242 -0.0845927005667397 -0.0847479148848718 -0.297448772087893 -0.0329092095637786 -0.297611347461253) (0.525736877547276 -0.0478212953222639 0.00457855772162314 -0.301627202807602 -0.000970869718929762 -0.224123844409147) (0.195069691519106 0.0161467873020906 0.0159803229139491 -0.0980085170025157 0.00724248672499998 -0.0970509647657573)
30                     (0.131548830165856 -0.018885720495957 -0.01899008032606 -0.0657706351146928 -0.000547104402168152 -0.0663654698712106) (0.525989780920483 0.00277726134485384 -0.0487330728397777 -0.224510701871549 -0.000434642239084731 -0.301483794536698) (0.595082792256242 -0.0845937936241431 -0.0847490108933249 -0.297448772031681 -0.0329092579994511 -0.297611347294799) (0.525736877547276 -0.0478029118246886 0.00457898646534744 -0.301627486080176 -0.000970914873436533 -0.224123558964267) (0.195069691519106 0.0162118584321867 0.0160438488925031 -0.0980082641671927 0.00722064694642491 -0.0970512279275621)
31                     (0.131548830165856 -0.0188152471451694 -0.018916575460997 -0.0657712103865144 -0.000553530562895593 -0.0663643602138043) (0.525989780920483 0.00277743949174916 -0.0487188044440813 -0.224510455313213 -0.000434682794501705 -0.301484040537513) (0.595082792256242 -0.0845945941916567 -0.0847498136222205 -0.297448771990511 -0.0329092934742814 -0.297611347172887) (0.525736877547276 -0.0477886749859437 0.00457931849983873 -0.301627705456601 -0.000970949842703337 -0.224123337905532) (0.195069691519106 0.0162673763671958 0.0160980485221014 -0.0980080484510217 0.00720201350013693 -0.0970514524541679)
32                     (0.131548830165856 -0.0187547020942575 -0.0188534259761524 -0.0657717046139257 -0.000559051404803376 -0.0663634068851572) (0.525989780920483 0.00277757755523331 -0.0487077464662288 -0.224510264231 -0.000434714224867967 -0.301484231187648) (0.595082792256242 -0.0845951834187092 -0.0847504044400754 -0.297448771960209 -0.0329093195841714 -0.297611347083157) (0.525736877547276 -0.0477776368274313 0.00457957593404953 -0.301627875544342 -0.000970976955204712 -0.224123166513455) (0.195069691519106 0.0163145877317819 0.0161441388255857 -0.0980078650102147 0.00718616798235873 -0.0970516433871959)
33                     (0.131548830165856 -0.0187029065914686 -0.0187994024140425 -0.0657721274190414 -0.000563774413176895 -0.0663625913249115) (0.525989780920483 0.0027776846812665 -0.0486991663749054 -0.224510115966746 -0.000434738612275543 -0.301484379116645) (0.595082792256242 -0.0845956195541062 -0.084750841752956 -0.29744877193778 -0.0329093389102481 -0.297611347016741) (0.525736877547276 -0.0477690685720457 0.00457977576466988 -0.301628007573176 -0.000970998001001043 -0.224123033472144) (0.195069691519106 0.016354614996859 0.0161832156201505 -0.0980077094833862 0.0071727336589505 -0.0970518052661629)
34                     (0.131548830165856 -0.0186588624487643 -0.0187534636481102 -0.0657724869500403 -0.000567790608475638 -0.0663618978158246) (0.525989780920483 0.0027777679039373 -0.0486925007858382 -0.224510000785152 -0.000434757558045604 -0.301484494037789) (0.595082792256242 -0.0845959444180482 -0.0847511674939698 -0.297448771921073 -0.0329093533056527 -0.29761134696727) (0.525736877547276 -0.0477624095047985 0.00457993106881047 -0.3016281101832 -0.000971014357349766 -0.224122930075245) (0.195069691519106 0.0163884593655749 0.0162162563347968 -0.0980075779803389 0.00716137449678939 -0.097051942140152)
35                     (0.131548830165856 -0.0186213571034716 -0.0187143449555253 -0.0657727931050345 -0.000571210559056896 -0.0663613072651595) (0.525989780920483 0.002777832637785 -0.0486873160300091 -0.224509911192405 -0.000434772294806417 -0.301484583427948) (0.595082792256242 -0.0845961880669059 -0.0847514118006336 -0.297448771908543 -0.032909364102246 -0.297611346930167) (0.525736877547276 -0.0477572278316677 0.00458005191686057 -0.301628190027956 -0.000971027084845909 -0.224122849618191) (0.195069691519106 0.0164170051950779 0.0162441243271021 -0.0980074670648836 0.00715179367969485 -0.097052057585696)
36                     (0.131548830165856 -0.018589563535067 -0.0186811837402669 -0.0657730526349676 -0.000574109677353145 -0.0663608066508385) (0.525989780920483 0.00277788305459418 -0.0486832779748874 -0.224509841414682 -0.000434783772271208 -0.301484653047888) (0.595082792256242 -0.0845963721428817 -0.0847515963735799 -0.297448771899076 -0.0329093722590397 -0.297611346902135) (0.525736877547276 -0.0477531907189527 0.00458014607123646 -0.301628252236103 -0.000971037001012986 -0.224122786932994) (0.195069691519106 0.0164410276460658 0.0162675763511258 -0.0980073737251161 0.00714373104101576 -0.0970521547377133)
37                     (0.131548830165856 -0.0185626869444341 -0.0186531510137718 -0.0657732720277604 -0.000576560437665832 -0.0663603834581349) (0.525989780920483 0.00277792237183235 -0.0486801289224667 -0.224509786998955 -0.000434792722901448 -0.30148470734057) (0.595082792256242 -0.0845965122716096 -0.0847517368806291 -0.29744877189187 -0.0329093784684383 -0.297611346880796) (0.525736877547276 -0.047750041352981 0.00458021952139959 -0.301628300764899 -0.000971044736650152 -0.22412273803205) (0.195069691519106 0.0164612016458448 0.016287271307636 -0.0980072953385914 0.00713696005536519 -0.0970522363257568)
38                     (0.131548830165856 -0.0185400405769502 -0.0186295304796625 -0.0657734568893702 -0.000578625462185283 -0.0663600268735661) (0.525989780920483 0.00277795307354196 -0.0486776699172713 -0.224509744507266 -0.000434799712193248 -0.301484749736176) (0.595082792256242 -0.0845966197742091 -0.0847518446734654 -0.297448771886342 -0.0329093832321046 -0.297611346864425) (0.525736877547276 -0.0477475813669574 0.00458027689370131 -0.301628338670992 -0.000971050778996289 -0.22412269983527) (0.195069691519106 0.0164781114762499 0.0163037796043581 -0.0980072296350693 0.00713128462063331 -0.0970523047127893)
39                     (0.131548830165856 -0.0185210112042693 -0.0186096825306788 -0.0657736122255613 -0.000580360668557948 -0.0663597272413775) (0.525989780920483 0.00277797707960371 -0.0486757471894709 -0.224509711282468 -0.000434805177210432 -0.301484782885846) (0.595082792256242 -0.0845967028880064 -0.0847519280116544 -0.297448771882067 -0.0329093869150518 -0.297611346851768) (0.525736877547276 -0.0477456573711566 0.00458032176552843 -0.301628368317976 -0.00097105550481525 -0.224122669960936) (0.195069691519106 0.0164922604398711 0.0163175925926715 -0.0980071746589565 0.00712653581371852 -0.0970523619342759)
40                     (0.131548830165856 -0.0185050610571926 -0.0185930462646931 -0.0657737424261274 -0.000581815093636307 -0.0663594760939773) (0.525989780920483 0.00277799587552904 -0.0486742417593613 -0.224509685268587 -0.000434809456131982 -0.301484808840903) (0.595082792256242 -0.0845967676364135 -0.08475199293487 -0.297448771878738 -0.0329093897841899 -0.297611346841908) (0.525736877547276 -0.0477441506209976 0.00458035690626659 -0.301628391535592 -0.000971059205773677 -0.224122646565273) (0.195069691519106 0.0165040801857793 0.016329131671891 -0.098007128733071 0.00712256876054045 -0.0970524097358995)
41                     (0.131548830165856 -0.0184917215190864 -0.0185791329068416 -0.0657738513163717 -0.000583031468548839 -0.0663592660526341) (0.525989780920483 0.00277801061206228 -0.0486730614598839 -0.224509664872974 -0.000434812810926626 -0.301484829190397) (0.595082792256242 -0.0845968184489264 -0.0847520438845672 -0.297448771876125 -0.0329093920357992 -0.29761134683417) (0.525736877547276 -0.047742969085678 0.00458038446227715 -0.301628409741951 -0.000971062107922431 -0.224122628219297) (0.195069691519106 0.0165139394604835 0.0163387568324267 -0.0980070904246399 0.00711925969896225 -0.097052449608951)
42                     (0.131548830165856 -0.0184805875501424 -0.0185675199939363 -0.0657739422026219 -0.0005840467271277 -0.066359090739683) (0.525989780920483 0.00277802218167821 -0.0486721348096732 -0.224509648860429 -0.000434815444767632 -0.301484845166735) (0.595082792256242 -0.0845968586034377 -0.0847520841474881 -0.297448771874059 -0.03290939381513 -0.297611346828055) (0.525736877547276 -0.0477420413543046 0.0045804060990197 -0.301628424037427 -0.000971064386664679 -0.224122613814194) (0.195069691519106 0.0165221521609386 0.0163467745175693 -0.0980070585140096 0.00711650327596517 -0.0970524828228981)
43                     (0.131548830165856 -0.0184713179639444 -0.0185578516629281 -0.0657740178699725 -0.00058489198068978 -0.06635894478288) (0.525989780920483 0.0027780312773863 -0.0486714063032238 -0.224509636271814 -0.000434817515419684 -0.301484857726884) (0.595082792256242 -0.0845968905422912 -0.0847521161725705 -0.297448771872417 -0.0329093952304078 -0.297611346823192) (0.525736877547276 -0.0477413119494242 0.00458042311035085 -0.301628435276877 -0.000971066178267037 -0.224122602488553) (0.195069691519106 0.0165289847115518 0.0163534448253245 -0.0980070319659823 0.00711421007170894 -0.0970525104552191)
44                     (0.131548830165856 -0.018463608290026 -0.018549810346108 -0.0657740808038065 -0.000585594992582961 -0.0663588233881022) (0.525989780920483 0.00277803843797612 -0.048670832787032 -0.224509626361436 -0.000434819145539061 -0.301484867614853) (0.595082792256242 -0.084596916098624 -0.0847521417979007 -0.297448771871103 -0.0329093963628627 -0.2976113468193) (0.525736877547276 -0.0477407377193168 0.00458043650266392 -0.301628444125228 -0.000971067588721014 -0.224122593572348) (0.195069691519106 0.0165346626116596 0.0163589879004171 -0.0980070099043752 0.00711230440200651 -0.0970525334178822)
45                     (0.131548830165856 -0.0184571897173064 -0.0185431156690936 -0.0657741331984206 -0.000586180274529622 -0.0663587223227111) (0.525989780920483 0.00277804408286422 -0.0486703806685886 -0.224509618548815 -0.00043482043060659 -0.301484875409808) (0.595082792256242 -0.0845969366589247 -0.0847521624137103 -0.297448771870045 -0.0329093972739328 -0.297611346816169) (0.525736877547276 -0.0477402850579582 0.00458044705972554 -0.301628451100318 -0.000971068700571482 -0.224122586543769) (0.195069691519106 0.0165393761085117 0.0163635894725658 -0.0980069915899783 0.00711072241430459 -0.0970525524802888)
46                     (0.131548830165856 -0.018451855970922 -0.0185375524838061 -0.0657741767376303 -0.000586666635844394 -0.0663586383387496) (0.525989780920483 0.00277804853895963 -0.0486700237646274 -0.224509612381503 -0.00043482144504362 -0.301484881563175) (0.595082792256242 -0.0845969532801878 -0.0847521790798477 -0.297448771869191 -0.032909398010456 -0.297611346813638) (0.525736877547276 -0.0477399277606776 0.00458045539268646 -0.301628456605936 -0.000971069578183722 -0.22412258099593) (0.195069691519106 0.0165432852978716 0.016367405835968 -0.0980069764007361 0.00710941037577226 -0.0970525682899009)
47                     (0.131548830165856 -0.0184474291608012 -0.0185329352479722 -0.0657742128735468 -0.000587070297555214 -0.066358568635201) (0.525989780920483 0.00277805206139793 -0.0486697416404659 -0.224509607506388 -0.000434822246932162 -0.301484886427266) (0.595082792256242 -0.0845969667746936 -0.0847521926107861 -0.297448771868497 -0.0329093986084259 -0.297611346811583) (0.525736877547276 -0.0477396453684473 0.00458046197869633 -0.301628460957337 -0.000971070271810265 -0.224122576611159) (0.195069691519106 0.016546524595466 0.0163705682145714 -0.0980069638143733 0.00710832317255178 -0.097052581390325)
48                     (0.131548830165856 -0.0184437605347331 -0.0185291088105871 -0.06577424282043 -0.00058740482373425 -0.0663585108698465) (0.525989780920483 0.00277805484956045 -0.048669518326969 -0.224509603647524 -0.000434822881661684 -0.301484890277404) (0.595082792256242 -0.0845969777716517 -0.084752203637434 -0.297448771867931 -0.0329093990957242 -0.297611346809908) (0.525736877547276 -0.047739421887993 0.00458046719075361 -0.301628464400963 -0.000971070820734628 -0.224122573141126) (0.195069691519106 0.0165492066302264 0.0163731865628684 -0.0980069533932676 0.00710742300307246 -0.097052592237057)
49                     (0.131548830165856 -0.0184407240348432 -0.0185259416912126 -0.0657742676072863 -0.000587681709055054 -0.0663584630578076) (0.525989780920483 0.0027780570594646 -0.0486693413281688 -0.224509600588979 -0.000434823384749788 -0.301484893329033) (0.595082792256242 -0.0845969867622643 -0.0847522126523195 -0.297448771867469 -0.0329093994941172 -0.297611346808539) (0.525736877547276 -0.0477392448012211 0.00458047132080785 -0.301628467129705 -0.000971071255704404 -0.224122570391458) (0.195069691519106 0.0165514256105443 0.0163753528522179 -0.0980069447713702 0.00710667824823673 -0.0970526012110961)
50                     (0.131548830165856 -0.0184382135499117 -0.0185233232140993 -0.0657742881002985 -0.000587910629341852 -0.0663584235282809) (0.525989780920483 0.00277805881335817 -0.0486692008528187 -0.22450959816156 -0.00043482378402638 -0.301484895750963) (0.595082792256242 -0.0845969941328667 -0.0847522200428212 -0.29744877186709 -0.0329093998207241 -0.297611346807417) (0.525736877547276 -0.0477391042976376 0.00458047459766142 -0.301628469294735 -0.000971071600816644 -0.224122568209826) (0.195069691519106 0.0165532602132688 0.0163771438912418 -0.0980069376429805 0.00710606250178791 -0.0970526086306285)
51                     (0.131548830165856 -0.0184361399833819 -0.0185211604500719 -0.0657743050267591 -0.000588099708925136 -0.0663583908783724) (0.525989780920483 0.00277806020715738 -0.0486690892186606 -0.224509596232518 -0.000434824101326932 -0.301484897675643) (0.595082792256242 -0.0845970001894623 -0.0847522261157684 -0.297448771866778 -0.0329094000891046 -0.297611346806494) (0.525736877547276 -0.0477389926788675 0.00458047720085741 -0.301628471014676 -0.000971071874980496 -0.224122566476695) (0.195069691519106 0.0165547760502574 0.0163786237338062 -0.0980069317531622 0.00710555374246351 -0.0970526147610031)
52                     (0.131548830165856 -0.0184344287774231 -0.0185193756340855 -0.0657743189952814 -0.000588255746411734 -0.0663583639341113) (0.525989780920483 0.00277806131622001 -0.0486690003900312 -0.224509594697557 -0.000434824353806761 -0.301484899207134) (0.595082792256242 -0.0845970051760161 -0.084752231115785 -0.297448771866522 -0.0329094003100693 -0.297611346805735) (0.525736877547276 -0.0477389038961548 0.00458047927146616 -0.301628472382735 -0.000971072093053231 -0.224122565098145) (0.195069691519106 0.0165560277658855 0.0163798457267243 -0.0980069268895933 0.00710513363000937 -0.0970526198232134)
53                     (0.131548830165856 -0.0184330176965162 -0.0185179038534692 -0.065774330513892 -0.00058838441679005 -0.0663583417155512) (0.525989780920483 0.00277806219983187 -0.0486689296185278 -0.224509593474623 -0.00043482455496237 -0.301484900427302) (0.595082792256242 -0.0845970092881994 -0.0847522352390704 -0.29744877186631 -0.0329094004922887 -0.297611346805109) (0.525736877547276 -0.0477388331907331 0.00458048092047259 -0.301628473472239 -0.00097107226672358 -0.224122564000286) (0.195069691519106 0.0165570608150027 0.0163808542454939 -0.098006922875658 0.00710478690844572 -0.0970526240010887)
54                     (0.131548830165856 -0.0184318549050143 -0.0185166910427899 -0.0657743400057237 -0.000588490446729031 -0.0663583234064998) (0.525989780920483 0.00277806290469757 -0.0486688731634167 -0.224509592499077 -0.00043482471542614 -0.301484901400642) (0.595082792256242 -0.0845970126837981 -0.0847522386438365 -0.297448771866136 -0.0329094006427549 -0.297611346804592) (0.525736877547276 -0.0477387768138601 0.00458048223530566 -0.301628474340955 -0.0009710724051994 -0.224122563124909) (0.195069691519106 0.016557912965826 0.016381686161504 -0.098006919564607 0.00710450090165184 -0.097052627447372)
55                     (0.131548830165856 -0.0184308973083386 -0.0185156922536924 -0.0657743478225562 -0.000588577765837336 -0.0663583083283996) (0.525989780920483 0.00277806346766014 -0.0486688280738146 -0.224509591719927 -0.000434824843585441 -0.30148490217803) (0.595082792256242 -0.0845970154906602 -0.0847522414582767 -0.297448771865991 -0.0329094007671328 -0.297611346804164) (0.525736877547276 -0.0477387318086122 0.00458048328492734 -0.301628475034444 -0.00097107251574364 -0.224122562426102) (0.195069691519106 0.0165586155671748 0.0163823720791783 -0.0980069168346339 0.00710426508804506 -0.0970526302888447)
56                     (0.131548830165856 -0.0184301091361154 -0.0185148701770881 -0.0657743542563821 -0.000588649635860973 -0.0663582959180184) (0.525989780920483 0.00277806391782236 -0.0486687920187791 -0.224509591096895 -0.000434824946065568 -0.301484902799654) (0.595082792256242 -0.0845970178128136 -0.0847522437866994 -0.297448771865872 -0.0329094008700323 -0.297611346803811) (0.525736877547276 -0.0477386958396113 0.0045804841238038 -0.301628475588692 -0.000971072604092578 -0.224122561867602) (0.195069691519106 0.0165591946145848 0.0163829373767733 -0.0980069145847323 0.00710407074276167 -0.0970526326306384)
57                     (0.131548830165856 -0.0184294607387275 -0.018514193887938 -0.0657743595492303 -0.000588708760420595 -0.0663582857085001) (0.525989780920483 0.00277806427820371 -0.0486687631546008 -0.224509590598121 -0.000434825028106942 -0.3014849032973) (0.595082792256242 -0.0845970197352145 -0.0847522457142905 -0.297448771865773 -0.032909400955218 -0.297611346803518) (0.525736877547276 -0.0477386670599923 0.00458048479500802 -0.301628476032159 -0.000971072674782582 -0.224122561420735) (0.195069691519106 0.0165596716453511 0.0163834030801688 -0.0980069127312186 0.00710391063725413 -0.0970526345598546)
58                     (0.131548830165856 -0.018428927570252 -0.0185136377844406 -0.0657743639014684 -0.00058875737775296 -0.0663582773133502) (0.525989780920483 0.00277806456703619 -0.0486687400210167 -0.224509590198372 -0.000434825093860105 -0.301484903696145) (0.595082792256242 -0.0845970213274621 -0.0847522473108368 -0.297448771865691 -0.0329094010257738 -0.297611346803275) (0.525736877547276 -0.0477386440073389 0.00458048533264675 -0.301628476387379 -0.000971072731405713 -0.224122561062791) (0.195069691519106 0.0165600644885242 0.0163837865950539 -0.0980069112048177 0.00710377878757055 -0.0970526361485978)
59                     (0.131548830165856 -0.0184284893322195 -0.0185131806949581 -0.0657743674787921 -0.000588797338787907 -0.0663582704129535) (0.525989780920483 0.00277806479877904 -0.0486687214599372 -0.224509589877636 -0.000434825146616724 -0.301484904016156) (0.595082792256242 -0.0845970226467267 -0.0847522486336632 -0.297448771865623 -0.0329094010842332 -0.297611346803074) (0.525736877547276 -0.0477386255221798 0.00458048576376145 -0.301628476672218 -0.000971072776809926 -0.224122560775767) (0.195069691519106 0.0165603878922537 0.0163841023193753 -0.0980069099482254 0.00710367024379954 -0.0970526374565128)
60                     (0.131548830165856 -0.0184281292550906 -0.0185128051285847 -0.0657743704180908 -0.000588830172667364 -0.0663582647432606) (0.525989780920483 0.00277806498491441 -0.0486687065517179 -0.224509589620021 -0.000434825188990727 -0.301484904273188) (0.595082792256242 -0.0845970237400743 -0.0847522497299626 -0.297448771865567 -0.0329094011326817 -0.297611346802908) (0.525736877547276 -0.0477386106840698 0.00458048610981891 -0.30162847690086 -0.000971072813256067 -0.224122560545372) (0.195069691519106 0.0165606540476932 0.0163843621548002 -0.0980069089140725 0.00710358091423271 -0.0970526385329033)
61                     (0.131548830165856 -0.0184278334969357 -0.0185124966479602 -0.0657743728323556 -0.00058885714157715 -0.0663582600863198) (0.525989780920483 0.00277806513457205 -0.0486686945651239 -0.224509589412892 -0.000434825223060522 -0.301484904479848) (0.595082792256242 -0.0845970246463246 -0.0847522506386596 -0.29744877186552 -0.0329094011728396 -0.29761134680277) (0.525736877547276 -0.0477385987614031 0.00458048638788181 -0.301628477084577 -0.000971072842541143 -0.224122560360246) (0.195069691519106 0.0165608730258672 0.0163845759332111 -0.0980069080632279 0.007103507418739 -0.0970526394184987)
62                     (0.131548830165856 -0.0184275906413994 -0.0185122433456377 -0.065774374814778 -0.000588879286525452 -0.0663582562623715) (0.525989780920483 0.00277806525502054 -0.0486686849179913 -0.22450958924619 -0.000434825250480808 -0.301484904646174) (0.595082792256242 -0.0845970253975443 -0.0847522513919075 -0.297448771865482 -0.0329094012061277 -0.297611346802656) (0.525736877547276 -0.0477385891719542 0.00458048661152891 -0.301628477232342 -0.000971072866095248 -0.224122560211349) (0.195069691519106 0.016561053141465 0.01638475177186 -0.0980069073633847 0.00710344696666497 -0.0970526401469254)
63                     (0.131548830165856 -0.0184273912793094 -0.0185120354076957 -0.0657743764421647 -0.000588897465494085 -0.0663582531232613) (0.525989780920483 0.00277806535205388 -0.0486686771462585 -0.224509589111894 -0.000434825272570598 -0.301484904780166) (0.595082792256242 -0.0845970260202546 -0.084752252016299 -0.29744877186545 -0.0329094012337213 -0.297611346802561) (0.525736877547276 -0.0477385814518156 0.00458048679157958 -0.301628477351302 -0.000971072885057856 -0.224122560091476) (0.195069691519106 0.0165612012554074 0.0163848963687513 -0.0980069067878847 0.00710339725528451 -0.0970526407459304)
64                     (0.131548830165856 -0.0184272276608475 -0.0185118647509464 -0.0657743777777772 -0.000588912385155517 -0.066358250546962) (0.525989780920483 0.00277806543029631 -0.0486686708795541 -0.224509589003605 -0.000434825290382608 -0.30148490488821) (0.595082792256242 -0.0845970265364115 -0.0847522525338495 -0.297448771865423 -0.0329094012565933 -0.297611346802482) (0.525736877547276 -0.0477385752309138 0.00458048693666473 -0.30162847744716 -0.00097107290033796 -0.224122559994883) (0.195069691519106 0.0165613230261899 0.0163850152480163 -0.0980069063147417 0.00710335638544065 -0.0970526412383979)
65                     (0.131548830165856 -0.0184270934065835 -0.0185117247215388 -0.0657743788736907 -0.000588924627222475 -0.0663582484330248) (0.525989780920483 0.0027780654934429 -0.0486686658219269 -0.224509588916209 -0.000434825304758028 -0.301484904975408) (0.595082792256242 -0.0845970269642054 -0.0847522529627983 -0.297448771865401 -0.0329094012755498 -0.297611346802417) (0.525736877547276 -0.0477385702136848 0.00458048705367758 -0.301628477524471 -0.00097107291266154 -0.224122559916979) (0.195069691519106 0.0165614231184662 0.0163851129635438 -0.0980069059258309 0.00710332279153889 -0.0970526416431928)
66                     (0.131548830165856 -0.0184269832679064 -0.0185116098450855 -0.0657743797727494 -0.000588934670293126 -0.0663582466988062) (0.525989780920483 0.00277806554444973 -0.0486686617366148 -0.224509588845615 -0.000434825316369813 -0.301484905045843) (0.595082792256242 -0.0845970273187159 -0.0847522533182659 -0.297448771865383 -0.0329094012912589 -0.297611346802363) (0.525736877547276 -0.0477385661638033 0.00458048714812976 -0.301628477586876 -0.00097107292260907 -0.224122559854096) (0.195069691519106 0.0165615053759718 0.0163851932677974 -0.0980069056062175 0.00710329518350894 -0.0970526419758601)
67                     (0.131548830165856 -0.018426892928618 -0.0185115156197204 -0.0657743805101862 -0.000588942907942975 -0.0663582452763442) (0.525989780920483 0.00277806558568438 -0.048668658433991 -0.224509588788545 -0.000434825325756943 -0.301484905102783) (0.595082792256242 -0.0845970276124486 -0.0847522536127916 -0.297448771865368 -0.0329094013042748 -0.297611346802318) (0.525736877547276 -0.0477385628920985 0.00458048722443313 -0.30162847763729 -0.000971072930645202 -0.224122559803295) (0.195069691519106 0.0165615729647571 0.0163852592516481 -0.0980069053435998 0.00710327249873147 -0.0970526422492038)
68                     (0.131548830165856 -0.0184268188408071 -0.0185114383449139 -0.0657743811149628 -0.000588949663690723 -0.0663582441097744) (0.525989780920483 0.00277806561904516 -0.0486686557620113 -0.224509588742373 -0.000434825333351577 -0.301484905148851) (0.595082792256242 -0.0845970278557778 -0.0847522538567778 -0.297448771865355 -0.0329094013150572 -0.297611346802281) (0.525736877547276 -0.047738560246981 0.00458048728612311 -0.301628477678048 -0.000971072937142278 -0.224122559762224) (0.195069691519106 0.0165616284917316 0.0163853134601025 -0.0980069051278485 0.00710325386225128 -0.097052642473767)
69                     (0.131548830165856 -0.0184267580892048 -0.0185113749799926 -0.0657743816108763 -0.00058895520336716 -0.0663582431531934) (0.525989780920483 0.00277806564605584 -0.0486686535986333 -0.22450958870499 -0.000434825339500601 -0.30148490518615) (0.595082792256242 -0.0845970280573113 -0.0847522540588554 -0.297448771865345 -0.0329094013239876 -0.29761134680225) (0.525736877547276 -0.0477385581068487 0.00458048733603572 -0.301628477711026 -0.000971072942398983 -0.224122559728994) (0.195069691519106 0.0165616741027016 0.0163853579880137 -0.0980069049506261 0.00710323855387282 -0.0970526426582277)
70                     (0.131548830165856 -0.0184267082792191 -0.0185113230273575 -0.0657743820174737 -0.000588959745324798 -0.0663582423688967) (0.525989780920483 0.00277806566794077 -0.0486686518457943 -0.224509588674701 -0.000434825344482739 -0.30148490521637) (0.595082792256242 -0.0845970282241916 -0.0847522542261862 -0.297448771865336 -0.0329094013313824 -0.297611346802225) (0.525736877547276 -0.0477385563740535 0.00458048737644832 -0.301628477737727 -0.000971072946655165 -0.224122559702088) (0.195069691519106 0.0165617115633902 0.0163853945591766 -0.0980069048050717 0.00710322598096771 -0.0970526428097268)
71                     (0.131548830165856 -0.0184266674445468 -0.018511280436122 -0.0657743823508059 -0.000588963468862339 -0.0663582417259232) (0.525989780920483 0.00277806568568474 -0.0486686504246189 -0.224509588650143 -0.000434825348522181 -0.301484905240873) (0.595082792256242 -0.0845970283623455 -0.0847522543647131 -0.297448771865329 -0.0329094013375043 -0.297611346802204) (0.525736877547276 -0.0477385549701058 0.00458048740919148 -0.30162847775936 -0.000971072950103614 -0.224122559680289) (0.195069691519106 0.0165617423263543 0.0163854245916564 -0.0980069046855415 0.00710321565601526 -0.097052642934139)
72                     (0.131548830165856 -0.0184266339710241 -0.0185112455226867 -0.0657743826240492 -0.000588966521168424 -0.0663582411988567) (0.525989780920483 0.00277806570008062 -0.0486686492716033 -0.224509588630219 -0.000434825351799426 -0.301484905260752) (0.595082792256242 -0.0845970284766907 -0.084752254479367 -0.297448771865323 -0.0329094013425711 -0.297611346802187) (0.525736877547276 -0.0477385538318539 0.00458048743573802 -0.3016284777769 -0.000971072952899448 -0.224122559662615) (0.195069691519106 0.0165617675862193 0.0163854492517113 -0.0980069045873938 0.00710320717806418 -0.0970526430362953)
73                     (0.131548830165856 -0.018426606533896 -0.0185112169053105 -0.0657743828480177 -0.000588969023041725 -0.0663582407668379) (0.525989780920483 0.00277806571176737 -0.0486686483355713 -0.224509588614044 -0.000434825354459933 -0.30148490527689) (0.595082792256242 -0.0845970285713074 -0.0847522545742391 -0.297448771865319 -0.0329094013467638 -0.297611346802172) (0.525736877547276 -0.04773855290844 0.00458048745727407 -0.301628477791129 -0.000971072955167586 -0.224122559648277) (0.195069691519106 0.0165617883252476 0.0163854694982793 -0.0980069045068118 0.0071032002174384 -0.0970526431201685)
74                     (0.131548830165856 -0.0184265840461722 -0.0185111934502443 -0.0657743830315843 -0.000588971073600213 -0.0663582404127513) (0.525989780920483 0.00277806572126039 -0.0486686475752434 -0.224509588600906 -0.000434825356621032 -0.301484905289999) (0.595082792256242 -0.0845970286495803 -0.0847522546527233 -0.297448771865315 -0.0329094013502323 -0.29761134680216) (0.525736877547276 -0.0477385521588699 0.0045804874747557 -0.301628477802679 -0.000971072957008719 -0.224122559636638) (0.195069691519106 0.0165618053509135 0.016385486119661 -0.0980069044406582 0.00710319450312588 -0.097052643189024)
75                     (0.131548830165856 -0.0184265656161496 -0.0185111742274273 -0.065774383182028 -0.000588972754154438 -0.0663582401225563) (0.525989780920483 0.00277806572897575 -0.0486686469572937 -0.224509588590228 -0.000434825358377446 -0.301484905300653) (0.595082792256242 -0.0845970287143165 -0.0847522547176344 -0.297448771865311 -0.0329094013531009 -0.29761134680215) (0.525736877547276 -0.0477385515500714 0.00458048748895423 -0.30162847781206 -0.000971072958504081 -0.224122559627185) (0.195069691519106 0.0165618193268725 0.0163854997637528 -0.0980069043863543 0.00710318981238438 -0.0970526432455458)
76                     (0.131548830165856 -0.0184265505124012 -0.0185111584739691 -0.0657743833053194 -0.000588974131400076 -0.0663582398847361) (0.525989780920483 0.00277806573524965 -0.0486686464547956 -0.224509588581544 -0.000434825359805709 -0.301484905309316) (0.595082792256242 -0.084597028767844 -0.0847522547713064 -0.297448771865308 -0.0329094013554728 -0.297611346802142) (0.525736877547276 -0.0477385510553415 0.00458048750049242 -0.301628477819683 -0.000971072959719263 -0.224122559619503) (0.195069691519106 0.0165618307984778 0.0163855109629582 -0.0980069043417811 0.00710318596217739 -0.0970526432919395)
77                     (0.131548830165856 -0.0184265381351322 -0.0185111455642738 -0.0657743834063547 -0.000588975260029821 -0.0663582396898464) (0.525989780920483 0.00277806574035395 -0.0486686460459746 -0.22450958857448 -0.000434825360967711 -0.301484905316365) (0.595082792256242 -0.0845970288120927 -0.0847522548156745 -0.297448771865306 -0.0329094013574335 -0.297611346802136) (0.525736877547276 -0.047738550653102 0.00458048750987353 -0.301628477825881 -0.000971072960707265 -0.224122559613257) (0.195069691519106 0.0165618402137914 0.0163855201546997 -0.0980069043051977 0.00710318280212218 -0.097052643330017)
78                     (0.131548830165856 -0.0184265279925286 -0.0185111349853713 -0.0657743834891485 -0.000588976184890068 -0.0663582395301433) (0.525989780920483 0.00277806574450866 -0.0486686457132096 -0.22450958856873 -0.000434825361913537 -0.301484905322102) (0.595082792256242 -0.0845970288486621 -0.0847522548523427 -0.297448771865304 -0.032909401359054 -0.29761134680213) (0.525736877547276 -0.0477385503259031 0.00458048751750453 -0.301628477830923 -0.000971072961510948 -0.224122559608177) (0.195069691519106 0.0165618479408845 0.0163855276983085 -0.0980069042751739 0.00710318020868325 -0.0970526433612671)
79                     (0.131548830165856 -0.0184265196813708 -0.0185111263166969 -0.0657743835569922 -0.000588976942748679 -0.0663582393992777) (0.525989780920483 0.00277806574789195 -0.0486686454422299 -0.224509588564047 -0.000434825362683749 -0.301484905326774) (0.595082792256242 -0.0845970288788777 -0.0847522548826399 -0.297448771865303 -0.0329094013603929 -0.297611346802125) (0.525736877547276 -0.047738550059623 0.00458048752371477 -0.301628477835026 -0.000971072962164999 -0.224122559604042) (0.195069691519106 0.0165618542820746 0.0163855338889235 -0.0980069042505351 0.00710317808039396 -0.0970526433869122)
80                     (0.131548830165856 -0.0184265128711147 -0.0185111192134876 -0.0657743836125841 -0.000588977563746545 -0.0663582392920449) (0.525989780920483 0.00277806575064823 -0.0486686452214703 -0.224509588560233 -0.00043482536331122 -0.30148490533058) (0.595082792256242 -0.0845970289038376 -0.0847522549076671 -0.297448771865301 -0.0329094013614989 -0.297611346802122) (0.525736877547276 -0.0477385498428251 0.00458048752877098 -0.301628477838367 -0.000971072962697509 -0.224122559600676) (0.195069691519106 0.0165618594856398 0.016385538968927 -0.0980069042303165 0.00710317633392495 -0.0970526434079566)
81                     (0.131548830165856 -0.0184265072908049 -0.0185111133931327 -0.065774383658136 -0.000588978072590912 -0.0663582392041786) (0.525989780920483 0.00277806575289459 -0.0486686450415516 -0.224509588557124 -0.000434825363822607 -0.301484905333682) (0.595082792256242 -0.0845970289244512 -0.0847522549283364 -0.2974487718653 -0.0329094013624124 -0.297611346802118) (0.525736877547276 -0.0477385496662414 0.0045804875328893 -0.301628477841088 -0.000971072963131243 -0.224122559597934) (0.195069691519106 0.0165618637554546 0.0163855431373526 -0.0980069042137261 0.00710317490084997 -0.0970526434252247)
82                     (0.131548830165856 -0.0184265027183686 -0.0185111086240062 -0.0657743836954607 -0.000588978489531653 -0.0663582391321821) (0.525989780920483 0.00277806575472606 -0.0486686448948628 -0.224509588554589 -0.000434825364239545 -0.301484905336211) (0.595082792256242 -0.0845970289414713 -0.0847522549454025 -0.2974487718653 -0.0329094013631666 -0.297611346802116) (0.525736877547276 -0.0477385495223559 0.00458048753624503 -0.301628477843305 -0.000971072963484662 -0.2241225595957) (0.195069691519106 0.0165618672589116 0.0163855465576179 -0.0980069042001133 0.00710317372498712 -0.0970526434393934)
83                     (0.131548830165856 -0.0184264989718012 -0.0185111047162748 -0.0657743837260438 -0.000588978831164962 -0.0663582390731895) (0.525989780920483 0.0027780657562198 -0.0486686447752237 -0.224509588552521 -0.000434825364579598 -0.301484905338274) (0.595082792256242 -0.0845970289555215 -0.0847522549594906 -0.297448771865299 -0.0329094013637892 -0.297611346802114) (0.525736877547276 -0.0477385494050706 0.00458048753898038 -0.301628477845112 -0.000971072963772744 -0.224122559593879) (0.195069691519106 0.0165618701334366 0.0163855493638857 -0.0980069041889443 0.00710317276021226 -0.0970526434510186)
84                     (0.131548830165856 -0.0184264959019476 -0.0185111015143669 -0.0657743837511029 -0.000588979111091665 -0.0663582390248523) (0.525989780920483 0.00277806575743851 -0.0486686446776136 -0.224509588550835 -0.000434825364857037 -0.301484905339956) (0.595082792256242 -0.0845970289671173 -0.0847522549711177 -0.297448771865298 -0.032909401364303 -0.297611346802112) (0.525736877547276 -0.0477385493094345 0.00458048754121082 -0.301628477846586 -0.000971072964007651 -0.224122559592394) (0.195069691519106 0.0165618724918429 0.0163855516662903 -0.0980069041797806 0.00710317196866197 -0.0970526434605565)
85                     (0.131548830165856 -0.0184264933865794 -0.0185110988907965 -0.0657743837716358 -0.000588979340457234 -0.0663582389852459) (0.525989780920483 0.00277806575843313 -0.0486686445979512 -0.224509588549458 -0.000434825365083464 -0.30148490534133) (0.595082792256242 -0.0845970289766855 -0.0847522549807117 -0.297448771865298 -0.032909401364727 -0.29761134680211) (0.525736877547276 -0.0477385492314255 0.00458048754303017 -0.301628477847788 -0.000971072964199261 -0.224122559591183) (0.195069691519106 0.0165618744267314 0.0163855535552338 -0.0980069041722626 0.00710317131925668 -0.0970526434683816)
86                     (0.131548830165856 -0.0184264913255577 -0.018511096741117 -0.0657743837884598 -0.000588979528392906 -0.0663582389527935) (0.525989780920483 0.00277806575924511 -0.0486686445329169 -0.224509588548334 -0.000434825365268312 -0.301484905342451) (0.595082792256242 -0.084597028984579 -0.0847522549886265 -0.297448771865297 -0.0329094013650768 -0.297611346802109) (0.525736877547276 -0.0477385491677747 0.00458048754451464 -0.301628477848769 -0.000971072964355603 -0.224122559590194) (0.195069691519106 0.016561876014106 0.0163855551049152 -0.0980069041660948 0.00710317078648724 -0.0970526434748013)
87                     (0.131548830165856 -0.0184264896367784 -0.0185110949796923 -0.0657743838022453 -0.000588979682385408 -0.0663582389262024) (0.525989780920483 0.00277806575990817 -0.0486686444798097 -0.224509588547417 -0.000434825365419261 -0.301484905343367) (0.595082792256242 -0.0845970289910896 -0.0847522549951547 -0.297448771865297 -0.0329094013653652 -0.297611346802108) (0.525736877547276 -0.047738549115824 0.00458048754572625 -0.301628477849569 -0.000971072964483207 -0.224122559589388) (0.195069691519106 0.0165618773163442 0.0163855563762311 -0.0980069041610349 0.00710317034941792 -0.0970526434800678)
88                     (0.131548830165856 -0.0184264882530043 -0.0185110935363932 -0.065774383813541 -0.00058897980856579 -0.0663582389044138) (0.525989780920483 0.00277806576044978 -0.0486686444364307 -0.224509588546667 -0.000434825365542558 -0.301484905344115) (0.595082792256242 -0.0845970289964586 -0.0847522550005381 -0.297448771865297 -0.0329094013656032 -0.297611346802107) (0.525736877547276 -0.047738549073411 0.00458048754671541 -0.301628477850223 -0.000971072964587384 -0.224122559588729) (0.195069691519106 0.0165618783846365 0.0163855574191561 -0.0980069041568841 0.00710316999086773 -0.0970526434843883)
89                     (0.131548830165856 -0.018426487119139 -0.018511092353753 -0.0657743838227967 -0.000588979911958079 -0.0663582388865602) (0.525989780920483 0.00277806576089228 -0.0486686444009889 -0.224509588546055 -0.000434825365643295 -0.301484905344726) (0.595082792256242 -0.0845970290008852 -0.0847522550049767 -0.297448771865297 -0.0329094013657993 -0.297611346802107) (0.525736877547276 -0.0477385490387754 0.00458048754752319 -0.301628477850757 -0.000971072964672458 -0.224122559588191) (0.195069691519106 0.0165618792609903 0.0163855582747004 -0.098006904153479 0.00710316969673769 -0.0970526434879324)
90                     (0.131548830165856 -0.0184264861900385 -0.0185110913846859 -0.0657743838303809 -0.000588979996678744 -0.0663582388719308) (0.525989780920483 0.0027780657612539 -0.0486686443720256 -0.224509588545554 -0.000434825365725618 -0.301484905345225) (0.595082792256242 -0.0845970290045342 -0.0847522550086356 -0.297448771865296 -0.032909401365961 -0.297611346802106) (0.525736877547276 -0.047738549010484 0.00458048754818301 -0.301628477851192 -0.000971072964741949 -0.224122559587752) (0.195069691519106 0.0165618799798758 0.0163855589765155 -0.0980069041506857 0.00710316945545866 -0.0970526434908398)
91                     (0.131548830165856 -0.0184264854287186 -0.0185110905906166 -0.0657743838365955 -0.000588980066100223 -0.0663582388599432) (0.525989780920483 0.00277806576154949 -0.0486686443483511 -0.224509588545145 -0.000434825365792909 -0.301484905345633) (0.595082792256242 -0.0845970290075417 -0.0847522550116512 -0.297448771865296 -0.0329094013660943 -0.297611346802106) (0.525736877547276 -0.0477385489873694 0.00458048754872209 -0.301628477851549 -0.000971072964798724 -0.224122559587393) (0.195069691519106 0.0165618805695763 0.0163855595522133 -0.0980069041483944 0.00710316925753788 -0.0970526434932246)
92                     (0.131548830165856 -0.0184264848048649 -0.018511089939927 -0.065774383841688 -0.000588980122986747 -0.0663582388501201) (0.525989780920483 0.00277806576179115 -0.0486686443289956 -0.224509588544811 -0.000434825365847923 -0.301484905345967) (0.595082792256242 -0.08459702901002 -0.0847522550141362 -0.297448771865296 -0.0329094013662041 -0.297611346802105) (0.525736877547276 -0.04773854896848 0.00458048754916264 -0.30162847785184 -0.000971072964845121 -0.2241225595871) (0.195069691519106 0.0165618810532985 0.0163855600244492 -0.0980069041465149 0.00710316909518652 -0.0970526434951809)
93                     (0.131548830165856 -0.0184264842936491 -0.0185110894067205 -0.0657743838458611 -0.000588980169602308 -0.0663582388420706) (0.525989780920483 0.00277806576198876 -0.0486686443131683 -0.224509588544537 -0.000434825365892909 -0.30148490534624) (0.595082792256242 -0.084597029012062 -0.0847522550161837 -0.297448771865296 -0.0329094013662946 -0.297611346802105) (0.525736877547276 -0.0477385489530403 0.00458048754952272 -0.301628477852078 -0.000971072964883045 -0.22412255958686) (0.195069691519106 0.0165618814500823 0.0163855604118111 -0.0980069041449732 0.00710316896201427 -0.0970526434967856)
94                     (0.131548830165856 -0.0184264838747271 -0.0185110889697779 -0.0657743838492807 -0.000588980207802 -0.0663582388354744) (0.525989780920483 0.00277806576215038 -0.0486686443002236 -0.224509588544313 -0.000434825365929703 -0.301484905346463) (0.595082792256242 -0.084597029013744 -0.0847522550178703 -0.297448771865296 -0.0329094013663691 -0.297611346802105) (0.525736877547276 -0.0477385489404179 0.0045804875498171 -0.301628477852272 -0.000971072964914049 -0.224122559586664) (0.195069691519106 0.0165618817755484 0.0163855607295488 -0.0980069041437086 0.00710316885277831 -0.0970526434981018)
95                     (0.131548830165856 -0.0184264835314301 -0.0185110886117135 -0.0657743838520831 -0.00058898023910577 -0.0663582388300689) (0.525989780920483 0.00277806576228259 -0.0486686442896346 -0.22450958854413 -0.0004348253659598 -0.301484905346646) (0.595082792256242 -0.0845970290151295 -0.0847522550192595 -0.297448771865296 -0.0329094013664305 -0.297611346802105) (0.525736877547276 -0.0477385489300967 0.00458048755005782 -0.301628477852431 -0.0009710729649394 -0.224122559586504) (0.195069691519106 0.0165618820425121 0.0163855609901734 -0.0980069041426713 0.00710316876317745 -0.0970526434991815)
96                     (0.131548830165856 -0.0184264832501009 -0.0185110883182826 -0.0657743838543795 -0.000588980264758965 -0.0663582388256392) (0.525989780920483 0.00277806576239075 -0.0486686442809712 -0.224509588543981 -0.000434825365984424 -0.301484905346795) (0.595082792256242 -0.0845970290162704 -0.0847522550204035 -0.297448771865296 -0.0329094013664811 -0.297611346802104) (0.525736877547276 -0.0477385489216557 0.00458048755025468 -0.301628477852561 -0.000971072964960133 -0.224122559586373) (0.195069691519106 0.016561882261487 0.0163855612039485 -0.0980069041418205 0.00710316868968307 -0.0970526435000671)
97                     (0.131548830165856 -0.0184264830195491 -0.0185110880778132 -0.0657743838562615 -0.000588980285781989 -0.066358238822009) (0.525989780920483 0.00277806576247926 -0.0486686442738823 -0.224509588543858 -0.000434825366004573 -0.301484905346917) (0.595082792256242 -0.0845970290172099 -0.0847522550213455 -0.297448771865296 -0.0329094013665227 -0.297611346802104) (0.525736877547276 -0.0477385489147513 0.00458048755041571 -0.301628477852668 -0.000971072964977092 -0.224122559586266) (0.195069691519106 0.0165618824410975 0.0163855613792941 -0.0980069041411226 0.00710316862940051 -0.0970526435007935)
98                     (0.131548830165856 -0.0184264828306247 -0.0185110878807619 -0.0657743838578037 -0.000588980303009191 -0.0663582388190342) (0.525989780920483 0.0027780657625517 -0.0486686442680808 -0.224509588543758 -0.000434825366021063 -0.301484905347017) (0.595082792256242 -0.0845970290179833 -0.084752255022121 -0.297448771865296 -0.032909401366557 -0.297611346802104) (0.525736877547276 -0.0477385489091029 0.00458048755054744 -0.301628477852755 -0.000971072964990966 -0.224122559586178) (0.195069691519106 0.0165618825884195 0.0163855615231178 -0.0980069041405502 0.00710316857995494 -0.0970526435013893)
99                     (0.131548830165856 -0.018426482675783 -0.0185110877192595 -0.0657743838590677 -0.000588980317128537 -0.0663582388165961) (0.525989780920483 0.00277806576261098 -0.0486686442633323 -0.224509588543676 -0.000434825366034559 -0.301484905347099) (0.595082792256242 -0.08459702901862 -0.0847522550227594 -0.297448771865296 -0.0329094013665852 -0.297611346802104) (0.525736877547276 -0.0477385489044813 0.00458048755065523 -0.301628477852826 -0.000971072965002318 -0.224122559586106) (0.195069691519106 0.0165618827092558 0.0163855616410849 -0.0980069041400806 0.00710316853939871 -0.0970526435018779)
100                    (0.131548830165856 -0.0184264825488776 -0.0185110875868951 -0.0657743838601036 -0.000588980328700493 -0.0663582388145979) (0.525989780920483 0.00277806576265952 -0.0486686442594452 -0.224509588543609 -0.000434825366045608 -0.301484905347166) (0.595082792256242 -0.084597029019144 -0.0847522550232848 -0.297448771865296 -0.0329094013666084 -0.297611346802104) (0.525736877547276 -0.0477385489006992 0.00458048755074343 -0.301628477852884 -0.000971072965011608 -0.224122559586048) (0.195069691519106 0.0165618828083677 0.0163855617378433 -0.0980069041396955 0.00710316850613386 -0.0970526435022788)
101                    (0.131548830165856 -0.0184264824448664 -0.0185110874784097 -0.0657743838609526 -0.000588980338184824 -0.0663582388129601) (0.525989780920483 0.00277806576269925 -0.0486686442562628 -0.224509588543554 -0.000434825366054653 -0.301484905347221) (0.595082792256242 -0.0845970290195752 -0.0847522550237172 -0.297448771865296 -0.0329094013666275 -0.297611346802104) (0.525736877547276 -0.047738548897604 0.00458048755081562 -0.301628477852932 -0.000971072965019211 -0.224122559585999) (0.195069691519106 0.0165618828896602 0.0163855618172054 -0.0980069041393797 0.00710316847884972 -0.0970526435026075)
102                    (0.131548830165856 -0.0184264823596252 -0.0185110873895017 -0.0657743838616485 -0.000588980345957605 -0.0663582388116179) (0.525989780920483 0.00277806576273178 -0.0486686442536573 -0.224509588543509 -0.000434825366062059 -0.301484905347266) (0.595082792256242 -0.0845970290199301 -0.084752255024073 -0.297448771865296 -0.0329094013666432 -0.297611346802104) (0.525736877547276 -0.0477385488950703 0.00458048755087471 -0.301628477852971 -0.000971072965025434 -0.22412255958596) (0.195069691519106 0.016561882956337 0.016385561882299 -0.0980069041391206 0.00710316845647102 -0.0970526435028772)
103                    (0.131548830165856 -0.0184264822897559 -0.0185110873166269 -0.0657743838622188 -0.000588980352328686 -0.0663582388105178) (0.525989780920483 0.00277806576275842 -0.0486686442515235 -0.224509588543472 -0.000434825366068124 -0.301484905347303) (0.595082792256242 -0.084597029020222 -0.0847522550243658 -0.297448771865295 -0.0329094013666562 -0.297611346802104) (0.525736877547276 -0.0477385488929963 0.00458048755092308 -0.301628477853003 -0.000971072965030528 -0.224122559585928) (0.195069691519106 0.0165618830110256 0.0163855619356889 -0.0980069041389081 0.00710316843811594 -0.0970526435030984)
104                    (0.131548830165856 -0.0184264822324874 -0.018511087256895 -0.0657743838626863 -0.000588980357550744 -0.0663582388096161) (0.525989780920483 0.00277806576278024 -0.048668644249776 -0.224509588543442 -0.000434825366073091 -0.301484905347333) (0.595082792256242 -0.0845970290204622 -0.0847522550246066 -0.297448771865295 -0.0329094013666668 -0.297611346802104) (0.525736877547276 -0.0477385488912983 0.00458048755096268 -0.301628477853029 -0.000971072965034699 -0.224122559585902) (0.195069691519106 0.0165618830558811 0.0163855619794793 -0.0980069041387338 0.00710316842306111 -0.0970526435032798)
105                    (0.131548830165856 -0.0184264821855464 -0.0185110872079347 -0.0657743838630695 -0.000588980361831098 -0.0663582388088769) (0.525989780920483 0.00277806576279811 -0.0486686442483448 -0.224509588543417 -0.000434825366077159 -0.301484905347358) (0.595082792256242 -0.0845970290206598 -0.0847522550248047 -0.297448771865295 -0.0329094013666756 -0.297611346802104) (0.525736877547276 -0.047738548889908 0.00458048755099511 -0.30162847785305 -0.000971072965038114 -0.22412255958588) (0.195069691519106 0.0165618830926715 0.0163855620153961 -0.0980069041385909 0.00710316841071316 -0.0970526435034286)
106                    (0.131548830165856 -0.0184264821470701 -0.0185110871678032 -0.0657743838633835 -0.000588980365339586 -0.0663582388082711) (0.525989780920483 0.00277806576281274 -0.0486686442471726 -0.224509588543397 -0.000434825366080491 -0.301484905347378) (0.595082792256242 -0.0845970290208223 -0.0847522550249676 -0.297448771865295 -0.0329094013666828 -0.297611346802104) (0.525736877547276 -0.0477385488887694 0.00458048755102166 -0.301628477853068 -0.00097107296504091 -0.224122559585862) (0.195069691519106 0.0165618831228469 0.0163855620448549 -0.0980069041384736 0.00710316840058545 -0.0970526435035506)
107                    (0.131548830165856 -0.0184264821155312 -0.0185110871349077 -0.065774383863641 -0.000588980368215477 -0.0663582388077745) (0.525989780920483 0.00277806576282473 -0.0486686442462122 -0.22450958854338 -0.00043482536608322 -0.301484905347394) (0.595082792256242 -0.0845970290209559 -0.0847522550251016 -0.297448771865295 -0.0329094013666887 -0.297611346802104) (0.525736877547276 -0.047738548887837 0.00458048755104341 -0.301628477853082 -0.000971072965043201 -0.224122559585848) (0.195069691519106 0.0165618831475965 0.0163855620690169 -0.0980069041383775 0.00710316839227874 -0.0970526435036507)
108                    (0.131548830165856 -0.0184264820897023 -0.0185110871079677 -0.0657743838638518 -0.00058898037057071 -0.0663582388073678) (0.525989780920483 0.00277806576283456 -0.0486686442454256 -0.224509588543367 -0.000434825366085456 -0.301484905347408) (0.595082792256242 -0.0845970290210658 -0.0847522550252118 -0.297448771865295 -0.0329094013666936 -0.297611346802104) (0.525736877547276 -0.0477385488870732 0.00458048755106122 -0.301628477853094 -0.000971072965045077 -0.224122559585836) (0.195069691519106 0.0165618831678969 0.0163855620888352 -0.0980069041382986 0.00710316838546533 -0.0970526435037328)
109                    (0.131548830165856 -0.018426482068517 -0.018511087085871 -0.0657743838640248 -0.000588980372502506 -0.0663582388070342) (0.525989780920483 0.0027780657628426 -0.048668644244781 -0.224509588543355 -0.000434825366087288 -0.301484905347419) (0.595082792256242 -0.0845970290211562 -0.0847522550253024 -0.297448771865295 -0.0329094013666976 -0.297611346802104) (0.525736877547276 -0.0477385488864476 0.00458048755107581 -0.301628477853104 -0.000971072965046613 -0.224122559585826) (0.195069691519106 0.0165618831845468 0.0163855621050898 -0.0980069041382339 0.00710316837987714 -0.0970526435038001)
110                    (0.131548830165856 -0.0184264820511458 -0.0185110870677526 -0.0657743838641666 -0.000588980374086509 -0.0663582388067607) (0.525989780920483 0.0027780657628492 -0.048668644244253 -0.224509588543346 -0.000434825366088789 -0.301484905347428) (0.595082792256242 -0.0845970290212304 -0.0847522550253769 -0.297448771865295 -0.0329094013667009 -0.297611346802104) (0.525736877547276 -0.0477385488859352 0.00458048755108776 -0.301628477853112 -0.000971072965047872 -0.224122559585818) (0.195069691519106 0.0165618831982027 0.0163855621184214 -0.0980069041381808 0.00710316837529383 -0.0970526435038554)
111                    (0.131548830165856 -0.0184264820369136 -0.0185110870529082 -0.0657743838642827 -0.000588980375384282 -0.0663582388065366) (0.525989780920483 0.0027780657628546 -0.0486686442438203 -0.224509588543339 -0.000434825366090019 -0.301484905347436) (0.595082792256242 -0.0845970290212915 -0.0847522550254381 -0.297448771865295 -0.0329094013667036 -0.297611346802104) (0.525736877547276 -0.0477385488855155 0.00458048755109755 -0.301628477853118 -0.000971072965048903 -0.224122559585812) (0.195069691519106 0.0165618832094036 0.0163855621293563 -0.0980069041381373 0.00710316837153447 -0.0970526435039007)
112                    (0.131548830165856 -0.0184264820252384 -0.0185110870407308 -0.0657743838643781 -0.000588980376448892 -0.0663582388063528) (0.525989780920483 0.00277806576285903 -0.0486686442434658 -0.224509588543333 -0.000434825366091027 -0.301484905347442) (0.595082792256242 -0.0845970290213417 -0.0847522550254885 -0.297448771865295 -0.0329094013667058 -0.297611346802104) (0.525736877547276 -0.0477385488851717 0.00458048755110557 -0.301628477853123 -0.000971072965049747 -0.224122559585806) (0.195069691519106 0.0165618832185902 0.0163855621383247 -0.0980069041381016 0.00710316836845119 -0.0970526435039378)
113                    (0.131548830165856 -0.018426482015664 -0.0185110870307446 -0.0657743838644562 -0.000588980377321935 -0.066358238806202) (0.525989780920483 0.00277806576286265 -0.0486686442431752 -0.224509588543328 -0.000434825366091852 -0.301484905347447) (0.595082792256242 -0.084597029021383 -0.0847522550255298 -0.297448771865295 -0.0329094013667076 -0.297611346802104) (0.525736877547276 -0.0477385488848899 0.00458048755111214 -0.301628477853128 -0.00097107296505044 -0.224122559585802) (0.195069691519106 0.0165618832261246 0.0163855621456803 -0.0980069041380723 0.0071031683659224 -0.0970526435039683)
114                    (0.131548830165856 -0.018426482007813 -0.0185110870225558 -0.0657743838645203 -0.000588980378037839 -0.0663582388060784) (0.525989780920483 0.00277806576286563 -0.0486686442429371 -0.224509588543323 -0.000434825366092529 -0.301484905347451) (0.595082792256242 -0.0845970290214169 -0.0847522550255639 -0.297448771865295 -0.0329094013667091 -0.297611346802104) (0.525736877547276 -0.0477385488846589 0.00458048755111753 -0.301628477853131 -0.000971072965051007 -0.224122559585798) (0.195069691519106 0.0165618832323042 0.0163855621517131 -0.0980069041380483 0.00710316836384835 -0.0970526435039933)
115                    (0.131548830165856 -0.0184264820013745 -0.0185110870158404 -0.0657743838645728 -0.000588980378624934 -0.066358238805977) (0.525989780920483 0.00277806576286806 -0.0486686442427419 -0.22450958854332 -0.000434825366093084 -0.301484905347454) (0.595082792256242 -0.0845970290214447 -0.0847522550255918 -0.297448771865295 -0.0329094013667104 -0.297611346802104) (0.525736877547276 -0.0477385488844698 0.00458048755112194 -0.301628477853134 -0.000971072965051471 -0.224122559585796) (0.195069691519106 0.0165618832373724 0.016385562156661 -0.0980069041380286 0.00710316836214732 -0.0970526435040138)
116                    (0.131548830165856 -0.0184264819961161 -0.0185110870103557 -0.0657743838646158 -0.000588980379104432 -0.0663582388058942) (0.525989780920483 0.00277806576287006 -0.048668644242582 -0.224509588543317 -0.000434825366093539 -0.301484905347457) (0.595082792256242 -0.0845970290214676 -0.0847522550256147 -0.297448771865295 -0.0329094013667114 -0.297611346802104) (0.525736877547276 -0.0477385488843148 0.00458048755112555 -0.301628477853137 -0.000971072965051852 -0.224122559585793) (0.195069691519106 0.0165618832415294 0.0163855621607193 -0.0980069041380125 0.00710316836075209 -0.0970526435040306)
117                    (0.131548830165856 -0.018426481991794 -0.0185110870058477 -0.0657743838646511 -0.000588980379498542 -0.0663582388058262) (0.525989780920483 0.0027780657628717 -0.0486686442424509 -0.224509588543315 -0.000434825366093911 -0.301484905347459) (0.595082792256242 -0.0845970290214864 -0.0847522550256336 -0.297448771865295 -0.0329094013667122 -0.297611346802104) (0.525736877547276 -0.0477385488841878 0.00458048755112851 -0.301628477853139 -0.000971072965052164 -0.224122559585791) (0.195069691519106 0.0165618832449388 0.0163855621640477 -0.0980069041379992 0.00710316835960781 -0.0970526435040444)
118                    (0.131548830165856 -0.0184264819882485 -0.0185110870021497 -0.06577438386468 -0.000588980379821839 -0.0663582388057703) (0.525989780920483 0.00277806576287304 -0.0486686442423434 -0.224509588543313 -0.000434825366094217 -0.301484905347461) (0.595082792256242 -0.0845970290215019 -0.0847522550256491 -0.297448771865295 -0.0329094013667129 -0.297611346802104) (0.525736877547276 -0.0477385488840837 0.00458048755113094 -0.30162847785314 -0.00097107296505242 -0.22412255958579) (0.195069691519106 0.0165618832477352 0.0163855621667777 -0.0980069041379884 0.00710316835866927 -0.0970526435040557)
119                    (0.131548830165856 -0.0184264819853399 -0.018511086999116 -0.0657743838647037 -0.000588980380087068 -0.0663582388057245) (0.525989780920483 0.00277806576287414 -0.0486686442422553 -0.224509588543312 -0.000434825366094467 -0.301484905347462) (0.595082792256242 -0.0845970290215146 -0.0847522550256619 -0.297448771865295 -0.0329094013667134 -0.297611346802104) (0.525736877547276 -0.0477385488839983 0.00458048755113293 -0.301628477853141 -0.000971072965052629 -0.224122559585788) (0.195069691519106 0.0165618832500287 0.0163855621690168 -0.0980069041379795 0.00710316835789948 -0.097052643504065)
120                    (0.131548830165856 -0.0184264819829544 -0.0185110869966279 -0.0657743838647232 -0.000588980380304587 -0.066358238805687) (0.525989780920483 0.00277806576287504 -0.0486686442421831 -0.22450958854331 -0.000434825366094672 -0.301484905347464) (0.595082792256242 -0.084597029021525 -0.0847522550256723 -0.297448771865295 -0.0329094013667139 -0.297611346802104) (0.525736877547276 -0.0477385488839283 0.00458048755113457 -0.301628477853143 -0.000971072965052801 -0.224122559585787) (0.195069691519106 0.0165618832519099 0.0163855621708533 -0.0980069041379722 0.00710316835726811 -0.0970526435040726)
121                    (0.131548830165856 -0.0184264819810038 -0.0185110869945933 -0.0657743838647391 -0.000588980380482456 -0.0663582388056562) (0.525989780920483 0.00277806576287578 -0.0486686442421239 -0.224509588543309 -0.00043482536609484 -0.301484905347465) (0.595082792256242 -0.0845970290215337 -0.0847522550256809 -0.297448771865295 -0.0329094013667143 -0.297611346802104) (0.525736877547276 -0.0477385488838709 0.00458048755113591 -0.301628477853143 -0.000971072965052942 -0.224122559585786) (0.195069691519106 0.0165618832534528 0.0163855621723596 -0.0980069041379662 0.00710316835675026 -0.0970526435040788)
122                    (0.131548830165856 -0.0184264819794008 -0.0185110869929214 -0.0657743838647522 -0.000588980380628622 -0.066358238805631) (0.525989780920483 0.00277806576287638 -0.0486686442420754 -0.224509588543309 -0.000434825366094978 -0.301484905347466) (0.595082792256242 -0.0845970290215407 -0.084752255025688 -0.297448771865295 -0.0329094013667146 -0.297611346802104) (0.525736877547276 -0.047738548883824 0.004580487551137 -0.301628477853144 -0.000971072965053058 -0.224122559585786) (0.195069691519106 0.0165618832547183 0.016385562173595 -0.0980069041379612 0.00710316835632551 -0.0970526435040839)
123                    (0.131548830165856 -0.0184264819780876 -0.0185110869915517 -0.0657743838647629 -0.000588980380748372 -0.0663582388056103) (0.525989780920483 0.00277806576287688 -0.0486686442420357 -0.224509588543308 -0.000434825366095091 -0.301484905347466) (0.595082792256242 -0.0845970290215465 -0.0847522550256938 -0.297448771865295 -0.0329094013667149 -0.297611346802104) (0.525736877547276 -0.0477385488837855 0.0045804875511379 -0.301628477853145 -0.000971072965053152 -0.224122559585785) (0.195069691519106 0.0165618832557567 0.0163855621746088 -0.0980069041379572 0.007103168355977 -0.0970526435040881)
124                    (0.131548830165856 -0.0184264819770072 -0.0185110869904249 -0.0657743838647718 -0.000588980380846881 -0.0663582388055933) (0.525989780920483 0.00277806576287729 -0.0486686442420029 -0.224509588543307 -0.000434825366095184 -0.301484905347467) (0.595082792256242 -0.0845970290215512 -0.0847522550256986 -0.297448771865295 -0.0329094013667151 -0.297611346802104) (0.525736877547276 -0.0477385488837539 0.00458048755113864 -0.301628477853145 -0.00097107296505323 -0.224122559585784) (0.195069691519106 0.0165618832566081 0.0163855621754399 -0.0980069041379539 0.00710316835569126 -0.0970526435040916)
125                    (0.131548830165856 -0.0184264819761228 -0.0185110869895025 -0.065774383864779 -0.000588980380927527 -0.0663582388055794) (0.525989780920483 0.00277806576287762 -0.0486686442419762 -0.224509588543307 -0.000434825366095261 -0.301484905347467) (0.595082792256242 -0.0845970290215551 -0.0847522550257025 -0.297448771865295 -0.0329094013667152 -0.297611346802104) (0.525736877547276 -0.047738548883728 0.00458048755113924 -0.301628477853146 -0.000971072965053293 -0.224122559585784) (0.195069691519106 0.0165618832573067 0.016385562176122 -0.0980069041379512 0.00710316835545677 -0.0970526435040944)
126                    (0.131548830165856 -0.0184264819754128 -0.0185110869887619 -0.0657743838647848 -0.000588980380992267 -0.0663582388055682) (0.525989780920483 0.0027780657628779 -0.0486686442419542 -0.224509588543306 -0.000434825366095323 -0.301484905347468) (0.595082792256242 -0.0845970290215583 -0.0847522550257057 -0.297448771865295 -0.0329094013667154 -0.297611346802104) (0.525736877547276 -0.0477385488837066 0.00458048755113974 -0.301628477853146 -0.000971072965053346 -0.224122559585784) (0.195069691519106 0.0165618832578794 0.0163855621766811 -0.098006904137949 0.00710316835526456 -0.0970526435040967)
