# Probe 0 (0.0005 0.0001 0.0001)
# Probe 1 (0.0005 0.0001 0.0009)
# Probe 2 (0.0005 0.0009 0.0009)
# Probe 3 (0.0005 0.0009 0.0001)
# Probe 4 (0.0005 0.0005 0.0005)
# Time                 0                      1                      2                      3                      4                     
0                      0                      0                      0                      0                      0                     
1                      -9137.33118523698      107496.442173564       -157390.008773381      116300.613727317       15509.586286387       
2                      -8589.93387624911      732877.08616323        136419.803444933       739517.241206981       2624.28187260823      
3                      -9732.81541274035      785013.904997835       143909.221315917       791529.334069165       -526.409516728752     
4                      -10456.3277631203      842201.303787527       154934.498844245       848781.897336059       -3257.10515207925     
5                      -10991.8965769544      900553.867153423       166437.460834247       907447.919267102       -5256.93615997952     
6                      -11370.8913168606      955611.083024958       177927.096990989       962023.997177889       -6685.09530179245     
7                      -11626.64178717        998807.461394842       188629.315645555       1004664.93056032       -7654.79841215019     
8                      -11787.7702997658      1036347.59915591       198077.361676955       1042409.94217189       -8260.4571517298      
9                      -11874.5500960645      1069003.44803783       206077.361576334       1075218.25147119       -8580.43012545496     
10                     -11902.7601560842      1096781.79057159       212632.201550102       1103098.85454923       -8680.14164739084     
11                     -11886.0419045314      1119938.6365182        217867.655381054       1126322.02942677       -8614.27891469794     
12                     -11835.1674710661      1138915.59571902       221965.972908796       1145340.92204847       -8428.26071090134     
13                     -11759.6302291604      1154248.1501768        225122.93014493        1160699.60938815       -8159.32619510964     
14                     -11666.9010474493      1166493.5233437        227522.296231075       1172961.27290069       -7837.44421136853     
15                     -11563.0900181594      1176182.60146266       229324.444461432       1182660.69979276       -7486.22204917914     
16                     -11452.7651400458      1183792.65864731       230665.72766015        1190277.60500774       -7123.81474527837     
17                     -11339.5101073238      1189735.56417521       231656.458433019       1196225.32821611       -6763.79275962931     
18                     -11227.027041073       1194356.25094193       232383.606092249       1200849.65796349       -6415.93852592358     
19                     -11117.8262606595      1197937.19611263       232914.489613853       1204433.55226284       -6086.96252446919     
20                     -11013.9514440336      1200705.85182569       233300.447448565       1207204.72348644       -5781.13075888954     
21                     -10916.8117515391      1202843.03294909       233580.136859533       1209344.12145346       -5500.80015732491     
22                     -10827.2684528215      1204491.09285082       233782.375264819       1210994.16619947       -5246.87613104207     
23                     -10745.647637624       1205761.28891499       233928.352546311       1212266.14673337       -5019.1942166978      
24                     -10672.067973968       1206740.10195942       234033.684073857       1213246.55939998       -4816.82983769554     
25                     -10606.2342028996      1207494.48415136       234109.728022094       1214002.36619522       -4638.34434714045     
26                     -10547.599999337       1208076.11891065       234164.696688473       1214585.25977124       -4481.9819018309      
27                     -10495.675730663       1208524.82261677       234204.508783406       1215035.06698465       -4345.82080906947     
28                     -10450.0359808073      1208871.22871195       234233.421272149       1215382.43314299       -4227.88592053006     
29                     -10410.2198295027      1209138.88713625       234254.491011428       1215650.92087955       -4126.22817954976     
30                     -10375.6843811556      1209345.89585665       234269.910673294       1215858.64101741       -4038.98013067324     
31                     -10345.8417805029      1209506.16268837       234281.252044373       1216019.51394044       -3964.39166168287     
32                     -10320.1518860105      1209630.37785891       234289.641697387       1216144.2419324        -3900.85121392593     
33                     -10298.136348799       1209726.76191539       234295.887519192       1216241.05695788       -3846.89589590736     
34                     -10279.3625535444      1209801.64001464       234300.56959051        1216316.29484041       -3801.21264456939     
35                     -10263.4169054863      1209859.88247295       234304.105271347       1216374.83570824       -3762.63501307426     
36                     -10249.8491229494      1209905.24252013       234306.795692221       1216420.44168047       -3730.13577120137     
37                     -10238.3671059661      1209940.61517885       234308.8588999         1216456.01572709       -3702.81701176352     
38                     -10228.6777868665      1209968.23570389       234310.453462058       1216483.80012798       -3679.89887399683     
39                     -10220.5271225329      1209989.8317423        234311.695271586       1216505.52867684       -3660.70775147525     
40                     -10213.6886605591      1210006.74006574       234312.669514369       1216522.5434711        -3644.66461255852     
41                     -10207.9645646453      1210019.99617881       234313.439201582       1216535.88458671       -3631.27383979726     
42                     -10203.183191441       1210030.40315523       234314.051262979       1216546.35898581       -3620.11282662578     
43                     -10199.1979752252      1210038.58455942       234314.540908362       1216554.59351233       -3610.82239429127     
44                     -10195.8836981264      1210045.02516829       234314.9347585         1216561.07568826       -3603.09817374696     
45                     -10193.1269302961      1210050.10233498       234315.253100575       1216566.18514876       -3596.68303770356     
46                     -10190.8322225264      1210054.11016882       234315.511519671       1216570.21788688       -3591.36036388978     
47                     -10188.9266535535      1210057.27819635       234315.722084556       1216573.40497181       -3586.94809648553     
48                     -10187.3463874458      1210059.78577816       234315.894214179       1216575.92701691       -3583.29355597086     
49                     -10186.037781682       1210061.77325943       234316.035314687       1216577.92537616       -3580.26893852172     
50                     -10184.9554119505      1210063.35060364       234316.151250844       1216579.51081911       -3577.76744102495     
51                     -10184.0610866043      1210064.60408556       234316.246697403       1216580.77025991       -3575.69994421249     
52                     -10183.3228016632      1210065.60148579       234316.325403016       1216581.771983         -3573.99218649351     
53                     -10182.7138191858      1210066.3961274        234316.390390021       1216582.56970594       -3572.58236470482     
54                     -10182.2118526834      1210067.03001651       234316.44410694        1216583.20574197       -3571.41910355824     
55                     -10181.7983621965      1210067.53628892       234316.488545835       1216583.71346452       -3570.45974174378     
56                     -10181.4579501009      1210067.94111852       234316.525333376       1216584.11923023       -3569.66888877745     
57                     -10181.1778470469      1210068.26520772       234316.555802056       1216584.44388123       -3569.01721247406     
58                     -10180.9474768679      1210068.52495309       234316.581046318       1216584.70392015       -3568.48042220897     
59                     -10180.7580898582      1210068.73335806       234316.601967109       1216584.91243035       -3568.03841790569     
60                     -10180.6024547127      1210068.90074862       234316.619307469       1216585.0797975        -3567.67457892401     
61                     -10180.474600484       1210069.03533517       234316.633681151       1216585.21427618       -3567.37517075772     
62                     -10180.3696009647      1210069.14365428       234316.645595738       1216585.32243523       -3567.12885071972     
63                     -10180.283394885       1210069.23091643       234316.655471423       1216585.40950837       -3566.92625662443     
64                     -10180.2126362977      1210069.30128013       234316.663656321       1216585.47967055       -3566.7596649429      
65                     -10180.1545702402      1210069.3580683        234316.670439002       1216585.53625602       -3566.62270699952     
66                     -10180.1069295873      1210069.40393928       234316.676058775       1216585.58193067       -3566.51013358865     
67                     -10180.0678495827      1210069.44102219       234316.680714158       1216585.61882839       -3566.4176199305      
68                     -10180.0357971074      1210069.47102416       234316.684569857       1216585.64865908       -3566.34160418814     
69                     -10180.0095122016      1210069.49531548       234316.687762542       1216585.67279437       -3566.27915387136     
70                     -10179.9879597719      1210069.51499718       234316.690405618       1216585.69233566       -3566.22785539299     
71                     -10179.9702897334      1210069.53095489       234316.69259318        1216585.70816823       -3566.18572282177     
72                     -10179.9558041461      1210069.54390162       234316.694403295       1216585.72100435       -3566.15112254117     
73                     -10179.943930135       1210069.55441199       234316.695900723       1216585.73141762       -3566.12271107524     
74                     -10179.93419759        1210069.56294948       234316.697139173       1216585.73987038       -3566.0993838063      
75                     -10179.9262208155      1210069.56988828       234316.698163183       1216585.74673563       -3566.0802326966      
76                     -10179.9196834227      1210069.57553074       234316.699009678       1216585.75231451       -3566.06451144576     
77                     -10179.9143259294      1210069.58012133       234316.69970926        1216585.75685037       -3566.05160679084     
78                     -10179.9099355522      1210069.58385792       234316.700287289       1216585.76054002       -3566.0410148721      
79                     -10179.9063378255      1210069.58690074       234316.700764771       1216585.76354269       -3566.03232177722     
80                     -10179.9033897182      1210069.58937965       234316.701159106       1216585.76598737       -3566.02518753083     
81                     -10179.9009739796      1210069.59139997       234316.701484698       1216585.76797858       -3566.0193329213      
82                     -10179.8989945042      1210069.59304716       234316.701753472       1216585.76960106       -3566.01452866745     
83                     -10179.8973725227      1210069.5943906        234316.701975295       1216585.77092358       -3566.01058650982     
84                     -10179.8960434798      1210069.59548669       234316.702158329       1216585.77200199       -3566.00735188594     
85                     -10179.8949544716      1210069.59638124       234316.702309327       1216585.77288162       -3566.0046979102      
86                     -10179.8940621488      1210069.59711153       234316.70243387        1216585.77359935       -3566.00252042641     
87                     -10179.8933309814      1210069.59770789       234316.702536573       1216585.77418515       -3566.00073394255     
88                     -10179.8927318603      1210069.59819501       234316.70262125        1216585.7746634        -3565.99926829122     
89                     -10179.8922409339      1210069.598593         234316.702691053       1216585.77505394       -3565.99806588615     
90                     -10179.8918386593      1210069.59891824       234316.702748583       1216585.77537296       -3565.99707946921     
91                     -10179.8915090245      1210069.59918409       234316.70279599        1216585.7756336        -3565.99627026008     
92                     -10179.8912389078      1210069.59940144       234316.70283505        1216585.77584659       -3565.99560643679     
93                     -10179.8910175596      1210069.59957918       234316.702867226       1216585.77602069       -3565.99506188824     
94                     -10179.8908361718      1210069.59972454       234316.702893727       1216585.77616301       -3565.99461519055     
95                     -10179.8906875277      1210069.59984345       234316.702915552       1216585.77627939       -3565.99424876602     
96                     -10179.8905657142      1210069.59994074       234316.702933522       1216585.77637457       -3565.99394819318     
97                     -10179.8904658865      1210069.60002035       234316.702948316       1216585.77645243       -3565.99370164044     
98                     -10179.8903840782      1210069.60008549       234316.702960495       1216585.77651612       -3565.99349940081     
99                     -10179.8903170321      1210069.60013882       234316.702970518       1216585.77656823       -3565.99333351169     
100                    -10179.8902620826      1210069.60018247       234316.702978767       1216585.77661088       -3565.99319744067     
101                    -10179.8902170462      1210069.60021821       234316.702985555       1216585.77664578       -3565.9930858289      
102                    -10179.8901801353      1210069.60024747       234316.702991139       1216585.77667435       -3565.99299428024     
103                    -10179.890149882       1210069.60027143       234316.702995733       1216585.77669773       -3565.99291918863     
104                    -10179.890125085       1210069.60029105       234316.702999512       1216585.77671688       -3565.99285759607     
105                    -10179.8901047598      1210069.60030713       234316.70300262        1216585.77673256       -3565.99280707605     
106                    -10179.8900880998      1210069.60032029       234316.703005177       1216585.77674539       -3565.99276563831     
107                    -10179.8900744438      1210069.60033108       234316.703007279       1216585.77675591       -3565.99273165012     
108                    -10179.8900632541      1210069.60033991       234316.703009007       1216585.77676452       -3565.99270377154     
109                    -10179.8900540817      1210069.60034715       234316.703010428       1216585.77677157       -3565.99268090494     
110                    -10179.8900465611      1210069.60035308       234316.703011596       1216585.77677735       -3565.99266214966     
111                    -10179.8900403968      1210069.60035794       234316.703012556       1216585.77678208       -3565.99264676599     
112                    -10179.8900353425      1210069.60036192       234316.703013345       1216585.77678596       -3565.99263414816     
113                    -10179.8900311981      1210069.60036518       234316.703013994       1216585.77678914       -3565.99262379919     
114                    -10179.8900277996      1210069.60036785       234316.703014527       1216585.77679174       -3565.99261531105     
115                    -10179.8900250129      1210069.60037005       234316.703014965       1216585.77679387       -3565.9926083492      
116                    -10179.8900227317      1210069.60037184       234316.703015325       1216585.77679562       -3565.99260263899     
117                    -10179.8900208618      1210069.60037331       234316.703015621       1216585.77679705       -3565.99259795552     
118                    -10179.8900193274      1210069.60037452       234316.703015864       1216585.77679823       -3565.99259411415     
119                    -10179.8900180686      1210069.60037551       234316.703016063       1216585.77679919       -3565.99259096342     
120                    -10179.8900170362      1210069.60037632       234316.703016227       1216585.77679998       -3565.99258837916     
121                    -10179.8900161906      1210069.60037699       234316.703016362       1216585.77680063       -3565.9925862595      
122                    -10179.8900154971      1210069.60037753       234316.703016473       1216585.77680116       -3565.99258452093     
123                    -10179.8900149284      1210069.60037798       234316.703016564       1216585.77680159       -3565.99258309461     
124                    -10179.8900144615      1210069.60037835       234316.703016638       1216585.77680195       -3565.99258192482     
125                    -10179.8900140785      1210069.60037865       234316.703016699       1216585.77680224       -3565.99258096515     
126                    -10179.8900137674      1210069.60037889       234316.70301675        1216585.77680248       -3565.99258017814     
