# Probe 0 (0.0005 0.0001 0.0001)
# Probe 1 (0.0005 0.0001 0.0009)
# Probe 2 (0.0005 0.0009 0.0009)
# Probe 3 (0.0005 0.0009 0.0001)
# Probe 4 (0.0005 0.0005 0.0005)
# Time                 0                      1                      2                      3                      4                     
0                      27583.8355651052       397866.174706975       398532.899937953       397866.174706976       67807.5354270616      
1                      27810.6015280929       418507.080217846       512403.130451736       417533.568519459       60510.6097587844      
2                      26279.5877730672       389107.112188933       381085.759543849       388777.6712529         58452.4002140017      
3                      25489.1930397227       408063.58180893        392849.505327044       407622.446546436       56113.2854132013      
4                      24903.3524285984       428856.397592633       407987.497063551       428365.925225239       54470.2220171372      
5                      24507.1523833924       450072.855357443       424717.257933093       449621.520771237       53307.5230214633      
6                      24242.9996435225       470650.2929536         441436.47568924        470366.532383218       52510.2845772299      
7                      24073.9676019378       489719.984193107       457023.261256124       489490.855443981       51992.3506855135      
8                      23975.0118899714       506412.486555499       470800.395960766       506212.511503337       51688.770276807       
9                      23929.168885282        520778.761959327       482484.245000612       520601.649764278       51549.1995712503      
10                     23923.7098376343       532910.448804046       492074.496997396       532746.009132909       51533.6717906283      
11                     23948.9333558141       542970.447787662       499748.669892532       542811.296722777       51609.9663668859      
12                     23996.767130943        551181.981598015       505767.077343761       551023.760250271       51751.9774085462      
13                     24060.9303118729       557796.743929813       510411.140250528       557637.303263143       51938.6234715702      
14                     24136.2534824547       563067.821785971       513946.410717207       562906.406539353       52153.0863034433      
15                     24218.7288609713       567231.651697213       516605.643218425       567068.280032676       52382.1483464894      
16                     24305.3912451006       570498.151804702       518587.466933333       570333.202472375       52615.6241700627      
17                     24393.3277059821       573046.948963312       520053.086895965       572880.914384686       52845.8666367         
18                     24480.2643277277       575027.593536558       521129.926341578       574860.948088286       53067.3365229145      
19                     24564.2873884472       576562.048660007       521916.864364371       576395.189351526       53276.2196191345      
20                     24643.9912376096       577748.231329695       522489.465169877       577581.46016149        53470.0923253417      
21                     24718.3858406011       578663.821451702       522904.727879192       578497.349389505       53647.6332267249      
22                     24786.9213539728       579369.889264574       523205.206630343       579203.849684572       53808.3680684966      
23                     24849.4002525283       579914.120058978       523422.235000118       579748.584963031       53952.4546020992      
24                     24905.5778281867       580333.558056907       523578.927155519       580168.553739198       54080.5048634271      
25                     24955.8980150864       580656.872786224       523692.113559482       580492.393518651       54193.441763504       
26                     25000.8990803608       580906.192210616       523773.972692097       580742.21141661        54292.3802293881      
27                     25040.7184937222       581098.56310644        523833.289351567       580935.041935001       54378.5360450573      
28                     25075.705788347        581247.101595155       523876.386465402       581083.995118295       54453.1572267647      
29                     25106.2165151601       581361.892179946       523907.807193781       581199.153608729       54517.4755834707      
30                     25132.6882951111       581450.686012112       523930.812110879       581288.269393432       54572.6717758158      
31                     25155.5783983166       581519.440775304       523947.73969312        581357.302627298       54619.8529628631      
32                     25175.2770632021       581572.736762812       523960.266838772       581410.837015323       54660.039152964       
33                     25192.1535165501       581614.096845095       523969.596628516       581452.399323036       54694.1566059233      
34                     25206.5221663788       581646.23218512        523976.593269328       581484.704775251       54723.037282125       
35                     25218.7705726878       581671.230764673       523981.878796973       581509.845358135       54747.4202371093      
36                     25229.162966705        581690.701953544       523985.902192026       581529.434238323       54767.9563066682      
37                     25237.9548265107       581705.887344991       523988.988681534       581544.716509722       54785.2143568775      
38                     25245.3676555793       581717.745735236       523991.374865003       581556.654129572       54799.6884219977      
39                     25251.599902448        581727.018299963       523993.233730899       581565.991081275       54811.805185756       
40                     25256.8260533053       581734.278607356       523994.692479563       581573.303392571       54821.9313832564      
41                     25261.1984856017       581739.971018961       523995.84523432        581579.037553495       54830.3808709462      
42                     25264.849135984        581744.440195347       523996.762122086       581583.540046595       54837.4212182712      
43                     25267.8892900926       581747.953784898       523997.495775306       581587.080064699       54843.279808406       
44                     25270.4183958184       581750.719885669       523998.086000977       581589.867003949       54848.1492926021      
45                     25272.5243508774       581752.900496831       523998.563145238       581592.063946432       54852.1923416081      
46                     25274.2746378588       581754.621890843       523998.950527985       581593.798061495       54855.5459400235      
47                     25275.7274947444       581755.982619409       523999.266212967       581595.168637934       54858.3251652965      
48                     25276.931646001        581757.059699536       523999.5243017         581596.25329362        54860.6264880172      
49                     25277.9284015915       581757.913398599       523999.735885029       581597.112781832       54862.5306323526      
50                     25278.7525478931       581758.59093986        523999.909747549       581597.79471585        54864.1050356314      
51                     25279.4333023978       581759.129375296       524000.052892828       581598.336458591       54865.405951503       
52                     25279.9951210851       581759.557815498       524000.170938009       581598.767367035       54866.480240649       
53                     25280.4584222832       581759.899162625       524000.268412632       581599.11053749        54867.3668902153      
54                     25280.840215207        581760.171458808       524000.348986792       581599.38416428        54868.0982992329      
55                     25281.1546427744       581760.38893667        524000.415646776       581599.602598743       54868.7013632059      
56                     25281.4134455672       581760.562838789       524000.47083138        581599.777175599       54869.1983870639      
57                     25281.6263561227       581760.702057746       524000.516538546       581599.916858605       54869.6078519623      
58                     25281.8014323037       581760.813636701       524000.554409423       581600.028745606       54869.945058051       
59                     25281.9453380533       581760.903161375       524000.585795102       581600.118464118       54870.2226622863      
60                     25282.0635790608       581760.975067421       524000.611809948       581600.190481541       54870.4511276748      
61                     25282.1607000309       581761.032881755       524000.633374477       581600.248348743       54870.6390979578      
62                     25282.2404494136       581761.079412292       524000.651250006       581600.294891576       54870.7937096739      
63                     25282.3059167082       581761.116897311       524000.666066809       581600.33236163        54870.9208517353      
64                     25282.3596466252       581761.147123204       524000.678347062       581600.362555072       54871.0253810823      
65                     25282.4037339384       581761.171517415       524000.688523637       581600.386906433       54871.1113016651      
66                     25282.4399021287       581761.191221907       524000.696955526       581600.406562728       54871.1819128375      
67                     25282.4695685199       581761.207151296       524000.703940534       581600.422442106       54871.2399322794      
68                     25282.4938981633       581761.22003893        524000.709725752       581600.435280313       54871.2875977353      
69                     25282.5138483736       581761.23047345        524000.714516215       581600.44566755        54871.3267511584      
70                     25282.5302054915       581761.238927837       524000.718482058       581600.454077756       54871.358908249       
71                     25282.5436152189       581761.245782526       524000.72176445        581600.460891886       54871.3853158917      
72                     25282.5546076238       581761.251343813       524000.724480515       581600.466416447       54871.4069995653      
73                     25282.5636177379       581761.255858533       524000.726727415       581600.470898283       54871.4248024571      
74                     25282.5710025155       581761.259525787       524000.728585733       581600.474536358       54871.439417716       
75                     25282.5770547817       581761.262506315       524000.730122293       581600.477491192       54871.4514150358      
76                     25282.5820147292       581761.264929991       524000.731392495       581600.479892388       54871.4612625584      
77                     25282.5860793247       581761.266901839       524000.732442255       581600.481844678       54871.4693449097      
78                     25282.5894100749       581761.268506849       524000.733309624       581600.483432753       54871.4759780501      
79                     25282.5921393937       581761.269813853       524000.734026122       581600.484725157       54871.4814214961      
80                     25282.5943758286       581761.270878632       524000.734617854       581600.485777397       54871.4858883755      
81                     25282.596208359        581761.271746426       524000.735106435       581600.486634455       54871.4895536991      
82                     25282.5977099118       581761.272453943       524000.735509758       581600.48733281        54871.4925611609      
83                     25282.5989402557       581761.273030993       524000.735842627       581600.487902059       54871.4950287309      
84                     25282.5999483721       581761.273501791       524000.736117291       581600.488366234       54871.4970532508      
85                     25282.6007743999       581761.273886023       524000.736343882       581600.488744855       54871.4987142116      
86                     25282.6014512237       581761.2741997         524000.736530776       581600.489053787       54871.5000768572      
87                     25282.602005806        581761.27445585        524000.736684896       581600.489305932       54871.5011947339      
88                     25282.6024602269       581761.274665078       524000.736811967       581600.489511786       54871.5021117851      
89                     25282.6028325797       581761.274836022       524000.736916717       581600.489679892       54871.5028640712      
90                     25282.6031376893       581761.27497572        524000.73700305        581600.489817205       54871.5034811821      
91                     25282.603387701        581761.275089908       524000.737074192       581600.489929394       54871.5039873971      
92                     25282.6035925698       581761.275183265       524000.737132808       581600.490021074       54871.5044026375      
93                     25282.6037604492       581761.275259604       524000.737181094       581600.490096011       54871.5047432476      
94                     25282.6038980201       581761.275322039       524000.737220864       581600.490157275       54871.5050226366      
95                     25282.6040107562       581761.275373113       524000.737253616       581600.490207369       54871.5052518056      
96                     25282.6041031426       581761.275414898       524000.737280584       581600.490248338       54871.5054397796      
97                     25282.6041788541       581761.27544909        524000.737302786       581600.490281849       54871.5055939622      
98                     25282.6042408954       581761.275477072       524000.737321062       581600.490309264       54871.5057204274      
99                     25282.6042917443       581761.275499975       524000.737336104       581600.490331695       54871.5058241566      
100                    25282.6043334191       581761.275518724       524000.737348483       581600.490350051       54871.505909237       
101                    25282.6043675755       581761.275534073       524000.73735867        581600.490365074       54871.5059790207      
102                    25282.6043955681       581761.275546641       524000.73736705        581600.490377372       54871.5060362579      
103                    25282.6044185127       581761.275556932       524000.737373945       581600.490387438       54871.506083204       
104                    25282.6044373192       581761.275565361       524000.737379616       581600.490395679       54871.5061217093      
105                    25282.6044527343       581761.275572264       524000.73738428        581600.490402427       54871.5061532912      
106                    25282.6044653696       581761.275577918       524000.737388117       581600.490407953       54871.5061791945      
107                    25282.6044757267       581761.27558255        524000.737391271       581600.490412479       54871.5062004402      
108                    25282.6044842088       581761.275586344       524000.737393865       581600.490416186       54871.5062178667      
109                    25282.6044911659       581761.275589453       524000.737395997       581600.490419222       54871.5062321594      
110                    25282.6044968704       581761.275592          524000.73739775        581600.490421709       54871.506243882       
111                    25282.6045015442       581761.275594087       524000.737399191       581600.490423746       54871.5062534972      
112                    25282.6045053782       581761.275595797       524000.737400376       581600.490425415       54871.5062613832      
113                    25282.6045085224       581761.275597198       524000.737401349       581600.490426783       54871.506267851       
114                    25282.6045111006       581761.275598347       524000.737402149       581600.490427904       54871.5062731557      
115                    25282.6045132149       581761.275599288       524000.737402807       581600.490428822       54871.5062775064      
116                    25282.6045149418       581761.275600059       524000.737403347       581600.490429574       54871.5062810749      
117                    25282.6045163611       581761.275600692       524000.737403791       581600.49043019        54871.5062840016      
118                    25282.6045175254       581761.27560121        524000.737404155       581600.490430696       54871.506286402       
119                    25282.6045184806       581761.275601635       524000.737404455       581600.49043111        54871.5062883709      
120                    25282.604519264        581761.275601983       524000.737404701       581600.49043145        54871.5062899857      
121                    25282.6045199045       581761.275602269       524000.737404903       581600.490431728       54871.5062913102      
122                    25282.6045204309       581761.275602503       524000.737405069       581600.490431956       54871.5062923966      
123                    25282.6045208622       581761.275602694       524000.737405206       581600.490432143       54871.506293288       
124                    25282.604521217        581761.275602852       524000.737405317       581600.490432296       54871.5062940188      
125                    25282.6045215074       581761.275602981       524000.73740541        581600.490432422       54871.5062946185      
126                    25282.6045217406       581761.275603088       524000.737405485       581600.490432526       54871.5062951101      
