1 	0.451351328310836 	4.16333634234434e-17 	1.0087883912542 	2049.70783067181 	1.73230880202698e-05 	4.44701567780868e-06 	1.28760723424612e-05 	1.72436896865723e-05 	0.0244477600662413 	0.000312775182064647
1 	0.457856884696221 	4.5102810375397e-17 	1.00879822433148 	717.552006466583 	0.000157862962076751 	4.68684733114402e-05 	0.00011099448876531 	0.000159349082300459 	0.0762373758278605 	0.00188258155896569
1 	0.464597494083271 	3.81639164714898e-17 	1.00880913535713 	256.238258288925 	0.000538330559064993 	0.000206481856812149 	0.000331848702252844 	0.000533005696066017 	0.086340803196731 	0.00438704120089374
1 	0.471581531814159 	3.46944695195361e-17 	1.00881977986832 	129.002114877202 	0.00109390676011877 	0.000534543058206088 	0.000559363701912686 	0.00107094068692673 	0.0765492042553001 	0.00709897205066508
1 	0.478817663400926 	3.81639164714898e-17 	1.00883076116518 	77.9730616668332 	0.00166300028027745 	0.000975494059494779 	0.000687506220782673 	0.00162675273461206 	0.0641612123213117 	0.00958124270157375
1 	0.486314853978555 	4.16333634234434e-17 	1.00884234095446 	53.0414427279457 	0.00211740274191371 	0.00140559713896971 	0.000711805602944005 	0.00207192679455798 	0.0539321572677149 	0.0116733519670746
1 	0.494082377623917 	3.12250225675825e-17 	1.00885478197916 	39.0896782019131 	0.00240121081727909 	0.00171952321938879 	0.000681687597890306 	0.00235048629172682 	0.0460599672866898 	0.0133562309021965
1 	0.502129828236483 	2.77555756156289e-17 	1.00886849106431 	30.4807428739371 	0.0025163330655695 	0.00185584837079553 	0.000660484694773969 	0.00246792352533103 	0.0401367839266098 	0.0146709631326734
1 	0.510467129561931 	3.46944695195361e-17 	1.0088839956882 	24.8386316807028 	0.00248895604000316 	0.00182124584636309 	0.000667710193640066 	0.00244135668491338 	0.0351215577578356 	0.0156662919900275
1 	0.519104545279715 	3.46944695195361e-17 	1.00890188660841 	20.99399252349 	0.00235448579766984 	0.00167216760099908 	0.000682318196670762 	0.00232788703725835 	0.0315371077751956 	0.0164272102418514
1 	0.528052690552042 	2.77555756156289e-17 	1.00892272178912 	18.1457769717261 	0.00213461840783178 	0.00143524713434594 	0.000699371273485843 	0.0021496319446807 	0.0283380019363727 	0.0170057736801857
1 	0.537322542780427 	3.46944695195361e-17 	1.00894692944955 	15.8352101688982 	0.0019075297536473 	0.00118588490104665 	0.000721644852600653 	0.00195737552305179 	0.0246633406797779 	0.0174437979615261
1 	0.546925453622544 	4.5102810375397e-17 	1.00897477254341 	13.9182858125466 	0.00170380219181782 	0.000946684514912132 	0.000757117676905687 	0.00175503951840142 	0.0221226953579805 	0.0178068007501898
1 	0.556873160477701 	5.20417042793042e-17 	1.00900637369962 	12.3118251892285 	0.00152248251278012 	0.000728823787618688 	0.000793658725161428 	0.00157164897210904 	0.0195665993413649 	0.0181174415719797
1 	0.567177798224492 	5.89805981832114e-17 	1.00904176087405 	10.9584681002068 	0.00136124942937324 	0.000532836026525004 	0.000828413402848232 	0.00140253355210821 	0.0177408063722503 	0.0184117823571427
1 	0.577851912442515 	5.89805981832114e-17 	1.00908090638354 	9.80439825487101 	0.00123379101568165 	0.000366065857433419 	0.000867725158248228 	0.00127664280128154 	0.0157592514042805 	0.018704442736928
1 	0.588908471827774 	6.59194920871187e-17 	1.00912375147876 	8.81651822472545 	0.00117392657014672 	0.000234726126275469 	0.000939200443871246 	0.00118179465165054 	0.0143229713540734 	0.0190246000310088
1 	0.600360880988431 	6.59194920871187e-17 	1.0091702179162 	7.96523245596287 	0.00116772312568493 	0.000145595870274013 	0.00102212725541091 	0.00113483356101495 	0.0127625475053097 	0.0193887408821726
1 	0.612222994528264 	6.24500451351651e-17 	1.00922021088066 	7.23182923838866 	0.00118043330556434 	0.000109544081193633 	0.00107088922437071 	0.00113493704311538 	0.0114887323186686 	0.0198252656275829
1 	0.624509130623004 	5.55111512312578e-17 	1.00927361829286 	6.6008495491126 	0.00124446989518601 	0.00012884936706894 	0.00111562052811707 	0.00119420859974661 	0.0104343148585014 	0.0203561373774338
1 	0.637234084489395 	4.85722573273506e-17 	1.00933031278961 	6.05962156352494 	0.00136694371025846 	0.000217259920145923 	0.00114968379011253 	0.00130911256515639 	0.00942934210346118 	0.0210002989123838
1 	0.650413143825512 	4.16333634234434e-17 	1.00939016593563 	5.59915257511765 	0.00155410072397616 	0.000390029808414672 	0.00116407091556149 	0.00148433619976728 	0.00847540536171424 	0.0217803264293195
1 	0.664062103141271 	3.46944695195361e-17 	1.00945309207693 	5.21329683280134 	0.00177560620403258 	0.000649190421642343 	0.00112641578239024 	0.00176245923267351 	0.00753330879103581 	0.0227222785266674
1 	0.678197278882353 	3.81639164714898e-17 	1.00951916233159 	4.89830107320293 	0.00209691992398873 	0.00104371548526444 	0.00105320443872429 	0.00215550511863655 	0.00663131053552232 	0.0238527369749096
1 	0.692835525387836 	4.87890977618477e-17 	1.00958812587145 	4.65290747400394 	0.00260521492079161 	0.00166876502062423 	0.000936449900167381 	0.00266621874271845 	0.00568099104433889 	0.0252049989732773
1 	0.707994250564154 	5.35595873207839e-17 	1.00966101095194 	4.47855081216102 	0.00329677868128851 	0.00256360429599272 	0.000733174385295791 	0.00336868230953559 	0.00444715125762864 	0.026825082633888
1 	0.723691432331879 	5.20417042793042e-17 	1.0097422155692 	4.37889607940055 	0.00423339227239769 	0.00380969232072879 	0.000423699951668899 	0.00431857648953967 	0.00297919676790866 	0.0287648793148128
1 	0.739945634763086 	5.24753851482984e-17 	1.0098359273953 	4.36218762256255 	0.00553176908369563 	0.00556069382138653 	-2.89247376908949e-05 	0.00560279979961967 	0.00292451200874101 	0.0311001014379589
1 	0.756776025975396 	4.98732999343332e-17 	1.00994555606393 	4.4354771267832 	0.00729519208513411 	0.00791382798062707 	-0.000618635895492961 	0.00733169692429484 	0.0042406227406112 	0.0338812128578885
1 	0.774202395171435 	5.07406616723216e-17 	1.01007232705576 	4.60710270623288 	0.00961275019964828 	0.0108137624155691 	-0.00120101221592078 	0.00967216916776954 	0.00652595712354371 	0.0371396828277376
1 	0.792245170367388 	5.89805981832114e-17 	1.01021500110454 	4.88801339322412 	0.0126597777196967 	0.0142907797074356 	-0.00163100198773884 	0.0128033548351862 	0.00813848404338594 	0.0408897950187449
1 	0.810925437080087 	6.59194920871187e-17 	1.01037215911022 	5.28402945259296 	0.0167920228233017 	0.0186758807977267 	-0.00188385797442502 	0.0169940154922404 	0.00837941342178734 	0.0451362701379876
1 	0.830264956543331 	6.93889390390723e-17 	1.0105459127468 	5.78005543917003 	0.0221836169405739 	0.0239055503315919 	-0.00172193339101794 	0.0223434596652142 	0.0102130544946415 	0.0498824709156861
1 	0.850286185315132 	7.19910242530375e-17 	1.01074343972209 	6.36130618431713 	0.0289883289323836 	0.0298471361454672 	-0.000858807213083576 	0.0291140374628164 	0.0125872906880055 	0.0551018999543771
1 	0.871012294381667 	6.93889390390723e-17 	1.01098176802183 	7.03292294858827 	0.0372650535631 	0.0361636884748605 	0.00110136508823946 	0.0375076432896469 	0.0168530095224731 	0.0607638094580151
1 	0.892467189059725 	5.89805981832114e-17 	1.01128117741199 	7.796001092253 	0.046965384703025 	0.0426108962514938 	0.00435448845153118 	0.047305212060572 	0.0193462634814654 	0.0666908381702938
1 	0.914675529733915 	4.16333634234434e-17 	1.01166924557034 	8.64400972119499 	0.0581391357475156 	0.0491302181073555 	0.00900891764016013 	0.0585627960259739 	0.0208422500362346 	0.0726934148735845
1 	0.937662752487283 	2.42861286636753e-17 	1.01218441381053 	9.52804709862542 	0.0701550594774758 	0.055504678294231 	0.0146503811832447 	0.0703795648560419 	0.020477598044107 	0.0784707318621192
1 	0.961455090555645 	2.08166817117217e-17 	1.01281789890442 	10.3625220357536 	0.0820953113067726 	0.0613830369402019 	0.0207122743665707 	0.0822394678222931 	0.0200870942784376 	0.0837071331277614
1 	0.986079596097515 	2.25514051876985e-17 	1.01352402269025 	11.0714449251145 	0.0920972271282093 	0.0650755341605047 	0.0270216929677046 	0.0923214891577434 	0.0207181110721219 	0.0880646927158447
1 	1.01156416196527 	2.08166817117217e-17 	1.01426762387785 	11.5859621261862 	0.0990605426175482 	0.066586717042342 	0.0324738255752062 	0.0994503294761612 	0.0232661569357624 	0.0911831397397719
1 	1.03793754524283 	2.08166817117217e-17 	1.01499771107151 	11.8364484135291 	0.101111043037325 	0.065478740366693 	0.0356323026706318 	0.101206725865842 	0.0300464395465085 	0.0927084300328619
1 	1.06522939039445 	1.73472347597681e-17 	1.01565290978921 	11.7509493134535 	0.0963338092041035 	0.0600704174741757 	0.0362633917299279 	0.0963234230464463 	0.0348530017579237 	0.0922257242413542
1 	1.09347025249008 	1.73472347597681e-17 	1.01618473334223 	11.2910697086857 	0.0847967650587713 	0.0509391806634568 	0.0338575843953145 	0.0847918025731578 	0.039586277029469 	0.0896552897465324
1 	1.12269162207332 	1.73472347597681e-17 	1.01655339130135 	10.4660041311674 	0.0686155714028209 	0.0399125706160546 	0.0287030007867662 	0.0685697947591513 	0.0426155328051033 	0.0851809150003912
1 	1.15292595102785 	1.04083408558608e-17 	1.01677185121857 	9.34936259142381 	0.0508087271861616 	0.0287890341284454 	0.0220196930577162 	0.0506792732839908 	0.0432346234611244 	0.079366421809964
1 	1.18420667649174 	6.93889390390723e-18 	1.01689605739194 	8.06789449474579 	0.0343691374030127 	0.0189342564278806 	0.0154348809751321 	0.034142471150255 	0.0428126604503994 	0.073009667853005
1 	1.20932909520875 	3.46944695195361e-18 	1.01696153443933 	7.04127053577429 	0.0237577623969817 	0.0127206575550764 	0.0110371048419053 	0.0234831684410211 	0.0409568407379961 	0.0680837423273113
1 	1.22578615912366 	6.93889390390723e-18 	1.01699713868716 	6.39412076971702 	0.0182523319711002 	0.00955922653023782 	0.00869310544086234 	0.0179884456721987 	0.0386875859769099 	0.0650342787999902
1 	1.25005321740227 	1.38777878078145e-17 	1.01705901976143 	5.52464800404914 	0.0122744047757629 	0.00618820373764545 	0.00608620103811743 	0.0120711923550139 	0.0338052799342237 	0.0609655381616005
1 	1.28469102423831 	1.38777878078145e-17 	1.01718226364492 	4.45365423780316 	0.00673271508787759 	0.00314435766141915 	0.00358835742645844 	0.00661657771628062 	0.0258987626313092 	0.0559803328741421
1 	1.32051868216397 	1.04083408558608e-17 	1.01737720191741 	3.5852676441752 	0.00367502970749968 	0.00153627776000782 	0.00213875194749186 	0.00357900361262671 	0.0183562562166162 	0.0519371852859337
1 	1.35757491131609 	1.04083408558608e-17 	1.01765882974227 	2.91789578892227 	0.00207770614391135 	0.000744755275059927 	0.00133295086885142 	0.00198626673838511 	0.0125538565531484 	0.0488039732400671
1 	1.39589958606674 	1.73472347597681e-17 	1.01803253801968 	2.42007911067987 	0.00130413466481123 	0.000401502420862873 	0.00090263224394836 	0.00126671292619411 	0.00746526676376366 	0.0463993154493978
1 	1.43553376582031 	2.08166817117217e-17 	1.01850043782405 	2.05301969634927 	0.00100453627506253 	0.000297237058232158 	0.000707299216830371 	0.00100835454119277 	0.00440936361568636 	0.0445549773845808
1 	1.47651972660739 	2.42861286636753e-17 	1.0190640018436 	1.79549987819498 	0.000948234586973654 	0.000298253528628132 	0.000649981058345522 	0.000940445531293219 	0.00322774010106017 	0.043122911903727
1 	1.518900995497 	2.77555756156289e-17 	1.01972430580998 	1.62785843192818 	0.000940243335853312 	0.000306858680933003 	0.000633384654920309 	0.000917956327921012 	0.00213162411018408 	0.0419475392078337
1 	1.5627223857155 	2.42861286636753e-17 	1.02048165102378 	1.51903461842193 	0.000936080744438808 	0.000308275761705915 	0.000627804982732893 	0.000937756365961872 	0.001124973076381 	0.0409132542484704
1 	1.60803003102541 	2.42861286636753e-17 	1.02133521585687 	1.4433735515353 	0.00099089798916333 	0.000336527290975927 	0.000654370698187404 	0.00102242992924191 	0.000657943460468961 	0.0399553629227443
1 	1.65487142374064 	2.42861286636753e-17 	1.02228286323332 	1.3867482373345 	0.0010279841843938 	0.000368591296478817 	0.000659392887914982 	0.00101535366661395 	0.000755378926016641 	0.0390441544262558
1 	1.70329545284773 	2.77555756156289e-17 	1.02332118023605 	1.33759315027169 	0.00104795694491114 	0.000379098870996486 	0.000668858073914657 	0.00105448317672282 	-0.00214497844844208 	0.0380034636856134
1 	1.75335244493843 	4.16333634234434e-17 	1.02444561561963 	1.29349030910727 	0.00104017666577144 	0.000376965685702717 	0.00066321098006872 	0.00105389508442612 	-0.00119357330640328 	0.0369339151251889
1 	1.80509420599974 	4.77048955893622e-17 	1.02565050416013 	1.25195044916647 	0.00105370887688262 	0.00039149597798719 	0.000662212898895434 	0.0010625083590916 	-0.000980467733323548 	0.0357901746458232
1 	1.8585740643848 	4.85722573273506e-17 	1.02692696837792 	1.21116345078431 	0.00106788819012431 	0.0004140798648258 	0.000653808325298513 	0.00106639819991047 	-6.5888389188762e-05 	0.034553029414548
1 	1.91384691717186 	5.3776427755281e-17 	1.02826381663345 	1.16833728617099 	0.00100950217717927 	0.000395455211284272 	0.000614046965894993 	0.000996005831378092 	-0.000268778748186923 	0.0331444643952018
1 	1.97096927691718 	5.8113236445223e-17 	1.02961657747234 	1.12542868465213 	0.000937181911035685 	0.000367952728110652 	0.000569229182925032 	0.000918440412852871 	3.91388332427883e-06 	0.0316402793896171
1 	2.020240096 	5.89805981832114e-17 	1.03084052346932 	1.08938310085063 	0.000895470779283374 	0.000363756868258662 	0.000531713911024712 	0.000902142313462194 	0.000350379578261573 	0.0302900352897977
1 	2.060005036 	5.89805981832114e-17 	1.03179979042011 	1.06016513390629 	0.000845176632107262 	0.000350643558603998 	0.000494533073503264 	0.00084720741544923 	0.000512420254985141 	0.0291355768723387
1 	2.0983647475 	5.55111512312578e-17 	1.03270516025743 	1.03325863427189 	0.000767025153695335 	0.000314432113616002 	0.000452593040079334 	0.000773037741571318 	0.000104179514677698 	0.0280061796585287
1 	2.135368889 	4.85722573273506e-17 	1.03356679368349 	1.00919411928203 	0.000686549187830896 	0.000278179776856467 	0.000408369410974429 	0.000687947588399041 	-0.000262173988649803 	0.026917479699856
1 	2.171065364 	4.85722573273506e-17 	1.03438329712569 	0.988663207467889 	0.00060740797132971 	0.000244156996414225 	0.000363250974915485 	0.000605848165188221 	0.000250345077258708 	0.0258925449375747
1 	2.205500383 	4.85722573273506e-17 	1.03515570245944 	0.970764490570433 	0.000527403764860476 	0.000208336536927289 	0.000319067227933187 	0.000525824198909274 	0.00107222441222242 	0.0249046877579462
1 	2.2387185245 	3.81639164714898e-17 	1.03588524366561 	0.954439562345146 	0.000457038098598209 	0.000178286181626791 	0.000278751916971419 	0.000451863882128043 	0.000493199915002898 	0.0239197397403701
1 	2.270762791 	3.12250225675825e-17 	1.03657332526087 	0.941104190398369 	0.000381561426765773 	0.000144037948943698 	0.000237523477822075 	0.000378575004187996 	0.000307329416181026 	0.022974754896355
1 	2.3016746645 	3.12250225675825e-17 	1.03722151715049 	0.931199993256202 	0.000300950202895744 	0.000107432877559916 	0.000193517325335827 	0.000301690763699874 	0.00046889752705491 	0.0220812830622473
1 	2.3314941625 	3.12250225675825e-17 	1.03783148687564 	0.924592914633644 	0.000229641039930696 	7.72316035004881e-05 	0.000152409436430208 	0.000234116509587729 	0.000291515725958044 	0.0212333647315082
1 	2.360259888 	2.77555756156289e-17 	1.03840494889692 	0.921596504707985 	0.000164105010986726 	5.30782235596769e-05 	0.00011102678742705 	0.000165486163186986 	-4.41777290229277e-05 	0.0204371316788354
1 	2.3880090795 	2.77555756156289e-17 	1.03894362951876 	0.922374764087307 	0.00010636614858896 	3.36945786956085e-05 	7.26715698933519e-05 	0.000107703206357542 	0.000216966967476079 	0.0196999288184693
1 	2.4147776595 	3.12250225675825e-17 	1.03944924098767 	0.926763089753198 	5.5846648714463e-05 	1.93259135788385e-05 	3.65207351356245e-05 	5.91989764170333e-05 	0.000212015246325255 	0.0190110288709847
1 	2.440600281 	3.12250225675825e-17 	1.03992346249356 	0.935104198315008 	1.13480835639739e-05 	1.02934852945118e-05 	1.0545982694621e-06 	1.58325014560292e-05 	0.000461405100742966 	0.0183719042178347
1 	2.465510373 	3.81639164714898e-17 	1.04036792661635 	0.947290481610659 	-2.66677405750262e-05 	6.54732924324085e-06 	-3.32150698182671e-05 	-2.33620175546436e-05 	0.00052007650934971 	0.0177746155623703
1 	2.4895401825 	4.5102810375397e-17 	1.04078420996951 	0.963383810419307 	-5.98485526860873e-05 	7.72611834224916e-06 	-6.75746710283365e-05 	-5.76915128780149e-05 	0.000560680394952375 	0.0172171992456867
1 	2.5127208175 	4.85722573273506e-17 	1.04117382715457 	0.983606967314367 	-8.88161259449855e-05 	1.45518380856515e-05 	-0.000103367964030637 	-8.7125820802972e-05 	0.00065653618290517 	0.0166992230155865
1 	2.5350822865 	5.20417042793042e-17 	1.04153822724881 	1.00816611978847 	-0.000112634517340943 	2.76465595171516e-05 	-0.000140281076858094 	-0.000110999732195969 	0.000591325479776533 	0.0162185471472469
1 	2.5566535375 	4.85722573273506e-17 	1.04187879230471 	1.03749466672007 	-0.000129649651951641 	4.62699597786535e-05 	-0.000175919611730294 	-0.000130567338007746 	0.000508032887104996 	0.015777662706199
1 	2.5774624955 	4.85722573273506e-17 	1.04219683741545 	1.07206260701621 	-0.000140061349264154 	7.02674021585328e-05 	-0.000210328751422687 	-0.000142954672738915 	0.000580338881478585 	0.0153793855389549
1 	2.5975360985 	4.5102810375397e-17 	1.04249361200653 	1.11210537350071 	-0.000144749148180537 	0.000100840727541079 	-0.000245589875721615 	-0.000147310767057825 	0.00074357834252508 	0.0150215217100188
1 	2.616900333 	3.81639164714898e-17 	1.04277030209164 	1.15772169514217 	-0.000142888119219691 	0.000137180964424056 	-0.000280069083643746 	-0.000144591283802469 	0.000877824266991851 	0.0146993033870781
1 	2.6355802665 	3.46944695195361e-17 	1.04302803324728 	1.20908409835496 	-0.000134260096481153 	0.000177518711665383 	-0.000311778808146536 	-0.000136086993268978 	0.000950730258293818 	0.0144092806868387
1 	2.6536000815 	3.12250225675825e-17 	1.04326787415943 	1.26647516161593 	-0.000119195346706703 	0.000219859424858373 	-0.000339054771565077 	-0.000119482815452422 	0.000909052055603977 	0.0141496838616772
1 	2.670983106 	3.12250225675825e-17 	1.04349084051251 	1.3304583600439 	-9.77166982962697e-05 	0.00026012501541267 	-0.000357841713708939 	-9.76526289991208e-05 	0.00103677301687564 	0.0139220743317237
1 	2.687751842 	3.12250225675825e-17 	1.04369789906887 	1.40126484545737 	-7.15955889140771e-05 	0.000299416379029539 	-0.000371011967943616 	-7.26960425450356e-05 	0.00108950124187332 	0.0137227294438816
1 	2.703927998 	2.94902990916057e-17 	1.04388997181114 	1.47934514359497 	-4.22937655589075e-05 	0.000342544880027356 	-0.000384838645586263 	-4.2840394788804e-05 	0.00114644940473356 	0.0135503538813504
1 	2.719532515 	2.77555756156289e-17 	1.04406793986847 	1.56522188100816 	-1.01987785513607e-05 	0.000389505511086827 	-0.000399704289638188 	-9.27859897040879e-06 	0.00127266244424171 	0.013403567132847
1 	2.7345855935 	2.25514051876985e-17 	1.04423264711769 	1.65931782497088 	2.47815796652711e-05 	0.000434822406785489 	-0.000410040827120218 	2.5605429084433e-05 	0.00153437893477973 	0.013279140532742
1 	2.749106721 	1.73472347597681e-17 	1.04438490329332 	1.76173793220077 	6.31020146625148e-05 	0.000474889487731746 	-0.000411787473069231 	6.31315936810462e-05 	0.00171415791441069 	0.0131701816160103
1 	2.7631146955 	1.73472347597681e-17 	1.04452548644719 	1.87310700078461 	0.000103822374235498 	0.000515003721395066 	-0.000411181347159568 	0.000102152768662813 	0.00181984138534863 	0.0130733179907463
1 	2.7766276505 	2.08166817117217e-17 	1.04465514473218 	1.99446987484053 	0.000148072424007156 	0.000559184255929328 	-0.000411111831922172 	0.00014775550311883 	0.00186853458529917 	0.0129880807193823
1 	2.7896630795 	2.42861286636753e-17 	1.04477459748738 	2.12732028539004 	0.000195137228138187 	0.000602053535468494 	-0.000406916307330306 	0.000195006050078903 	0.00203359932262854 	0.0129158720329291
1 	2.8022378575 	2.42861286636753e-17 	1.04488453566289 	2.2730330548237 	0.000246881715864861 	0.000653225633642869 	-0.000406343917778008 	0.000246685418991694 	0.00193581305046038 	0.0128549573262136
1 	2.814368263 	1.73472347597681e-17 	1.04498562171088 	2.4343336387858 	0.000302336328599574 	0.000707551363603612 	-0.000405215035004038 	0.000302348539638865 	0.0022030014853046 	0.0128116085251479
1 	2.82607 	6.93889390390723e-18 	1.04507848906321 	2.61305881972635 	0.000362479808434848 	0.000765867044600724 	-0.000403387236165876 	0.00036258245708422 	0.00235004397600262 	0.0127820664191488
1 	2.8373582165 	0 	1.04516374128932 	2.81192310880024 	0.000429304332985112 	0.000835276920578166 	-0.000405972587593054 	0.000429413445792636 	0.00258556687049765 	0.0127663390895144
1 	2.848247526 	-6.93889390390723e-18 	1.04524195105807 	3.03399654772182 	0.000503695476926859 	0.000914240578688946 	-0.000410545101762087 	0.000502913781899038 	0.00277476162377414 	0.0127625076482118
1 	2.858752025 	-1.04083408558608e-17 	1.04531365890979 	3.28349670779389 	0.000591985031663649 	0.00102205763368733 	-0.000430072602023683 	0.000591590682088926 	0.00295855521473602 	0.0127710595887102
1 	2.8688853115 	-1.21430643318376e-17 	1.04537937183679 	3.56575059892221 	0.000692662078582213 	0.00114523226318668 	-0.000452570184604462 	0.000692351647901172 	0.00324585342878448 	0.0127934861836044
1 	2.878660504 	-1.21430643318376e-17 	1.04543956165721 	3.88695149808283 	0.000806927034084788 	0.00128326588861031 	-0.000476338854525519 	0.000805372318223265 	0.00352352584098896 	0.0128294656451929
1 	2.8880902575 	-1.04083408558608e-17 	1.04549466335077 	4.25508226924472 	0.000946860690117472 	0.00146385841237578 	-0.000516997722258308 	0.000945794601123707 	0.00382117637642972 	0.0128805814438106
1 	2.897186779 	-1.04083408558608e-17 	1.04554507317086 	4.68026191499073 	0.00111528286389381 	0.00168452923734709 	-0.000569246373453281 	0.00111415406262292 	0.00421964965817676 	0.0129493898587244
1 	2.9059618435 	-1.04083408558608e-17 	1.04559114669176 	5.17480180160555 	0.00131855653175454 	0.00195633746857376 	-0.000637780936819219 	0.00131588293162273 	0.00462718310744508 	0.0130375308570394
1 	2.9144268115 	-6.93889390390723e-18 	1.04563319692961 	5.75467133448671 	0.00157006813506188 	0.00230440186575069 	-0.000734333730688815 	0.001566650624148 	0.00514229865377964 	0.0131490402257405
1 	2.9225926415 	-3.46944695195361e-18 	1.04567149274483 	6.43945155395365 	0.00189288831053729 	0.0027769783096601 	-0.000884089999122807 	0.0018895004783139 	0.00570992011556062 	0.0132876854900995
1 	2.930469904 	-6.93889390390723e-18 	1.04570625861892 	7.25451382918564 	0.00230153898455539 	0.0034025844896895 	-0.00110104550513411 	0.00229742630078571 	0.00643599404726263 	0.0134592557496364
1 	2.938068797 	-1.04083408558608e-17 	1.04573767607191 	8.23191042943675 	0.00280393704901177 	0.00419321415711476 	-0.00138927710810299 	0.00279764927689845 	0.00762308313577525 	0.013669440784227
1 	2.9453991575 	-1.04083408558608e-17 	1.04576588292385 	9.40803019903222 	0.00342452059535279 	0.00519980231071685 	-0.00177528171536406 	0.00341891186640578 	0.00886305782889294 	0.0139152846999256
1 	2.952470475 	-1.38777878078145e-17 	1.04579095768943 	10.8309033121983 	0.00423525006989142 	0.00663137029498011 	-0.00239612022508869 	0.00422663873925379 	0.0102303784922628 	0.014197025857344
1 	2.9592919035 	-1.73472347597681e-17 	1.04581295749678 	12.5655810456944 	0.00525262453973573 	0.00854954511933734 	-0.00329692057960161 	0.00523857575729863 	0.0122949679459115 	0.0145190815723279
1 	2.9658722735 	-2.08166817117217e-17 	1.04583233245443 	14.6892784302982 	0.00650390779213867 	0.0110247741703525 	-0.00452086637821381 	0.00649926495657487 	0.0148023516561017 	0.0148715434374439
1 	2.9722201045 	-2.77555756156289e-17 	1.04584949840129 	17.3074906785472 	0.00807604103328184 	0.0145453050491709 	-0.00646926401588905 	0.00806097006613482 	0.0181938548448143 	0.0152413620916354
1 	2.9783436135 	-3.12250225675825e-17 	1.0458640170941 	20.5614182502687 	0.009941951360601 	0.0191769862972228 	-0.00923503493662182 	0.00992222735904454 	0.0225779149464455 	0.0155986530484384
1 	2.984250727 	-3.46944695195361e-17 	1.04587530263106 	24.648526342817 	0.0120658187340527 	0.0250490658848615 	-0.0129832471508088 	0.0120652322590022 	0.0283048976331614 	0.0158953653637706
1 	2.9899490925 	-3.81639164714898e-17 	1.04588330751007 	29.8495698561509 	0.0143011557307348 	0.0325002058762053 	-0.0181990501454704 	0.0142781098564186 	0.0359785340914771 	0.0160509180148149
1 	2.9954460875 	-3.81639164714898e-17 	1.04588832905567 	36.5977463209872 	0.0162704098208767 	0.0403530974651422 	-0.0240826876442654 	0.016259948766462 	0.044619605628274 	0.0159377216475776
1 	3.0007488275 	-3.81639164714898e-17 	1.04589082908087 	45.7029935186714 	0.0175103780637397 	0.0471870818536481 	-0.0296767037899084 	0.0175226645130572 	0.055389455021478 	0.0154183381114263
1 	3.005864177 	-3.81639164714898e-17 	1.04589134240692 	58.6842250604659 	0.0173254815847063 	0.0504788733544729 	-0.0331533917697666 	0.0172932311946017 	0.0666991086077652 	0.0142950356949266
1 	3.0107987585 	-3.81639164714898e-17 	1.04589041514068 	78.9998656804845 	0.0153008778477964 	0.0461000164902465 	-0.0307991386424501 	0.0153012134891453 	0.077128125047594 	0.012437291852353
1 	3.01555896 	-3.81639164714898e-17 	1.04588879313044 	115.14803255722 	0.0115364639015597 	0.034123104807065 	-0.0225866409055052 	0.0115525653414579 	0.0895908506889016 	0.00989426179843836
1 	3.020150944 	-3.81639164714898e-17 	1.0458872635288 	189.369348482684 	0.00697547902378279 	0.0188683806200056 	-0.0118929015962228 	0.00697292719585537 	0.100977381751233 	0.0068754888485298
1 	3.0245806545 	-3.81639164714898e-17 	1.04588600343629 	375.215172013159 	0.00307891271654603 	0.0069655123204826 	-0.00388659960393656 	0.00307994878572285 	0.108933028062478 	0.00391826964294124
1 	3.028853826 	-3.81639164714898e-17 	1.0458846597184 	1033.40071426287 	0.00077524835498475 	0.0014505805579219 	-0.000675332202937145 	0.000776346115210108 	0.0987055818625438 	0.00156735317816978
