0.336 	-0.21 	0.0103514 	0 	0 	0 	0 	0 	0 	0.629009 	0 	-0.197486 	0.549416 	0 	0.0650165
0.336 	-0.21 	0.0103906 	0 	0 	0 	0 	0 	0 	2.32793 	0 	-0.722607 	1.95188 	0 	0.242223
0.336 	-0.21 	0.0104299 	0 	0 	0 	0 	0 	0 	4.60387 	0 	-1.41059 	3.70623 	0 	0.487869
0.336 	-0.21 	0.0104691 	0 	0 	0 	0 	0 	0 	6.907 	0 	-2.09229 	5.41727 	0 	0.755082
0.336 	-0.21 	0.0105084 	0 	0 	0 	0 	0 	0 	8.89399 	0 	-2.66951 	6.8919 	0 	1.01333
0.336 	-0.21 	0.0105477 	0 	0 	0 	0 	0 	0 	10.5043 	0 	-3.12911 	8.11268 	0 	1.25518
0.336 	-0.21 	0.0105876 	0 	0 	0 	0 	0 	0 	11.8097 	0 	-3.49438 	9.13164 	0 	1.48695
0.336 	-0.21 	0.0106317 	0 	0 	0 	0 	0 	0 	12.9194 	0 	-3.79736 	10.023 	0 	1.72419
0.336 	-0.21 	0.0106837 	0 	0 	0 	0 	0 	0 	13.9024 	0 	-4.0574 	10.8299 	0 	1.98065
0.336 	-0.21 	0.010745 	0 	0 	0 	0 	0 	0 	14.7722 	0 	-4.27816 	11.5512 	0 	2.26119
0.336 	-0.21 	0.0108169 	0 	0 	0 	0 	0 	0 	15.5278 	0 	-4.45989 	12.1743 	0 	2.56567
0.336 	-0.21 	0.0109005 	0 	0 	0 	0 	0 	0 	16.1742 	0 	-4.60537 	12.6939 	0 	2.8921
0.336 	-0.21 	0.0109972 	0 	0 	0 	0 	0 	0 	16.7204 	0 	-4.71932 	13.1117 	0 	3.23654
0.336 	-0.21 	0.0111079 	0 	0 	0 	0 	0 	0 	17.1764 	0 	-4.80761 	13.4335 	0 	3.59319
0.336 	-0.21 	0.0112333 	0 	0 	0 	0 	0 	0 	17.5538 	0 	-4.87664 	13.669 	0 	3.9549
0.336 	-0.21 	0.0113739 	0 	0 	0 	0 	0 	0 	17.8651 	0 	-4.93288 	13.8304 	0 	4.31375
0.336 	-0.21 	0.0115294 	0 	0 	0 	0 	0 	0 	18.1236 	0 	-4.98298 	13.9325 	0 	4.66196
0.336 	-0.21 	0.011699 	0 	0 	0 	0 	0 	0 	18.3425 	0 	-5.03359 	13.9904 	0 	4.99315
0.336 	-0.21 	0.0118812 	0 	0 	0 	0 	0 	0 	18.5298 	0 	-5.08906 	14.0134 	0 	5.30198
0.336 	-0.21 	0.0120736 	0 	0 	0 	0 	0 	0 	18.6871 	0 	-5.15032 	14.0044 	0 	5.58382
0.336 	-0.21 	0.0122732 	0 	0 	0 	0 	0 	0 	18.8148 	0 	-5.21662 	13.9665 	0 	5.83634
0.336 	-0.21 	0.0124768 	0 	0 	0 	0 	0 	0 	18.9171 	0 	-5.28704 	13.9053 	0 	6.06131
0.336 	-0.21 	0.0126841 	0 	0 	0 	0 	0 	0 	19.002 	0 	-5.3617 	13.8276 	0 	6.26635
0.336 	-0.21 	0.0129019 	0 	0 	0 	0 	0 	0 	19.0805 	0 	-5.44218 	13.7398 	0 	6.46428
0.336 	-0.21 	0.0131359 	0 	0 	0 	0 	0 	0 	19.1664 	0 	-5.53007 	13.6513 	0 	6.66982
0.336 	-0.21 	0.0133871 	0 	0 	0 	0 	0 	0 	19.2774 	0 	-5.626 	13.5768 	0 	6.89972
0.336 	-0.21 	0.0136568 	0 	0 	0 	0 	0 	0 	19.4357 	0 	-5.7301 	13.5355 	0 	7.17376
0.336 	-0.21 	0.0139463 	0 	0 	0 	0 	0 	0 	19.65 	0 	-5.84212 	13.5341 	0 	7.49961
0.336 	-0.21 	0.0142568 	0 	0 	0 	0 	0 	0 	19.9024 	0 	-5.96115 	13.5534 	0 	7.86248
0.336 	-0.21 	0.01459 	0 	0 	0 	0 	0 	0 	20.1796 	0 	-6.08984 	13.5756 	0 	8.249
0.336 	-0.21 	0.0149473 	0 	0 	0 	0 	0 	0 	20.4843 	0 	-6.2342 	13.606 	0 	8.65761
0.336 	-0.21 	0.0153302 	0 	0 	0 	0 	0 	0 	20.816 	0 	-6.39577 	13.6476 	0 	9.08762
0.336 	-0.21 	0.0157407 	0 	0 	0 	0 	0 	0 	21.1804 	0 	-6.57473 	13.6907 	0 	9.53946
0.336 	-0.21 	0.0161803 	0 	0 	0 	0 	0 	0 	21.5899 	0 	-6.77382 	13.7361 	0 	10.0189
0.336 	-0.21 	0.0166511 	0 	0 	0 	0 	0 	0 	22.0547 	0 	-6.99724 	13.7923 	0 	10.5357
0.336 	-0.21 	0.017155 	0 	0 	0 	0 	0 	0 	22.5739 	0 	-7.24963 	13.8715 	0 	11.0964
0.336 	-0.21 	0.017694 	0 	0 	0 	0 	0 	0 	23.1411 	0 	-7.5354 	14.004 	0 	11.6991
0.336 	-0.21 	0.0182705 	0 	0 	0 	0 	0 	0 	23.7603 	0 	-7.85467 	14.2109 	0 	12.3404
0.336 	-0.21 	0.0188866 	0 	0 	0 	0 	0 	0 	24.4516 	0 	-8.20771 	14.4652 	0 	13.0263
0.336 	-0.21 	0.0195446 	0 	0 	0 	0 	0 	0 	25.2412 	0 	-8.60043 	14.7322 	0 	13.7658
0.336 	-0.21 	0.0202471 	0 	0 	0 	0 	0 	0 	26.1413 	0 	-9.03865 	15.0345 	0 	14.5654
0.336 	-0.21 	0.0209965 	0 	0 	0 	0 	0 	0 	27.1643 	0 	-9.52695 	15.4644 	0 	15.4442
0.336 	-0.21 	0.0217955 	0 	0 	0 	0 	0 	0 	28.3444 	0 	-10.0736 	16.0578 	0 	16.4397
0.336 	-0.21 	0.0226467 	0 	0 	0 	0 	0 	0 	29.7843 	0 	-10.7067 	16.7617 	0 	17.588
0.336 	-0.21 	0.0235527 	0 	0 	0 	0 	0 	0 	31.6219 	0 	-11.4837 	17.5999 	0 	18.9055
0.336 	-0.21 	0.0245164 	0 	0 	0 	0 	0 	0 	33.9566 	0 	-12.4848 	18.6776 	0 	20.4053
0.336 	-0.21 	0.0255404 	0 	0 	0 	0 	0 	0 	36.9145 	0 	-13.7661 	20.0678 	0 	22.1174
0.336 	-0.21 	0.0266277 	0 	0 	0 	0 	0 	0 	40.6125 	0 	-15.3306 	21.8512 	0 	24.0794
0.336 	-0.21 	0.0277808 	0 	0 	0 	0 	0 	0 	45.0812 	0 	-17.1805 	24.0641 	0 	26.3385
0.336 	-0.21 	0.0290026 	0 	0 	0 	0 	0 	0 	50.3296 	0 	-19.3676 	26.6507 	0 	28.8812
0.336 	-0.21 	0.0302957 	0 	0 	0 	0 	0 	0 	56.478 	0 	-21.968 	29.5103 	0 	31.6007
0.336 	-0.21 	0.0316625 	0 	0 	0 	0 	0 	0 	63.5996 	0 	-24.9441 	32.566 	0 	34.3393
0.336 	-0.21 	0.0331056 	0 	0 	0 	0 	0 	0 	71.592 	0 	-28.1377 	35.734 	0 	36.8947
0.336 	-0.21 	0.0346272 	0 	0 	0 	0 	0 	0 	80.1518 	0 	-31.3216 	38.548 	0 	38.9681
0.336 	-0.21 	0.0362292 	0 	0 	0 	0 	0 	0 	88.3027 	0 	-34.0165 	39.9896 	0 	40.0848
0.336 	-0.21 	0.0379136 	0 	0 	0 	0 	0 	0 	94.2148 	0 	-35.4906 	39.2879 	0 	39.6624
0.336 	-0.21 	0.0396818 	0 	0 	0 	0 	0 	0 	95.4428 	0 	-34.9586 	36.6049 	0 	37.2244
0.336 	-0.21 	0.041535 	0 	0 	0 	0 	0 	0 	89.2505 	0 	-31.7843 	32.1867 	0 	32.7699
0.336 	-0.21 	0.043474 	0 	0 	0 	0 	0 	0 	74.6082 	0 	-26.057 	26.1618 	0 	26.8132
0.336 	-0.21 	0.0454992 	0 	0 	0 	0 	0 	0 	54.5172 	0 	-19.007 	19.4078 	0 	20.2913
0.336 	-0.21 	0.0476105 	0 	0 	0 	0 	0 	0 	34.5869 	0 	-12.349 	13.2811 	0 	14.3796
0.336 	-0.21 	0.0498073 	0 	0 	0 	0 	0 	0 	19.4925 	0 	-7.27002 	8.67629 	0 	9.85056
0.336 	-0.21 	0.0520886 	0 	0 	0 	0 	0 	0 	10.73 	0 	-4.07061 	5.75812 	0 	6.74784
0.336 	-0.21 	0.0544527 	0 	0 	0 	0 	0 	0 	6.75111 	0 	-2.39869 	4.10672 	0 	4.76852
0.336 	-0.21 	0.0568972 	0 	0 	0 	0 	0 	0 	5.18352 	0 	-1.65657 	3.17566 	0 	3.54658
0.336 	-0.21 	0.0594194 	0 	0 	0 	0 	0 	0 	4.44452 	0 	-1.32387 	2.58305 	0 	2.76774
0.336 	-0.21 	0.0620157 	0 	0 	0 	0 	0 	0 	3.83907 	0 	-1.10341 	2.12205 	0 	2.22057
0.336 	-0.21 	0.0646819 	0 	0 	0 	0 	0 	0 	3.18545 	0 	-0.894828 	1.71187 	0 	1.78802
0.336 	-0.21 	0.0674133 	0 	0 	0 	0 	0 	0 	2.4821 	0 	-0.685267 	1.33391 	0 	1.42015
0.336 	-0.21 	0.070203 	0 	0 	0 	0 	0 	0 	1.76782 	0 	-0.485936 	0.98329 	0 	1.09155
0.336 	-0.21 	0.073315 	0 	0 	0 	0 	0 	0 	1.09609 	0 	-0.30491 	0.659431 	0 	0.78484
0.336 	-0.21 	0.0772992 	0 	0 	0 	0 	0 	0 	0.545696 	0 	-0.154213 	0.379592 	0 	0.501432
0.336 	-0.21 	0.0826215 	0 	0 	0 	0 	0 	0 	0.204993 	0 	-0.0560769 	0.18041 	0 	0.273377
0.336 	-0.21 	0.0897021 	0 	0 	0 	0 	0 	0 	0.0636633 	0 	-0.0122302 	0.0743347 	0 	0.129051
0.336 	-0.21 	0.0990707 	0 	0 	0 	0 	0 	0 	0.0230358 	0 	1.77139e-05 	0.029321 	0 	0.0570744
0.336 	-0.21 	0.111378 	0 	0 	0 	0 	0 	0 	0.0114814 	0 	0.00169133 	0.0109003 	0 	0.0253389
0.336 	-0.21 	0.127393 	0 	0 	0 	0 	0 	0 	0.00691331 	0 	0.00144285 	0.0034843 	0 	0.0112639
0.336 	-0.21 	0.147981 	0 	0 	0 	0 	0 	0 	0.00453877 	0 	0.000984004 	0.000879043 	0 	0.00493567
0.336 	-0.21 	0.174036 	0 	0 	0 	0 	0 	0 	0.00291421 	0 	0.00053762 	0.000170125 	0 	0.00215498
0.336 	-0.21 	0.206148 	0 	0 	0 	0 	0 	0 	0.00170301 	0 	0.000288664 	2.87402e-05 	0 	0.000970411
0.336 	-0.21 	0.244307 	0 	0 	0 	0 	0 	0 	0.000936521 	0 	0.000225347 	6.47106e-06 	0 	0.000429434
0.336 	-0.21 	0.289653 	0 	0 	0 	0 	0 	0 	0.000608956 	0 	0.000151193 	2.11164e-06 	0 	0.000159949
0.336 	-0.21 	0.344343 	0 	0 	0 	0 	0 	0 	0.000511388 	-2.09806e-26 	4.55191e-05 	8.1616e-07 	9.28613e-30 	3.58587e-05
