4 	0.003911129678 	0 	1.07872576994024 	0.000107118157447306 	441.407224511086 	1.13121535706874e-06 	6.1702772525685e-05 	6.16547258310451e-38
4 	0.011876665168 	-6.93889390390723e-18 	1.07872105843907 	0.000978070708005331 	129.006508855452 	2.19435801324404e-05 	0.000446679008265169 	6.12736242523644e-38
4 	0.02013400155 	-1.38777878078145e-17 	1.07870472472607 	0.003444047452517 	33.3840859724015 	0.000148391941362448 	0.000717710295685071 	6.08783574455197e-38
4 	0.028693828345 	-1.38777878078145e-17 	1.07866615057965 	0.00622108448002725 	15.2734534771048 	0.000465458482383712 	0.000216547596343642 	6.04683921523259e-38
4 	0.03756722666 	-1.73472347597681e-17 	1.07860346521733 	0.00854707137648661 	9.52741296574715 	0.00094745582066416 	3.99027142232936e-05 	6.00431738888565e-38
4 	0.04676568354 	-1.38777878078145e-17 	1.07852312531421 	0.0104638662934694 	6.97701449166625 	0.00154076093283597 	9.60505687776885e-05 	5.96021260253208e-38
4 	0.056301106835 	-1.38777878078145e-17 	1.07843107310826 	0.0121146996653196 	5.56576486300878 	0.00221044624481513 	0.000212355083898993 	5.91446488550189e-38
4 	0.06618584061 	-2.08166817117217e-17 	1.07833035779812 	0.0135912133463346 	4.67415640808028 	0.00293609789506543 	0.000344235031124328 	5.86701201721775e-38
4 	0.07643268113 	-1.73472347597681e-17 	1.07822274862713 	0.0149480840053742 	4.06177231485599 	0.0037042932045782 	0.000482634029451711 	5.81778943067582e-38
4 	0.087054893425 	-1.38777878078145e-17 	1.07810963498892 	0.0162197568220949 	3.61695055357429 	0.00450502113203335 	0.000625926137657474 	5.76672988731573e-38
4 	0.098066228435 	-1.04083408558608e-17 	1.07799219450614 	0.0174293189270989 	3.28091401035807 	0.00533008576232002 	0.000774333682731671 	5.7137633809058e-38
4 	0.1094809409 	-6.93889390390723e-18 	1.07787144868611 	0.0185930984972066 	3.01979293198235 	0.00617233754894099 	0.000928629669930265 	5.65881733696996e-38
4 	0.12131380775 	-1.38777878078145e-17 	1.07774831642291 	0.0197231739798609 	2.81269802407981 	0.00702527386422422 	0.00108978442638803 	5.60181643391214e-38
4 	0.13358014715 	-1.73472347597681e-17 	1.07762364887621 	0.020828823315667 	2.64605032910708 	0.00788282070446776 	0.0012588649282946 	5.54268207798213e-38
4 	0.1462958385 	-1.38777878078145e-17 	1.07749824842953 	0.0219174042276443 	2.51064817348246 	0.00873921131621614 	0.00143701247454492 	5.48133264465339e-38
4 	0.15947734285 	-1.38777878078145e-17 	1.07737287954611 	0.0229949117583854 	2.40004454696211 	0.00958892060935314 	0.00162544609941514 	5.41768336486651e-38
4 	0.1731417243 	-6.93889390390723e-18 	1.07724827533174 	0.0240663433104434 	2.30959899655211 	0.010426633692658 	0.00182547482365346 	5.35164590075535e-38
4 	0.18730667205 	0 	1.07712514151435 	0.0251359434490461 	2.23589795359717 	0.011247236209712 	0.0020385124041778 	5.28312862442659e-38
4 	0.2019905233 	-6.93889390390723e-18 	1.07700415892596 	0.0262073702833012 	2.17638652438179 	0.0120458190007839 	0.00226609234113918 	5.21203603884242e-38
4 	0.21721228705 	-6.93889390390723e-18 	1.07688598538725 	0.0272838084321777 	2.12912685306608 	0.0128176921966886 	0.0025098826673131 	5.13826875340332e-38
4 	0.23299166855 	-6.93889390390723e-18 	1.07677125754198 	0.0283680438765116 	2.09263501382048 	0.013558405304577 	0.00277169917276478 	5.06172345300227e-38
4 	0.249349095 	-1.04083408558608e-17 	1.07666059325228 	0.0294625102428018 	2.06576815804572 	0.0142637707190605 	0.00305351737354602 	4.98229254451106e-38
4 	0.26630574195 	-1.73472347597681e-17 	1.07655459501877 	0.0305693123854075 	2.04764469679719 	0.0149298885792454 	0.0033574818814154 	4.89986418158683e-38
4 	0.2838835605 	-2.77555756156289e-17 	1.07645385482924 	0.0316902308243175 	2.03758670258201 	0.0155531712685731 	0.00368591284860102 	4.81432192113896e-38
4 	0.302105306 	-2.42861286636753e-17 	1.07635896083529 	0.0328267090399284 	2.03507754539038 	0.0161303661352048 	0.0040413077875728 	4.72554435410088e-38
4 	0.3209945674 	-2.42861286636753e-17 	1.07627050637766 	0.033979824456257 	2.03973013081249 	0.0166585752172833 	0.00442633786535182 	4.63340518807838e-38
4 	0.34057579775 	-3.46944695195361e-17 	1.07618910158634 	0.035150243180779 	2.05126257949738 	0.0171352710717661 	0.00484383549821876 	4.53777298318899e-38
4 	0.36087434595 	-4.16333634234434e-17 	1.07611538791671 	0.0363381579502591 	2.06947912569259 	0.0175583081136758 	0.00529677182306797 	4.43851080325233e-38
4 	0.3819164894 	-3.46944695195361e-17 	1.07605005466857 	0.0375432082007262 	2.09425460265282 	0.0179259292827482 	0.00578821878988919 	4.33547590662046e-38
4 	0.4037294682 	-2.77555756156289e-17 	1.07599385842319 	0.0387643808323453 	2.12552124559121 	0.0182367683893045 	0.00632129150491255 	4.22851951067006e-38
4 	0.4263415203 	-2.42861286636753e-17 	1.07594766122658 	0.0399998898397421 	2.16325673356564 	0.0184898491277441 	0.00689905931663662 	4.11748674288772e-38
4 	0.44978191805 	-2.42861286636753e-17 	1.07591249890418 	0.0412470329488489 	2.20747245863691 	0.0186845825554678 	0.00752442368639876 	4.00221610546716e-38
4 	0.4740810062 	-2.08166817117217e-17 	1.07588943790581 	0.0425020234339879 	2.2582009545542 	0.0188207657339979 	0.00820001467337573 	3.88253920147832e-38
4 	0.49927024115 	-1.38777878078145e-17 	1.07587872848416 	0.043759790094389 	2.31548088278336 	0.0188985857596614 	0.00892811150983475 	3.75828039765682e-38
4 	0.5253822315 	-2.08166817117217e-17 	1.07588152658664 	0.0450137487925696 	2.37933893941387 	0.0189186283961956 	0.00972004742826144 	3.62925662772629e-38
4 	0.5524507805 	-2.77555756156289e-17 	1.07591594302224 	0.0462562122366812 	2.4498151868493 	0.0188478893782959 	0.0106829496902987 	3.49527698130382e-38
4 	0.5805109298 	-2.42861286636753e-17 	1.07600867101883 	0.0474846927962213 	2.52735556943686 	0.0182996813079621 	0.0118342256197293 	3.35614196303291e-38
4 	0.60959900455 	-2.42861286636753e-17 	1.07615803511919 	0.0486957896745845 	2.61203273332682 	0.0173249038131482 	0.0131647194993164 	3.21164362379063e-38
4 	0.6397526606 	-2.42861286636753e-17 	1.07633520875732 	0.0498540712565681 	2.70103971841603 	0.0163754670122057 	0.0145958014526812 	3.06156494743435e-38
4 	0.67101093335 	-2.08166817117217e-17 	1.07651955336244 	0.0508863663384955 	2.78811098178459 	0.01563270289889 	0.0159248874124963 	2.90567892328131e-38
4 	0.7034142882 	-2.42861286636753e-17 	1.07671231848147 	0.0517097930071006 	2.86555919258253 	0.0150914515665282 	0.0170311952030931 	2.74374885004031e-38
4 	0.73700467285 	-3.12250225675825e-17 	1.07692143596326 	0.0522524892355365 	2.92638196218684 	0.014683890983809 	0.017872193355952 	2.57552732707518e-38
4 	0.77182557165 	-3.46944695195361e-17 	1.07715240617466 	0.0524606135361128 	2.96567795190408 	0.0143479409808009 	0.0184382898044621 	2.40075570559353e-38
4 	0.80792206195 	-3.46944695195361e-17 	1.07740612826162 	0.0522969983011602 	2.98101671754044 	0.0140518666615438 	0.0187154213663647 	2.21916377308617e-38
4 	0.8453408724 	-3.81639164714898e-17 	1.07767994235639 	0.0517388916639875 	2.97175522322835 	0.013792840710671 	0.0186745709009259 	2.03046889390078e-38
4 	0.88413044345 	-4.85722573273506e-17 	1.07796972349447 	0.0507791325338257 	2.93804145124275 	0.0135855767657403 	0.0182838052921312 	1.83437548468989e-38
4 	0.92434099005 	-5.20417042793042e-17 	1.07827167978607 	0.0494306943486003 	2.88024839097884 	0.0134521809975458 	0.0175280243689822 	1.63057425150809e-38
4 	0.96602456675 	-3.81639164714898e-17 	1.07858328081765 	0.047731638423082 	2.79896909080541 	0.0134174910216117 	0.0164237916696547 	1.41874150019335e-38
4 	1.00923513475 	-3.46944695195361e-17 	1.07890332472841 	0.0457472721074293 	2.6953709472587 	0.0135088869815654 	0.0150242166622824 	1.19853829708554e-38
4 	1.0540286325 	-3.46944695195361e-17 	1.07923131140209 	0.0435675330236215 	2.57169925624616 	0.013757202190601 	0.013415255718586 	9.69609698881998e-39
4 	1.1004630475 	-2.77555756156289e-17 	1.07956631931228 	0.0412987016216115 	2.43171474725407 	0.014194894406712 	0.0117063071552209 	7.31583770384291e-39
4 	1.148598491 	-2.77555756156289e-17 	1.07990594925566 	0.039049371866388 	2.28075413770135 	0.0148481995419715 	0.0100157168731574 	4.84070689210101e-39
4 	1.1984972765 	-2.08166817117217e-17 	1.08024660290165 	0.0369125963342412 	2.12511158300191 	0.0157220054008604 	0.00845132007335627 	2.26661796610692e-39
4 	1.250224001 	-1.75098650856409e-17 	1.0805837538114 	0.0349497578578228 	1.97080218607483 	0.0167784131887693 	0.00709212456635628 	4.10777592536438e-40
4 	1.303845627 	-1.95698492133634e-17 	1.08090997948932 	0.0331818552334751 	1.82224387494707 	0.0178979938107809 	0.00598368643992589 	3.19586231408343e-39
4 	1.3594315695 	-1.89735380184963e-17 	1.08128188136717 	0.0315827475998282 	1.68098213602609 	0.0187864149529841 	0.00506186945681238 	6.09341567150123e-39
4 	1.417053788 	-1.90819582357449e-17 	1.08168638771081 	0.0301210867560842 	1.54787105198858 	0.0194619738340968 	0.00426918385052741 	9.10839939651248e-39
4 	1.4767868775 	-1.60461921527855e-17 	1.08206434785222 	0.0287764725126652 	1.42492436622204 	0.0201983519998388 	0.00359548302805647 	1.22460274061628e-38
4 	1.538708165 	-1.04083408558608e-17 	1.08243221099707 	0.027520137626995 	1.31238626526611 	0.0209738759795183 	0.00302227029067351 	1.55117802706586e-38
4 	1.6028978105 	-5.20417042793042e-18 	1.08279027259063 	0.026307769357803 	1.20744285133285 	0.0217935124348561 	0.00255003993885405 	1.89114240571163e-38
4 	1.6694389105 	-5.20417042793042e-18 	1.0831388600039 	0.0250995855193477 	1.1099513256464 	0.0226193578773263 	0.00216408099967449 	2.24510254125428e-38
4 	1.738417606 	8.67361737988404e-19 	1.08347397127199 	0.0238686670112206 	1.02287395472164 	0.0233404373033972 	0.00184387206375763 	2.61369718369311e-38
4 	1.8099231935 	1.56125112837913e-17 	1.083791171571 	0.0225925856933086 	0.94688054346141 	0.0238639159572075 	0.00157025024389206 	2.99759939105966e-38
4 	1.8840482395 	2.34187669256869e-17 	1.08408658975998 	0.0212550418690428 	0.880437574534079 	0.0241430148541942 	0.00132739873178261 	3.3975185824924e-38
4 	1.960888703 	2.08166817117217e-17 	1.08435618121295 	0.0198779135754255 	0.822978446874111 	0.0241528255943098 	0.00110892319881089 	3.81420316222921e-38
4 	2.020240096 	1.73472347597681e-17 	1.08454032952017 	0.0187903654169023 	0.78444541840963 	0.0239522372890216 	0.000948420291645833 	4.0271202838329e-38
4 	2.060005036 	1.73472347597681e-17 	1.08465483118106 	0.0180333959844628 	0.760359747342363 	0.0237156536868759 	0.000845508209256359 	4.0271202838329e-38
4 	2.0983647475 	1.73472347597681e-17 	1.08475248277059 	0.0173311051060902 	0.740260141182414 	0.023410755970297 	0.000753486763483145 	4.02712028383309e-38
4 	2.135368889 	1.73472347597681e-17 	1.08483825439157 	0.0166583177989265 	0.723028189876293 	0.0230381696671993 	0.000668843473677787 	4.02712028383328e-38
4 	2.171065364 	2.08166817117217e-17 	1.08491216961218 	0.0160153711670333 	0.708496934703197 	0.0226032652968656 	0.000591126404367995 	4.02712028383309e-38
4 	2.205500383 	2.42861286636753e-17 	1.08497517179361 	0.0154022190281029 	0.696533470840089 	0.0221113401747858 	0.00051990797241224 	4.0271202838329e-38
4 	2.2387185245 	2.42861286636753e-17 	1.08502815140696 	0.0148184906318287 	0.687032516312224 	0.0215676849303701 	0.000454805451108699 	4.0271202838331e-38
4 	2.270762791 	2.42861286636753e-17 	1.08507193296608 	0.0142635575814892 	0.67991284909657 	0.0209776096961046 	0.000395456297158467 	4.0271202838331e-38
4 	2.3016746645 	2.08166817117217e-17 	1.08510731205004 	0.0137366001146988 	0.675115493788995 	0.0203464444110942 	0.000341519980528376 	4.02712028383309e-38
4 	2.3314941625 	1.73472347597681e-17 	1.08513505475131 	0.0132366673160071 	0.672602949078591 	0.0196795237757717 	0.000292680633162475 	4.0271202838329e-38
4 	2.360259888 	1.38777878078145e-17 	1.08515589541147 	0.0127627290898256 	0.672359052998844 	0.018982164105329 	0.000248650351821084 	4.0271202838329e-38
4 	2.3880090795 	1.21430643318376e-17 	1.08517053583157 	0.0123137193615517 	0.674389268142454 	0.0182596364415689 	0.000209172883073677 	4.02712028383329e-38
4 	2.4147776595 	1.38777878078145e-17 	1.08517964459518 	0.0118885710194701 	0.678721283622904 	0.0175171383725235 	0.00017402716221467 	4.0271202838331e-38
4 	2.440600281 	1.73472347597681e-17 	1.08518385642514 	0.0114862435510503 	0.685405895389092 	0.0167597657234879 	0.00014303056209406 	4.0271202838331e-38
4 	2.465510373 	2.08166817117217e-17 	1.08518377164277 	0.0111057444646985 	0.694518165495006 	0.0159924844525731 	0.000116041907951319 	4.02712028383329e-38
4 	2.4895401825 	1.73472347597681e-17 	1.08517995573206 	0.0107461455971166 	0.706158880130083 	0.0152201027873287 	9.29643826829598e-05 	4.0271202838331e-38
4 	2.5127208175 	1.38777878078145e-17 	1.08517293900009 	0.0104065952234066 	0.720456339919424 	0.0144472433569098 	7.3748455601488e-05 	4.0271202838331e-38
4 	2.5350822865 	1.38777878078145e-17 	1.085163216329 	0.010086326831968 	0.73756851991812 	0.0136783153217733 	5.83949624028701e-05 	4.0271202838331e-38
4 	2.5566535375 	1.38777878078145e-17 	1.08515124701827 	0.00978466518285448 	0.757685641970517 	0.0129174864900247 	4.6958432955242e-05 	4.02712028383291e-38
4 	2.5774624955 	1.38777878078145e-17 	1.08513745472051 	0.00950103015152912 	0.78103320498983 	0.0121686556557715 	3.95507361646098e-05 	4.0271202838331e-38
4 	2.5975360985 	1.04083408558608e-17 	1.08512222747762 	0.00923493870118708 	0.807875520991577 	0.0114354255772738 	3.63450788870995e-05 	4.02712028383338e-38
4 	2.616900333 	1.04083408558608e-17 	1.08510591786695 	0.00898600518937776 	0.838519810908257 	0.0107210771373015 	3.75803673926136e-05 	4.02712028383338e-38
4 	2.6355802665 	1.38777878078145e-17 	1.08508884327199 	0.00875394012936998 	0.873320916073267 	0.010028545462939 	4.35659176082484e-05 	4.02712028383329e-38
4 	2.6536000815 	1.38777878078145e-17 	1.08507128628947 	0.00853854737315264 	0.912686697328834 	0.00936039870549336 	5.46864895134559e-05 	4.0271202838329e-38
4 	2.670983106 	1.04083408558608e-17 	1.08505349529227 	0.00833971970449844 	0.957084196927205 	0.00871882049002439 	7.14076276076976e-05 	4.02712028383338e-38
4 	2.687751842 	6.93889390390723e-18 	1.08503568516449 	0.00815743271978347 	1.00704665964122 	0.00810559691543724 	9.42813226096704e-05 	4.02712028383338e-38
4 	2.703927998 	6.93889390390723e-18 	1.08501803822023 	0.00799173684708976 	1.06318155068396 	0.00752210883448089 	0.000123952086221314 	4.027120283833e-38
4 	2.719532515 	3.46944695195361e-18 	1.08500070533078 	0.00784274751743287 	1.12617970981736 	0.00696933052732567 	0.000161163629533783 	4.02712028383319e-38
4 	2.7345855935 	3.46944695195361e-18 	1.08498380726843 	0.00771063341483362 	1.19682585238769 	0.00644783530466165 	0.000206766508375591 	4.02712028383338e-38
4 	2.749106721 	6.93889390390723e-18 	1.08496743627733 	0.00759560291501298 	1.27601068256964 	0.00595780853081368 	0.000261727287004523 	4.02712028383338e-38
4 	2.7631146955 	1.04083408558608e-17 	1.08495165787943 	0.0074978889547804 	1.36474491724473 	0.00549906844922983 	0.000327139976867655 	4.02712028383338e-38
4 	2.7766276505 	1.38777878078145e-17 	1.08493651290724 	0.00741773263942767 	1.46417562614673 	0.00507109453250996 	0.000404240709387586 	4.02712028383309e-38
4 	2.7896630795 	1.38777878078145e-17 	1.0849220197504 	0.00735536603457059 	1.57560533186581 	0.00467306287461519 	0.000494426706903833 	4.02712028383309e-38
4 	2.8022378575 	1.38777878078145e-17 	1.08490817679235 	0.00731099461479442 	1.70051435813088 	0.00430388766226493 	0.000599280569749044 	4.02712028383291e-38
4 	2.814368263 	1.38777878078145e-17 	1.0848949649956 	0.0072847797429056 	1.84058698045896 	0.00396226717366408 	0.000720600710354868 	4.02712028383309e-38
4 	2.82607 	1.73472347597681e-17 	1.08488235058733 	0.00727682143050429 	1.9977419713124 	0.00364673241371313 	0.000860438280237641 	4.0271202838329e-38
4 	2.8373582165 	2.08166817117217e-17 	1.08487028779219 	0.00728714136331533 	2.17416814530706 	0.00335569629745615 	0.00102114023794747 	4.0271202838329e-38
4 	2.848247526 	2.42861286636753e-17 	1.08485872155122 	0.00731566589156251 	2.37236575214477 	0.00308750097178982 	0.00120539739171706 	4.02712028383309e-38
4 	2.858752025 	2.77555756156289e-17 	1.08484759018848 	0.00736220846475275 	2.59519477575173 	0.00284046123782605 	0.00141629516139754 	4.0271202838331e-38
4 	2.8688853115 	3.12250225675825e-17 	1.08483682796345 	0.00742645090353999 	2.84593194763459 	0.00261290217697306 	0.00165736398579559 	4.02712028383281e-38
4 	2.878660504 	3.12250225675825e-17 	1.08482636730736 	0.00750792318870071 	3.1283394932849 	0.00240318970036722 	0.00193262545771175 	4.02712028383281e-38
4 	2.8880902575 	2.77555756156289e-17 	1.08481614077751 	0.00760598213898007 	3.44675055222823 	0.00220975353762132 	0.00224663008307428 	4.0271202838331e-38
4 	2.897186779 	2.77555756156289e-17 	1.08480608547841 	0.00771979085680313 	3.80617967486089 	0.00203110279083866 	0.00260448334402343 	4.02712028383329e-38
4 	2.9059618435 	2.42861286636753e-17 	1.08479615085406 	0.00784830328315173 	4.21247225538253 	0.00186583488341497 	0.00301186274589217 	4.0271202838329e-38
4 	2.9144268115 	1.73472347597681e-17 	1.08478626409635 	0.00799026173991884 	4.67251697198907 	0.00171263875481653 	0.00347582229992911 	4.02712028383309e-38
4 	2.9225926415 	1.38777878078145e-17 	1.08477620055083 	0.00814421197855714 	5.19464708367696 	0.00156973532828098 	0.00401424215871936 	4.02712028383309e-38
4 	2.930469904 	1.38777878078145e-17 	1.08476611755075 	0.00830846383905889 	5.79023913679426 	0.00142857705092412 	0.00465006660610539 	4.0271202838329e-38
4 	2.938068797 	1.38777878078145e-17 	1.08475602217511 	0.00848084157145513 	6.47540475984917 	0.00128488082410693 	0.00539443511101074 	4.02712028383309e-38
4 	2.9453991575 	1.38777878078145e-17 	1.08474579897503 	0.00865758188120513 	7.26735983081879 	0.0011520297281165 	0.00627000915053869 	4.02712028383309e-38
4 	2.952470475 	1.38777878078145e-17 	1.08473566644782 	0.0088316749481572 	8.18110995221823 	0.00103393444817076 	0.00726921641210122 	4.02712028383309e-38
4 	2.9592919035 	2.08166817117217e-17 	1.0847255891434 	0.00899413218601449 	9.23306484032962 	0.000928870529686443 	0.00839104574348441 	4.02712028383338e-38
4 	2.9658722735 	2.42861286636753e-17 	1.08471544395861 	0.00913488957143171 	10.4454865797042 	0.00083365982757041 	0.00964396391749306 	4.02712028383338e-38
4 	2.9722201045 	1.73472347597681e-17 	1.08470516154825 	0.00924301738393837 	11.85149448277 	0.000745286239016445 	0.0110450135468108 	4.02712028383319e-38
4 	2.9783436135 	1.38777878078145e-17 	1.08469474524105 	0.00930635003403654 	13.5017216796838 	0.000661311870290323 	0.0126208391373369 	4.02712028383338e-38
4 	2.984250727 	1.38777878078145e-17 	1.08468425595636 	0.00931051989318753 	15.4744360411758 	0.000579887303110678 	0.0144105556677317 	4.02712028383338e-38
4 	2.9899490925 	1.38777878078145e-17 	1.08467380301849 	0.009237134462351 	17.8927601036815 	0.000499704890409424 	0.0164691792351596 	4.02712028383319e-38
4 	2.9954460875 	1.73472347597681e-17 	1.08466354737336 	0.00906045742935755 	20.9583757917588 	0.000420017269593238 	0.018867539405913 	4.02712028383319e-38
4 	3.0007488275 	1.73472347597681e-17 	1.08465371274582 	0.0087417428744412 	25.0028009340602 	0.000340763200171209 	0.021676941070598 	4.02712028383338e-38
4 	3.005864177 	6.93889390390723e-18 	1.08464459038009 	0.00821931630345481 	30.6035288327367 	0.000262755610292448 	0.0249030918658521 	4.02712028383372e-38
4 	3.0107987585 	3.46944695195361e-18 	1.08463650868751 	0.00739209084262021 	38.8534847440056 	0.000187805741445398 	0.0282668845224767 	4.02712028383348e-38
4 	3.01555896 	3.46944695195361e-18 	1.08462979555721 	0.00609979009753599 	52.079730342093 	0.000118522787723626 	0.0304273009764929 	4.02712028383348e-38
4 	3.020150944 	0 	1.08462491251666 	0.00415472110709776 	76.5149101285898 	5.81779986537217e-05 	0.0265050185897544 	4.02712028383367e-38
4 	3.0245806545 	0 	1.0846219710034 	0.00179244981230562 	138.187724806865 	1.60586293293674e-05 	0.0116391450771593 	4.02712028383367e-38
4 	3.028853826 	0 	1.0846202993886 	0.000359426972537952 	433.448368579397 	1.79858514892118e-06 	0.00163655388253791 	4.02712028383367e-38
4 	3.0329759905 	6.93889390390723e-18 	1.08461933592473 	2.77543294527285e-05 	1716.5056798412 	7.04190305278495e-08 	7.45091085872652e-05 	4.02712028383367e-38
