/*--------------------------------*- C++ -*----------------------------------*\
  =========                 |
  \\      /  F ield         | OpenFOAM: The Open Source CFD Toolbox
   \\    /   O peration     | Website:  https://openfoam.org
    \\  /    A nd           | Version:  8
     \\/     M anipulation  |
\*---------------------------------------------------------------------------*/
FoamFile
{
    version     2.0;
    format      ascii;
    class       volScalarField;
    location    "404";
    object      nut;
}
// * * * * * * * * * * * * * * * * * * * * * * * * * * * * * * * * * * * * * //

dimensions      [0 2 -1 0 0 0 0];

internalField   nonuniform List<scalar> 
2209
(
0.000310081365569137
0.000306476572833682
0.000299841561818233
0.00029060397376877
0.000279171615144379
0.000265978128246135
0.000251474100857104
0.00023609972059846
0.000220257629475577
0.000204293549882464
0.000188486854102873
0.000173050273801613
0.000158136352464336
0.000143847734765556
0.000130248684667875
0.000117236134299977
0.000104024695590329
9.17757575356536e-05
8.06725554732778e-05
7.06110155084237e-05
6.14551936140062e-05
5.31045083480694e-05
4.54960676807609e-05
3.85919189557736e-05
3.2366294748163e-05
2.67932741286783e-05
2.18630028027065e-05
1.75522497505092e-05
1.38308004529124e-05
1.06514198248896e-05
7.87843014367264e-06
5.4481320772631e-06
3.5480781217734e-06
2.15824195690161e-06
1.21933151818547e-06
6.38255386298544e-07
3.09389910730339e-07
1.38736735877675e-07
5.72899398432057e-08
2.15511937221877e-08
7.23698643176971e-09
2.09512716054448e-09
4.92817547215256e-10
8.47497477086922e-11
8.67521122385822e-12
3.3609639560216e-13
1.6416644514655e-15
0.000306476572833682
0.000303277336146914
0.000297319989674644
0.000288864607006959
0.000278203060659741
0.000265693815944432
0.000251744575837326
0.000236777728730819
0.000221197207929264
0.000205363754259232
0.000189580363859332
0.000174087204734668
0.000159063988892085
0.00014463727638081
0.000130890270782255
0.000117873136452911
0.000104785846620568
9.23978812560677e-05
8.10974653865594e-05
7.08597998618392e-05
6.15708367915917e-05
5.31288019566531e-05
4.54624677517605e-05
3.85249314706522e-05
3.22829800482482e-05
2.67050415729581e-05
2.17772861673826e-05
1.74734338654624e-05
1.37611760385908e-05
1.05913070389071e-05
7.82298371595847e-06
5.40444106036396e-06
3.51594167078995e-06
2.13646470332512e-06
1.20587753140027e-06
6.30713629854236e-07
3.0555207484926e-07
1.36959759519742e-07
5.65415727397275e-08
2.1266485233538e-08
7.14080686071906e-09
2.06720203088448e-09
4.86240730194635e-10
8.36182138212781e-11
8.55936970663055e-12
3.31608375747346e-13
1.61974290478553e-15
0.000299841561818233
0.000297319989674644
0.000292449540643202
0.000285272735012681
0.000275898783207325
0.000264563299110117
0.000251600128489521
0.000237395458999872
0.000222346238845285
0.000206828290765847
0.000191175000515923
0.000175665663537013
0.000160521787083313
0.000145909338511102
0.000131944968509961
0.000118704434544273
0.000106004244779521
9.34543297870292e-05
8.18534769377121e-05
7.13251778867164e-05
6.1804643780779e-05
5.31973092045482e-05
4.5422775816213e-05
3.84207834943678e-05
3.21456949170477e-05
2.65559690761928e-05
2.1630461905581e-05
1.73372881732483e-05
1.36402368665858e-05
1.04864459500356e-05
7.72558791443215e-06
5.32761072163002e-06
3.45942487539992e-06
2.09818980480531e-06
1.18225473331538e-06
6.17485546724666e-07
2.98826633362806e-07
1.33847841181994e-07
5.52315704507185e-08
2.07682373614819e-08
6.97251328370909e-09
2.0183423024715e-09
4.74733788725959e-10
8.16384731938846e-11
8.35669247363407e-12
3.23756080799079e-13
1.5813885766316e-15
0.00029060397376877
0.000288864607006959
0.000285272735012681
0.000279614012626186
0.000271814772044014
0.000261967618000423
0.000250310625981181
0.000237175881730552
0.00022293836736826
0.000207977187129795
0.000192648130016349
0.000177266060772289
0.000162095498920937
0.000147347418347974
0.000133180605620849
0.000119706444433914
0.000106996052657851
9.46824557576955e-05
8.28454376586183e-05
7.19856823312926e-05
6.21679687402191e-05
5.33346264191238e-05
4.54054047838345e-05
3.8307371051404e-05
3.19799094408681e-05
2.63688668645246e-05
2.14423279829711e-05
1.71606550251336e-05
1.34820650854281e-05
1.03484756831103e-05
7.59617100850868e-06
5.22539117623088e-06
3.38424413320635e-06
2.04733431172154e-06
1.15091944189465e-06
5.999684193606e-07
2.89933251189318e-07
1.29737098509161e-07
5.35022860285324e-08
2.01107874760674e-08
6.75049496477553e-09
1.95389191536058e-09
4.59555792516362e-10
7.90271781152611e-11
8.08936032393665e-12
3.13398861035085e-13
1.5307989210278e-15
0.000279171615144379
0.000278203060659741
0.000275898783207325
0.000271814772044014
0.000265690677344805
0.000257489868061022
0.000247346558536837
0.000235522063160953
0.000222353243008683
0.000208206476799487
0.000193445006420697
0.000178405986308099
0.000163386798206959
0.000148638443502106
0.000134362615499299
0.000120711695283675
0.000107791981208876
9.5669720083453e-05
8.38975415872608e-05
7.27765059773186e-05
6.26495729851646e-05
5.35531476192723e-05
4.54311587599154e-05
3.82068079385226e-05
3.18060083711104e-05
2.61619753001672e-05
2.12285494452182e-05
1.69567130713318e-05
1.32975756747941e-05
1.01863384063553e-05
7.44217173683665e-06
5.10359370504498e-06
3.29470350895223e-06
1.9868650471862e-06
1.11374339535049e-06
5.79232371950571e-07
2.79425111801438e-07
1.24886515728952e-07
5.14635645403392e-08
1.93360986303056e-08
6.48895934387732e-09
1.87798037075128e-09
4.41679754226424e-10
7.59517612942188e-11
7.77451491526854e-12
3.01200828793879e-13
1.4712177259707e-15
0.000265978128246136
0.000265693815944432
0.000264563299110117
0.000261967618000423
0.000257489868061023
0.000250963845986987
0.000242430592149703
0.000232073306721296
0.000220174291556682
0.000207071213887831
0.000193121070405442
0.000178669619593342
0.000164030276967195
0.000149479027473371
0.000135252058565899
0.000121541267878925
0.00010849194187069
9.62043990815461e-05
8.47384423426106e-05
7.35782722884738e-05
6.32038220214383e-05
5.38434191710374e-05
4.55068136865376e-05
3.81319248557904e-05
3.16384133611551e-05
2.59482640798113e-05
2.10004204727643e-05
1.67350590696721e-05
1.30947682467509e-05
1.00066140129579e-05
7.26900066425343e-06
4.96648941625887e-06
3.19400204620018e-06
1.91901031673041e-06
1.07214419888886e-06
5.56092629866343e-07
2.67725189108957e-07
1.19494547892803e-07
4.9199681236244e-08
1.84763868793204e-08
6.19881750620668e-09
1.79377957829307e-09
4.21853109240878e-10
7.25408427913516e-11
7.42532445122059e-12
2.87672157487477e-13
1.40513689168917e-15
0.000251474100857104
0.000251744575837327
0.000251600128489521
0.000250310625981181
0.000247346558536837
0.000242430592149704
0.000235507838903173
0.000226687458744064
0.000216188145922353
0.000203631178407556
0.000190600977736045
0.00017744675527414
0.00016370397258845
0.000149584420712238
0.0001356110877121
0.000122006779537463
0.00010895401299072
9.65906554695695e-05
8.50096152045848e-05
7.42282750628116e-05
6.37465061369691e-05
5.41682389294403e-05
4.56213033781768e-05
3.80840160548321e-05
3.14832467563323e-05
2.57350532012965e-05
2.07650314594818e-05
1.65020412198341e-05
1.28791072639653e-05
9.81390463359421e-06
7.08046894745144e-06
4.81716642736092e-06
3.08450490808607e-06
1.84544630139374e-06
1.02720085259359e-06
5.31174132396658e-07
2.55159001230209e-07
1.13714234818339e-07
4.67756918052933e-08
1.75565338917649e-08
5.88849867691699e-09
1.70374028850045e-09
4.00653400039563e-10
6.88938115466212e-11
7.05196474125481e-12
2.73207096457747e-13
1.33448214166967e-15
0.00023609972059846
0.00023677772873082
0.000237395458999872
0.000237175881730552
0.000235522063160953
0.000232073306721297
0.000226687458744063
0.000218758230100397
0.000207977614657534
0.00019649071737465
0.000184785744531157
0.000172880937268885
0.00016077994132265
0.000148426074274756
0.000135218268179164
0.000121923896225019
0.000109031576888255
9.67175166045416e-05
8.51115516580182e-05
7.42989808238639e-05
6.41317936862168e-05
5.44684022096937e-05
4.57497900987419e-05
3.80544418935799e-05
3.1339535551627e-05
2.55246148319556e-05
2.05257744027341e-05
1.62612131641673e-05
1.26539139002614e-05
9.61118294349445e-06
6.8791952212691e-06
4.65785728110318e-06
2.96798641124915e-06
1.76746157542287e-06
9.79754681516123e-07
5.0496762262213e-07
2.41982933981591e-07
1.0766623772047e-07
4.42428995173553e-08
1.65961608490155e-08
5.56464947364329e-09
1.60979486528486e-09
3.78535996253781e-10
6.50890320926135e-11
6.66245921109932e-12
2.58116514679659e-13
1.26077199377719e-15
0.000220257629475577
0.000221197207929264
0.000222346238845285
0.00022293836736826
0.000222353243008683
0.000220174291556682
0.000216188145922353
0.000207977614657533
0.00019841462915728
0.000188405391305282
0.000178082041282341
0.000167425572385172
0.00015642639478455
0.000145086146798119
0.000133428237416546
0.000121142360740321
0.000108592725694796
9.64768656277586e-05
8.49609160129041e-05
7.41649309714268e-05
6.41652351152977e-05
5.46439813758198e-05
4.58433298212817e-05
3.80212909245336e-05
3.11990004016831e-05
2.53149176852247e-05
2.02830684990566e-05
1.60135415199935e-05
1.24191846249356e-05
9.39266217010735e-06
6.66594056332416e-06
4.48955196165874e-06
2.84540970615783e-06
1.68583614246622e-06
9.30346129280534e-07
4.77798479509143e-07
2.28369788627828e-07
1.01432554858556e-07
4.16363093898168e-08
1.56086806018679e-08
5.23181702643505e-09
1.51326563925672e-09
3.55812521478326e-10
6.11801293048488e-11
6.26229799519351e-12
2.4261312044969e-13
1.18504545468088e-15
0.000204293549882464
0.000205363754259233
0.000206828290765848
0.000207977187129796
0.000208206476799488
0.000207071213887831
0.000203631178407557
0.000196490717374649
0.000188405391305283
0.000179803584800228
0.000170727283521665
0.000161179505222025
0.000151182040155412
0.000140779919474498
0.000130037074704488
0.00011901075679666
0.000107524660200946
9.57673494544774e-05
8.44735693462155e-05
7.37969354942105e-05
6.38460032651691e-05
5.46313787759743e-05
4.58440768656393e-05
3.79502818463859e-05
3.10453899101841e-05
2.50997579350017e-05
2.00352665802304e-05
1.57582027113664e-05
1.21690749837495e-05
9.12101470984959e-06
6.43774210957349e-06
4.3109269538864e-06
2.71631922740862e-06
1.60051102231918e-06
8.79045664784686e-07
4.49745814180941e-07
2.14372565258286e-07
9.504133163271e-08
3.89686791580324e-08
1.45991469688606e-08
4.89174704325165e-09
1.41466563592401e-09
3.32604579259583e-10
5.7188093334228e-11
5.85363323042609e-12
2.26780337336342e-13
1.10771001633945e-15
0.000188486854102873
0.000189580363859332
0.000191175000515924
0.000192648130016349
0.000193445006420697
0.000193121070405442
0.000190600977736047
0.000184785744531162
0.000178082041282343
0.000170727283521666
0.000162759455774204
0.000154217206383201
0.000145158955353295
0.000135653669789638
0.000125775702964066
0.000115600647923636
0.000105199636668671
9.44967032019929e-05
8.35662720502686e-05
7.31253862486951e-05
6.33138225168228e-05
5.42268812653892e-05
4.56733615723421e-05
3.78005007781977e-05
3.08550419060102e-05
2.48661874638097e-05
1.97762779974941e-05
1.54942091212386e-05
1.19108509100995e-05
8.83737400757699e-06
6.20041332464387e-06
4.12609096029939e-06
2.5835523370136e-06
1.51333339091273e-06
8.26960149337251e-07
4.21414337952107e-07
2.00292551200962e-07
8.86298412520878e-08
3.62971716207079e-08
1.35891469250179e-08
4.55169882901934e-09
1.31609690860925e-09
3.09406492064264e-10
5.3197903870892e-11
5.44516148309241e-12
2.10955052938763e-13
1.03041121050648e-15
0.000173050273801613
0.000174087204734668
0.000175665663537013
0.000177266060772289
0.000178405986308099
0.000178669619593342
0.000177446755274145
0.000172880937268886
0.000167425572385172
0.000161179505222025
0.000154217206383199
0.000146614841901309
0.000138452243561671
0.000129813878964057
0.000120780016648552
0.000111427644527967
0.000101832423932071
9.2073217548489e-05
8.21623033473322e-05
7.20808185594767e-05
6.25104594793034e-05
5.35754727123673e-05
4.52950427617344e-05
3.75193939504872e-05
3.05919704728663e-05
2.45938715396844e-05
1.94956456735739e-05
1.52166805715213e-05
1.16426993379882e-05
8.54139888461055e-06
5.95435485201633e-06
3.93575485665345e-06
2.4478448697948e-06
1.42489830089518e-06
7.74491210267129e-07
3.93038104363909e-07
1.86250478516036e-07
8.22541368966735e-08
3.36453741469873e-08
1.25876420654729e-08
4.21469688249279e-09
1.21843716352847e-09
2.86424933827024e-10
4.92451175247189e-11
5.04052294421027e-12
1.95278301736133e-13
9.53837927195684e-16
0.000158136352464336
0.000159063988892086
0.000160521787083314
0.000162095498920937
0.00016338679820696
0.000164030276967195
0.00016370397258845
0.000160779941322649
0.000156426394784549
0.000151182040155409
0.000145158955353294
0.00013845224356167
0.000131156941864983
0.000123361994438181
0.000115153623167672
0.000106609615998465
9.78036475845007e-05
8.88086923724905e-05
7.97065072389196e-05
7.05785999978977e-05
6.13774138984243e-05
5.26831272001465e-05
4.46243184302742e-05
3.70534040708207e-05
3.021887521081e-05
2.42578037998187e-05
1.91769764537887e-05
1.49145530484413e-05
1.13571213169875e-05
8.22963141657385e-06
5.69776305831249e-06
3.73914275093382e-06
2.30897414048966e-06
1.33521400761882e-06
7.21703139000531e-07
3.64670933270341e-07
1.72278121331553e-07
7.59298388634673e-08
3.10200249163692e-08
1.15972192941488e-08
3.8816177278843e-09
1.12194104544029e-09
2.63719863309198e-10
4.53400459705965e-11
4.64077295677368e-12
1.79790965453137e-13
8.78189853510042e-16
0.000143847734765556
0.00014463727638081
0.000145909338511102
0.000147347418347975
0.000148638443502106
0.000149479027473372
0.000149584420712238
0.000148426074274756
0.000145086146798116
0.000140779919474498
0.000135653669789637
0.000129813878964057
0.000123361994438181
0.000116393233643056
0.000108992037256753
0.000101239775467934
9.32090705011845e-05
8.49696104482319e-05
7.65913505839253e-05
6.81536992213477e-05
5.9763526169536e-05
5.15006072995145e-05
4.36784781158008e-05
3.63651513225846e-05
2.9699718405613e-05
2.3833524259944e-05
1.88042562927832e-05
1.45658785505726e-05
1.09659655840021e-05
7.89212504929521e-06
5.42508642394476e-06
3.53329683155072e-06
2.16547051087935e-06
1.24360140234162e-06
6.68299167238166e-07
3.36187509024836e-07
1.58323814486805e-07
6.96362601531662e-08
2.84132063251898e-08
1.06150453412023e-08
3.55154036019655e-09
1.02634742375426e-09
2.41230654801738e-10
4.14723446043491e-11
4.24485707426e-12
1.64452263407026e-13
8.03267861263654e-16
0.000130248684667875
0.000130890270782256
0.000131944968509961
0.00013318060562085
0.000134362615499299
0.000135252058565899
0.0001356110877121
0.000135218268179164
0.000133428237416548
0.000130037074704488
0.000125775702964066
0.000120780016648551
0.000115153623167673
0.000108992037256753
0.000102383438749861
9.54046405519959e-05
8.81317848026655e-05
8.0632154243775e-05
7.29710521472162e-05
6.52196732817725e-05
5.74656623779498e-05
4.98208551849739e-05
4.24196842724599e-05
3.54226224955012e-05
2.90003570857375e-05
2.3289850221997e-05
1.83535442283181e-05
1.41650163568112e-05
1.05367354476016e-05
7.53217095000826e-06
5.13875110600814e-06
3.32011351307453e-06
2.01874528038203e-06
1.15100714953669e-06
6.1484374361697e-07
3.07889358213185e-07
1.44533887636565e-07
6.34385663256202e-08
2.58515971499674e-08
9.65108029367766e-09
3.22778999469229e-09
9.32614973436057e-10
2.19182179966864e-10
3.76806164896333e-11
3.85672287884957e-12
1.49415066545529e-13
7.29818565771617e-16
0.000117236134299978
0.000117873136452911
0.000118704434544273
0.000119706444433914
0.000120711695283676
0.000121541267878925
0.000122006779537463
0.000121923896225019
0.000121142360740321
0.000119010756796659
0.000115600647923637
0.000111427644527969
0.000106609615998466
0.000101239775467935
9.5404640551996e-05
8.91853579617668e-05
8.26515734800637e-05
7.5875192888219e-05
6.89169539864192e-05
6.18412913025177e-05
5.47273117676983e-05
4.76682170772779e-05
4.07798519784242e-05
3.42057313078796e-05
2.81027482698309e-05
2.26094136602536e-05
1.77992938686609e-05
1.36197589226447e-05
1.00652519439179e-05
7.14596890940804e-06
4.83724220972115e-06
3.09926522411027e-06
1.86896233093785e-06
1.05769497110559e-06
5.61542759286021e-07
2.79900048636428e-07
1.30971879971633e-07
5.73660031289526e-08
2.33474333534022e-08
8.70996487655972e-09
2.91193448821785e-09
8.41199738191551e-10
1.97682089716789e-10
3.39834195356686e-11
3.47827278350864e-12
1.34753126734729e-13
6.5820226396019e-16
0.000104024695590328
0.000104785846620568
0.00010600424477952
0.000106996052657851
0.000107791981208876
0.00010849194187069
0.00010895401299072
0.000109031576888255
0.000108592725694796
0.000107524660200946
0.000105199636668671
0.000101832423932072
9.78036475845013e-05
9.32090705011847e-05
8.81317848026652e-05
8.26515734800631e-05
7.68445223181887e-05
7.0772413354586e-05
6.44997248035198e-05
5.80863370625763e-05
5.1609751377547e-05
4.51527928915321e-05
3.88140710320063e-05
3.27135118898393e-05
2.69885880735472e-05
2.17630008117732e-05
1.70791136620673e-05
1.29989449821305e-05
9.55339719094965e-06
6.73538699243411e-06
4.52246151798191e-06
2.8724755649833e-06
1.7174626145653e-06
9.64559925924641e-07
5.08917632066902e-07
2.52491120054294e-07
1.17766892482758e-07
5.14752833295153e-08
2.09237575575632e-08
7.80027353692961e-09
2.60683442576337e-09
7.52926878497494e-10
1.76924118064593e-10
3.04140402443284e-11
3.11291271785294e-12
1.20598376760566e-13
5.89063353328135e-16
9.17757575356523e-05
9.23978812560669e-05
9.34543297870285e-05
9.46824557576956e-05
9.56697200834532e-05
9.62043990815465e-05
9.65906554695697e-05
9.67175166045416e-05
9.64768656277587e-05
9.57673494544775e-05
9.44967032019931e-05
9.20732175484897e-05
8.88086923724911e-05
8.49696104482311e-05
8.06321542437748e-05
7.58751928882193e-05
7.07724133545866e-05
6.53942989356916e-05
5.97861943401553e-05
5.40220384963525e-05
4.81777099700212e-05
4.23269577525792e-05
3.65529291235696e-05
3.09539523707692e-05
2.5649657551258e-05
2.07448701489245e-05
1.62421497994002e-05
1.23177271378484e-05
9.00367405304532e-06
6.30288979029672e-06
4.19676640334166e-06
2.641751096247e-06
1.56572256732142e-06
8.72541153794464e-07
4.57494005058127e-07
2.25927852982746e-07
1.05042182171684e-07
4.58197132344184e-08
1.86020171583003e-08
6.92994203549241e-09
2.31512937078947e-09
6.68556700642211e-10
1.57086663536907e-10
2.70031237767805e-11
2.76377819422597e-12
1.07072274829133e-13
5.22995077873371e-16
8.06725554732777e-05
8.10974653865591e-05
8.18534769377119e-05
8.28454376586184e-05
8.38975415872594e-05
8.47384423426109e-05
8.50096152045849e-05
8.51115516580184e-05
8.49609160129041e-05
8.44735693462155e-05
8.35662720502687e-05
8.21623033473324e-05
7.97065072389199e-05
7.65913505839244e-05
7.2971052147216e-05
6.89169539864192e-05
6.44997248035199e-05
5.97861943401552e-05
5.48399997730255e-05
4.97151568809094e-05
4.4494466144478e-05
3.92454313769692e-05
3.40387010966411e-05
2.89534293035607e-05
2.4098120153584e-05
1.95608746630484e-05
1.5313872064025e-05
1.15765232617535e-05
8.4170589222354e-06
5.85002463794185e-06
3.86193418754522e-06
2.40869856580716e-06
1.41492908620724e-06
7.82376592542384e-07
4.07671214983064e-07
2.00404869927255e-07
9.2885494624347e-08
4.04363985742209e-08
1.63969241034141e-08
6.10436843124871e-09
2.03860735436036e-09
5.88603367785519e-10
1.38290316378119e-10
2.37713861904255e-11
2.43298915856604e-12
9.42569487252542e-14
4.60398592074784e-16
7.0611015508424e-05
7.08597998618371e-05
7.13251778867162e-05
7.19856823312914e-05
7.27765059773189e-05
7.35782722884723e-05
7.42282750628117e-05
7.42989808238638e-05
7.41649309714272e-05
7.37969354942105e-05
7.31253862486951e-05
7.20808185594767e-05
7.05785999978986e-05
6.81536992213477e-05
6.52196732817724e-05
6.18412913025177e-05
5.80863370625759e-05
5.40220384963526e-05
4.97151568809092e-05
4.52391239051637e-05
4.06269761096503e-05
3.59682916007727e-05
3.13226870719046e-05
2.67498299387924e-05
2.23592542458836e-05
1.8222898333487e-05
1.42932397026774e-05
1.07747299655341e-05
7.79390672010305e-06
5.3779559986853e-06
3.5194749972144e-06
2.17470230599387e-06
1.26607851240113e-06
6.94658725773954e-07
3.5975353083436e-07
1.76062859833006e-07
8.13573747532161e-08
3.53500340415646e-08
1.43180325360301e-08
5.32700782852797e-09
1.77840436228918e-09
5.13392508233079e-10
1.20611373680154e-10
2.07319336516953e-11
2.12188705001945e-12
8.22043731670091e-14
4.01527774844163e-16
6.14551936140056e-05
6.15708367915905e-05
6.18046437807782e-05
6.2167968740218e-05
6.26495729851645e-05
6.32038220214386e-05
6.37465061369705e-05
6.41317936862167e-05
6.41652351152975e-05
6.3846003265169e-05
6.33138225168226e-05
6.25104594793032e-05
6.13774138984243e-05
5.97635261695357e-05
5.74656623779498e-05
5.47273117676983e-05
5.16097513775466e-05
4.8177709970021e-05
4.44944661444777e-05
4.06269761096503e-05
3.66501878452366e-05
3.25614922463394e-05
2.84566237469213e-05
2.43847342931255e-05
2.04652767836605e-05
1.67497685086099e-05
1.3181201953546e-05
9.91293882029035e-06
7.13536707881639e-06
4.88838107475501e-06
3.17120612342259e-06
1.94126781319802e-06
1.12017452447049e-06
6.09945538517697e-07
3.1401019546351e-07
1.53019366021536e-07
7.05059297079981e-08
3.0579475846539e-08
1.23724378120412e-08
4.60038316133166e-09
1.53534257166006e-09
4.43158877657411e-10
1.04104768520566e-10
1.78942007020285e-11
1.83143764717874e-12
7.095197222879e-14
3.46565435335765e-16
5.31045083480685e-05
5.31288019566528e-05
5.31973092045474e-05
5.33346264191242e-05
5.35531476192728e-05
5.38434191710378e-05
5.41682389294409e-05
5.44684022096945e-05
5.46439813758199e-05
5.4631378775974e-05
5.4226881265389e-05
5.35754727123672e-05
5.26831272001464e-05
5.15006072995145e-05
4.98208551849741e-05
4.76682170772778e-05
4.51527928915322e-05
4.2326957752579e-05
3.92454313769691e-05
3.59682916007726e-05
3.2561492246339e-05
2.90974992700838e-05
2.54808569907218e-05
2.19021944251169e-05
1.84541324309243e-05
1.51674915026232e-05
1.19817670900173e-05
8.99389901247529e-06
6.44414947322194e-06
4.38408030609706e-06
2.81960821700316e-06
1.71023278568014e-06
9.78348102130042e-07
5.28827981133947e-07
2.70712468267968e-07
1.31388081224079e-07
6.03761958648778e-08
2.61419491561589e-08
1.05665152917986e-08
3.9267393853456e-09
1.31015000198161e-09
3.78109935807236e-10
8.88190218855784e-11
1.52665212264671e-11
1.5624942224844e-12
6.05328143453319e-14
2.95673111154161e-16
4.54960676807613e-05
4.54624677517605e-05
4.54227758162128e-05
4.5405404783835e-05
4.54311587599149e-05
4.55068136865376e-05
4.56213033781769e-05
4.57497900987424e-05
4.58433298212815e-05
4.58440768656395e-05
4.56733615723424e-05
4.52950427617341e-05
4.46243184302741e-05
4.36784781158007e-05
4.241968427246e-05
4.07798519784242e-05
3.88140710320064e-05
3.65529291235695e-05
3.40387010966416e-05
3.13226870719044e-05
2.84566237469214e-05
2.54808569907222e-05
2.24562063589443e-05
1.93515577811109e-05
1.63680466401448e-05
1.35075865558054e-05
1.0703010122031e-05
8.02329959139134e-06
5.72509374816043e-06
3.86929379540445e-06
2.46804302644472e-06
1.48388078815814e-06
8.41916490722874e-07
4.51962395172388e-07
2.30151783883963e-07
1.11288543508963e-07
5.10149244972669e-08
2.20552161626973e-08
8.90681943046545e-09
3.30838199923783e-09
1.10357412190544e-09
3.1845869982828e-10
7.48039622256358e-11
1.28574549040789e-11
1.31593325299877e-12
5.09808689077522e-14
2.49016743480429e-16
3.85919189557739e-05
3.85249314706525e-05
3.84207834943674e-05
3.83073710514038e-05
3.82068079385224e-05
3.81319248557903e-05
3.80840160548323e-05
3.80544418935797e-05
3.80212909245334e-05
3.79502818463856e-05
3.7800500778198e-05
3.75193939504868e-05
3.70534040708208e-05
3.63651513225844e-05
3.54226224955008e-05
3.42057313078795e-05
3.27135118898397e-05
3.09539523707692e-05
2.89534293035606e-05
2.67498299387924e-05
2.43847342931257e-05
2.1902194425117e-05
1.93515577811109e-05
1.6788522551196e-05
1.42523268309026e-05
1.18049544760926e-05
9.35838046822922e-06
7.0106382010602e-06
4.98568017461419e-06
3.34997525455239e-06
2.12085060603922e-06
1.26496631745131e-06
7.12387367459475e-07
3.80072175639136e-07
1.92641598502152e-07
9.28476022927443e-08
4.24714437440117e-08
1.83379925958338e-08
7.40025824841244e-09
2.74774170793068e-09
9.16402995334073e-10
2.64429696005462e-10
6.21120916628798e-11
1.06760179318222e-11
1.09267777385049e-12
4.23319064982128e-14
2.06771069884827e-16
3.2366294748163e-05
3.22829800482484e-05
3.21456949170474e-05
3.19799094408682e-05
3.18060083711104e-05
3.16384133611548e-05
3.14832467563323e-05
3.13395355516272e-05
3.11990004016832e-05
3.10453899101842e-05
3.08550419060104e-05
3.05919704728662e-05
3.021887521081e-05
2.9699718405613e-05
2.90003570857376e-05
2.81027482698309e-05
2.69885880735469e-05
2.5649657551258e-05
2.40981201535838e-05
2.23592542458834e-05
2.04652767836608e-05
1.84541324309243e-05
1.63680466401449e-05
1.42523268309027e-05
1.21505974370881e-05
1.00925981622839e-05
7.96846279252978e-06
5.97040536173361e-06
4.23661903675204e-06
2.8339724360162e-06
1.78333147208391e-06
1.05664603673774e-06
5.91403292554792e-07
3.13915672939845e-07
1.58501359250937e-07
7.61919108660721e-08
3.47942660614677e-08
1.50084730171729e-08
6.05348736563147e-09
2.24714446411405e-09
7.4938698104918e-10
2.16235971722783e-10
5.07931151555619e-11
8.73073422569538e-12
8.93599755284733e-13
3.46197081051294e-14
1.69101099504402e-16
2.67932741286787e-05
2.67050415729579e-05
2.65559690761927e-05
2.63688668645244e-05
2.61619753001676e-05
2.59482640798115e-05
2.57350532012966e-05
2.55246148319556e-05
2.53149176852248e-05
2.50997579350016e-05
2.48661874638087e-05
2.45938715396847e-05
2.42578037998186e-05
2.38335242599439e-05
2.32898502219972e-05
2.26094136602537e-05
2.17630008117733e-05
2.07448701489246e-05
1.95608746630484e-05
1.82228983334871e-05
1.67497685086099e-05
1.51674915026233e-05
1.35075865558051e-05
1.18049544760924e-05
1.00925981622839e-05
8.32726632107588e-06
6.56300953353563e-06
4.92395936935069e-06
3.4927754901053e-06
2.331225606262e-06
1.46162305641927e-06
8.62304212228774e-07
4.80615429008989e-07
2.54213976603952e-07
1.28019618136893e-07
6.14302317677813e-08
2.80229974160407e-08
1.20808170021481e-08
4.87147843770306e-09
1.80827430327439e-09
6.03057827389238e-10
1.74026471068914e-10
4.08815035776766e-11
7.02748872737595e-12
7.19299843799931e-13
2.78675226704973e-14
1.36120377905597e-16
2.18630028027064e-05
2.17772861673824e-05
2.16304619055807e-05
2.14423279829711e-05
2.12285494452183e-05
2.10004204727646e-05
2.07650314594818e-05
2.05257744027341e-05
2.02830684990566e-05
2.00352665802302e-05
1.97762779974943e-05
1.94956456735739e-05
1.91769764537885e-05
1.88042562927833e-05
1.8353544228318e-05
1.77992938686609e-05
1.70791136620672e-05
1.62421497994002e-05
1.5313872064025e-05
1.42932397026775e-05
1.3181201953546e-05
1.19817670900172e-05
1.0703010122031e-05
9.3583804682292e-06
7.9684627925297e-06
6.56300953353552e-06
5.18739338539163e-06
3.90282979932872e-06
2.77446056479016e-06
1.85390205627363e-06
1.16240623888715e-06
6.85241535446239e-07
3.81476850723163e-07
2.01537938057084e-07
1.01398132383445e-07
4.86273500550187e-08
2.21767090570772e-08
9.56021264453545e-09
3.85554626058825e-09
1.43144437726891e-09
4.77486057720088e-10
1.37816069996165e-10
3.23800587221666e-11
5.56670178741216e-12
5.69818096993629e-13
2.20768591606432e-14
1.07836239967419e-16
1.75522497505091e-05
1.74734338654625e-05
1.73372881732479e-05
1.71606550251336e-05
1.6956713071332e-05
1.67350590696721e-05
1.6502041219834e-05
1.62612131641672e-05
1.60135415199936e-05
1.57582027113664e-05
1.54942091212385e-05
1.5216680571521e-05
1.49145530484413e-05
1.45658785505725e-05
1.4165016356811e-05
1.36197589226447e-05
1.29989449821305e-05
1.23177271378483e-05
1.15765232617535e-05
1.0774729965534e-05
9.9129388202903e-06
8.99389901247528e-06
8.02329959139131e-06
7.01063820106021e-06
5.97040536173353e-06
4.92395936935068e-06
3.90282979932874e-06
2.94872080092416e-06
2.10711884949548e-06
1.4157975337599e-06
8.9229387366299e-07
5.28236781796244e-07
2.94991027121322e-07
1.56182307715105e-07
7.86937340907169e-08
3.77784971336984e-08
1.72430933014783e-08
7.43845721243897e-09
3.00163821929626e-09
1.11498006366034e-09
3.72079284583832e-10
1.07428148576053e-10
2.52465399893364e-11
4.3410426961007e-12
4.4440064984433e-13
1.72184579163788e-14
8.41057195550035e-17
1.38308004529123e-05
1.37611760385904e-05
1.36402368665855e-05
1.3482065085428e-05
1.32975756747943e-05
1.3094768246751e-05
1.28791072639654e-05
1.26539139002614e-05
1.24191846249356e-05
1.21690749837495e-05
1.19108509100994e-05
1.16426993379879e-05
1.13571213169874e-05
1.09659655840021e-05
1.05367354476015e-05
1.00652519439178e-05
9.5533971909497e-06
9.0036740530453e-06
8.41705892223536e-06
7.79390672010314e-06
7.13536707881626e-06
6.44414947322179e-06
5.72509374816029e-06
4.98568017461416e-06
4.23661903675188e-06
3.49277549010523e-06
2.77446056479014e-06
2.10711884949546e-06
1.51812855488644e-06
1.03079171204258e-06
6.57071458389159e-07
3.93171373327914e-07
2.21534951875447e-07
1.18088549054354e-07
5.97869848212032e-08
2.87973005509625e-08
1.31740118231556e-08
5.6923661949999e-09
2.29978632380197e-09
8.55039718364803e-10
2.85527968710522e-10
8.24800211851697e-11
1.93904094486115e-11
3.33488818654664e-12
3.41445319329757e-13
1.32302000645458e-14
6.46253539565958e-17
1.06514198248896e-05
1.05913070389071e-05
1.04864459500353e-05
1.03484756831102e-05
1.01863384063555e-05
1.00066140129581e-05
9.81390463359424e-06
9.61118294349443e-06
9.3926621701074e-06
9.12101470984954e-06
8.83737400757684e-06
8.54139888461031e-06
8.22963141657361e-06
7.89212504929524e-06
7.53217095000831e-06
7.14596890940808e-06
6.735386992434e-06
6.30288979029663e-06
5.85002463794187e-06
5.3779559986853e-06
4.88838107475488e-06
4.38408030609703e-06
3.86929379540437e-06
3.34997525455236e-06
2.83397243601617e-06
2.33122560626195e-06
1.85390205627362e-06
1.4157975337599e-06
1.03079171204258e-06
7.10446584172562e-07
4.60990962484605e-07
2.80890053385396e-07
1.60854093883029e-07
8.6859550605948e-08
4.43946393915356e-08
2.15235912709317e-08
9.88972452240151e-09
4.28581771976925e-09
1.73499694012994e-09
6.45962094490876e-10
2.159252456397e-10
6.24182939423543e-11
1.4681259141135e-11
2.52578419128815e-12
2.58651975928036e-13
1.0022945654255e-14
4.8959712354653e-17
7.87843014367261e-06
7.82298371595838e-06
7.72558791443193e-06
7.59617100850852e-06
7.4421717368369e-06
7.26900066425353e-06
7.08046894745146e-06
6.87919522126905e-06
6.66594056332415e-06
6.43774210957331e-06
6.20041332464369e-06
5.95435485201611e-06
5.69776305831248e-06
5.42508642394481e-06
5.13875110600818e-06
4.83724220972101e-06
4.52246151798191e-06
4.1967664033417e-06
3.86193418754525e-06
3.51947499721431e-06
3.17120612342255e-06
2.81960821700309e-06
2.4680430264447e-06
2.12085060603919e-06
1.78333147208392e-06
1.46162305641926e-06
1.16240623888715e-06
8.92293873662963e-07
6.57071458389144e-07
4.60990962484608e-07
3.0605422889052e-07
1.91256489527993e-07
1.1221711817274e-07
6.1859472522648e-08
3.21201750387242e-08
1.57471359407074e-08
7.28961445654278e-09
3.17438234507233e-09
1.28912719441078e-09
4.80966309686291e-10
1.61001240516624e-10
4.65866579986726e-11
1.09647645936608e-11
1.88719130268595e-12
1.93303735826435e-13
7.4914307660319e-15
3.6594626148313e-17
5.44813207726308e-06
5.40444106036388e-06
5.32761072162981e-06
5.22539117623084e-06
5.1035937050451e-06
4.96648941625895e-06
4.81716642736093e-06
4.65785728110323e-06
4.48955196165881e-06
4.31092695388639e-06
4.12609096029932e-06
3.93575485665324e-06
3.73914275093374e-06
3.5332968315508e-06
3.32011351307449e-06
3.09926522411015e-06
2.87247556498325e-06
2.641751096247e-06
2.40869856580719e-06
2.17470230599384e-06
1.94126781319798e-06
1.7102327856801e-06
1.4838807881581e-06
1.26496631745124e-06
1.05664603673772e-06
8.6230421222876e-07
6.85241535446227e-07
5.28236781796235e-07
3.93171373327913e-07
2.80890053385391e-07
1.91256489527992e-07
1.2319814277722e-07
7.46167249389261e-08
4.23515458467045e-08
2.25220458195865e-08
1.12378840812474e-08
5.26510476466962e-09
2.3106794590269e-09
9.43001376944284e-10
3.52928805744646e-10
1.18380451655348e-10
3.42998385520024e-11
8.080006678203e-12
1.39145707244663e-12
1.42570892127421e-13
5.52603775438811e-15
2.69946766581108e-17
3.54807812177338e-06
3.51594167078993e-06
3.45942487539974e-06
3.38424413320628e-06
3.29470350895229e-06
3.19400204620044e-06
3.08450490808614e-06
2.96798641124915e-06
2.84540970615782e-06
2.71631922740867e-06
2.58355233701358e-06
2.44784486979463e-06
2.30897414048957e-06
2.1654705108794e-06
2.018745280382e-06
1.8689623309378e-06
1.71746261456534e-06
1.56572256732142e-06
1.41492908620727e-06
1.26607851240115e-06
1.12017452447045e-06
9.7834810213002e-07
8.41916490722825e-07
7.1238736745945e-07
5.91403292554793e-07
4.80615429008979e-07
3.81476850723167e-07
2.94991027121324e-07
2.21534951875451e-07
1.60854093883024e-07
1.12217118172741e-07
7.46167249389258e-08
4.68756256355365e-08
2.76104150204773e-08
1.51767146528928e-08
7.77392864312019e-09
3.7110992805172e-09
1.64893839194468e-09
6.78170867164208e-10
2.55021386059409e-10
8.57916426817803e-11
2.49036368056224e-11
5.87349556883028e-12
1.01221803401209e-12
1.0375628071985e-13
4.02229333246109e-15
1.96495813450146e-17
2.1582419569016e-06
2.13646470332515e-06
2.09818980480511e-06
2.04733431172152e-06
1.98686504718633e-06
1.91901031673052e-06
1.84544630139375e-06
1.76746157542285e-06
1.68583614246621e-06
1.60051102231922e-06
1.51333339091277e-06
1.4248983008951e-06
1.33521400761883e-06
1.24360140234165e-06
1.1510071495367e-06
1.05769497110557e-06
9.64559925924632e-07
8.72541153794466e-07
7.82376592542417e-07
6.94658725773947e-07
6.09945538517656e-07
5.28827981133921e-07
4.5196239517237e-07
3.80072175639132e-07
3.13915672939833e-07
2.54213976603965e-07
2.01537938057075e-07
1.561823077151e-07
1.18088549054358e-07
8.68595506059501e-08
6.18594725226484e-08
4.2351545846707e-08
2.76104150204782e-08
1.69575736719759e-08
9.71720061784672e-09
5.1617074256886e-09
2.53419334454874e-09
1.14809492642865e-09
4.78059746690927e-10
1.81118380554662e-10
6.12007297583784e-11
1.78128053129213e-11
4.20799759460275e-12
7.25909358240693e-13
7.44493607125692e-14
2.88683086273153e-15
1.41033101044512e-17
1.21933151818547e-06
1.20587753140023e-06
1.18225473331522e-06
1.15091944189466e-06
1.11374339535058e-06
1.07214419888892e-06
1.02720085259356e-06
9.79754681516127e-07
9.3034612928053e-07
8.79045664784688e-07
8.26960149337262e-07
7.74491210267029e-07
7.21703139000505e-07
6.68299167238179e-07
6.14843743616946e-07
5.61542759286018e-07
5.08917632066908e-07
4.57494005058129e-07
4.07671214983086e-07
3.59753530834342e-07
3.14010195463497e-07
2.70712468267926e-07
2.30151783883957e-07
1.9264159850215e-07
1.58501359250933e-07
1.28019618136893e-07
1.01398132383441e-07
7.86937340907134e-08
5.97869848212034e-08
4.43946393915344e-08
3.21201750387233e-08
2.25220458195867e-08
1.51767146528926e-08
9.71720061784686e-09
5.83444344127802e-09
3.2451332062565e-09
1.65741631960151e-09
7.73492867210408e-10
3.28528932960296e-10
1.25984221092772e-10
4.28705840738358e-11
1.25279859133096e-11
2.96647282708245e-12
5.12437118601169e-13
5.25947496957884e-14
2.04004105427554e-15
9.96702846004218e-18
6.38255386298541e-07
6.30713629854228e-07
6.17485546724579e-07
5.99968419360594e-07
5.79232371950633e-07
5.56092629866382e-07
5.31174132396636e-07
5.04967622622132e-07
4.7779847950914e-07
4.49745814180903e-07
4.21414337952098e-07
3.93038104363856e-07
3.64670933270351e-07
3.36187509024838e-07
3.07889358213171e-07
2.79900048636413e-07
2.52491120054293e-07
2.25927852982747e-07
2.00404869927264e-07
1.76062859833013e-07
1.5301936602152e-07
1.31388081224063e-07
1.11288543508957e-07
9.28476022927502e-08
7.61919108660701e-08
6.14302317677797e-08
4.86273500550199e-08
3.77784971336985e-08
2.87973005509599e-08
2.15235912709314e-08
1.57471359407062e-08
1.12378840812469e-08
7.77392864312008e-09
5.16170742568869e-09
3.24513320625659e-09
1.90091771944632e-09
1.02144935476094e-09
4.9756987941901e-10
2.18040516106935e-10
8.53046940702242e-11
2.93678549200293e-11
8.63743822625368e-12
2.05246832971803e-12
3.55244514040634e-13
3.64988972581588e-14
1.41632861102657e-15
6.92034939861441e-18
3.09389910730339e-07
3.05552074849239e-07
2.98826633362755e-07
2.899332511893e-07
2.79425111801475e-07
2.67725189108979e-07
2.55159001230208e-07
2.41982933981579e-07
2.28369788627826e-07
2.14372565258275e-07
2.00292551200958e-07
1.86250478516005e-07
1.7227812133155e-07
1.58323814486814e-07
1.44533887636557e-07
1.30971879971624e-07
1.17766892482758e-07
1.05042182171684e-07
9.28854946243522e-08
8.13573747532204e-08
7.05059297079928e-08
6.03761958648679e-08
5.10149244972638e-08
4.24714437440103e-08
3.47942660614665e-08
2.80229974160416e-08
2.21767090570751e-08
1.72430933014783e-08
1.31740118231553e-08
9.88972452240081e-09
7.28961445654227e-09
5.26510476466968e-09
3.71109928051725e-09
2.53419334454883e-09
1.65741631960161e-09
1.02144935476091e-09
5.81493807795109e-10
2.99706750902741e-10
1.37616545837541e-10
5.5635739042815e-11
1.95395167853194e-11
5.80985392674758e-12
1.38843107087586e-12
2.41023033712345e-13
2.48005458679605e-14
9.62967754835556e-16
4.70574301992813e-18
1.38736735877675e-07
1.36959759519739e-07
1.33847841181957e-07
1.2973709850916e-07
1.24886515728964e-07
1.19494547892814e-07
1.13714234818337e-07
1.0766623772047e-07
1.01432554858555e-07
9.50413316327099e-08
8.86298412520804e-08
8.22541368966516e-08
7.59298388634663e-08
6.96362601531712e-08
6.34385663256197e-08
5.73660031289479e-08
5.14752833295088e-08
4.58197132344217e-08
4.04363985742264e-08
3.53500340415649e-08
3.05794758465363e-08
2.61419491561533e-08
2.20552161626959e-08
1.83379925958332e-08
1.50084730171723e-08
1.2080817002147e-08
9.56021264453503e-09
7.43845721243792e-09
5.69236619499928e-09
4.28581771976912e-09
3.17438234507244e-09
2.31067945902695e-09
1.64893839194479e-09
1.14809492642862e-09
7.73492867210455e-10
4.97569879419051e-10
2.99706750902733e-10
1.64867719707757e-10
8.06693345984299e-11
3.43307146726103e-11
1.24782426692158e-11
3.78326656601745e-12
9.13082543624302e-13
1.59263942125292e-13
1.64249437135645e-14
6.38329335131179e-16
3.11987751612311e-18
5.72899398432016e-08
5.65415727397309e-08
5.52315704507086e-08
5.35022860285272e-08
5.14635645403457e-08
4.91996812362572e-08
4.67756918052959e-08
4.42428995173552e-08
4.16363093898191e-08
3.89686791580323e-08
3.6297171620707e-08
3.36453741469788e-08
3.10200249163691e-08
2.84132063251922e-08
2.58515971499671e-08
2.33474333533999e-08
2.09237575575632e-08
1.8602017158299e-08
1.63969241034157e-08
1.43180325360315e-08
1.23724378120388e-08
1.05665152917957e-08
8.90681943046478e-09
7.40025824841212e-09
6.05348736563119e-09
4.87147843770329e-09
3.85554626058865e-09
3.00163821929593e-09
2.29978632380183e-09
1.73499694013001e-09
1.28912719441063e-09
9.43001376944307e-10
6.78170867164252e-10
4.78059746690925e-10
3.28528932960318e-10
2.18040516106943e-10
1.37616545837543e-10
8.06693345984321e-11
4.25373247662106e-11
1.94697282180879e-11
7.49091962877193e-12
2.35353889810557e-12
5.78589384862428e-13
1.01774288521971e-13
1.0534520292326e-14
4.09971638092277e-16
2.00429468325267e-18
2.15511937221879e-08
2.12664852335361e-08
2.07682373614758e-08
2.01107874760686e-08
1.93360986303086e-08
1.84763868793215e-08
1.75565338917662e-08
1.65961608490154e-08
1.56086806018675e-08
1.45991469688606e-08
1.35891469250174e-08
1.25876420654703e-08
1.15972192941478e-08
1.06150453412044e-08
9.65108029367663e-09
8.70996487655869e-09
7.80027353692955e-09
6.92994203549246e-09
6.1043684312495e-09
5.32700782852818e-09
4.60038316133096e-09
3.92673938534421e-09
3.30838199923817e-09
2.7477417079308e-09
2.24714446411414e-09
1.80827430327436e-09
1.43144437726885e-09
1.1149800636602e-09
8.55039718364741e-10
6.45962094490911e-10
4.80966309686183e-10
3.52928805744615e-10
2.55021386059461e-10
1.8111838055468e-10
1.25984221092786e-10
8.53046940702205e-11
5.56357390428161e-11
3.43307146726105e-11
1.9469728218089e-11
9.73090681874267e-12
4.07701300699736e-12
1.36498102079576e-12
3.47957582109327e-13
6.2223608063425e-14
6.48281109756561e-15
2.52858209209475e-16
1.2367059505282e-18
7.23698643176889e-09
7.14080686071743e-09
6.97251328370499e-09
6.75049496477525e-09
6.48895934387857e-09
6.19881750620784e-09
5.8884986769169e-09
5.56464947364386e-09
5.23181702643551e-09
4.8917470432517e-09
4.55169882901967e-09
4.21469688249028e-09
3.8816177278839e-09
3.55154036019699e-09
3.22778999469218e-09
2.91193448821709e-09
2.60683442576332e-09
2.31512937078947e-09
2.03860735436048e-09
1.77840436228948e-09
1.53534257165974e-09
1.31015000198086e-09
1.10357412190524e-09
9.16402995334027e-10
7.49386981049144e-10
6.03057827389155e-10
4.7748605772006e-10
3.72079284583677e-10
2.85527968710493e-10
2.15925245639668e-10
1.61001240516611e-10
1.18380451655351e-10
8.57916426817947e-11
6.12007297583884e-11
4.28705840738425e-11
2.93678549200309e-11
1.95395167853198e-11
1.2478242669216e-11
7.49091962877164e-12
4.07701300699701e-12
1.90035324020943e-12
7.04889142082889e-13
1.92960266036232e-13
3.57505077324057e-14
3.77446670097059e-15
1.47814250078268e-16
7.23454159183903e-19
2.09512716054442e-09
2.06720203088472e-09
2.0183423024705e-09
1.95389191536076e-09
1.87798037075173e-09
1.79377957829348e-09
1.70374028850042e-09
1.60979486528488e-09
1.51326563925671e-09
1.41466563592385e-09
1.31609690860923e-09
1.21843716352787e-09
1.1219410454403e-09
1.02634742375471e-09
9.32614973436145e-10
8.41199738191408e-10
7.52926878497571e-10
6.68556700642298e-10
5.88603367785648e-10
5.13392508233192e-10
4.43158877657355e-10
3.78109935806944e-10
3.18458699828261e-10
2.64429696005482e-10
2.1623597172274e-10
1.74026471068933e-10
1.37816069996196e-10
1.07428148576008e-10
8.24800211851718e-11
6.24182939423601e-11
4.65866579986681e-11
3.42998385519982e-11
2.49036368056246e-11
1.78128053129278e-11
1.2527985913312e-11
8.6374382262557e-12
5.80985392674872e-12
3.7832665660174e-12
2.35353889810561e-12
1.36498102079595e-12
7.04889142083056e-13
2.99064253195936e-13
9.29733077398065e-14
1.86465077831148e-14
2.03187834822804e-15
8.02457732511465e-17
3.93260813451886e-19
4.92817547215311e-10
4.86240730194623e-10
4.74733788725718e-10
4.59555792516345e-10
4.4167975422656e-10
4.21853109241002e-10
4.00653400039548e-10
3.78535996253725e-10
3.55812521478271e-10
3.32604579259525e-10
3.09406492064206e-10
2.86424933826841e-10
2.63719863309151e-10
2.41230654801803e-10
2.1918217996681e-10
1.97682089716682e-10
1.76924118064621e-10
1.57086663536907e-10
1.38290316378135e-10
1.20611373680191e-10
1.04104768520533e-10
8.88190218854973e-11
7.48039622256191e-11
6.21120916628872e-11
5.07931151555586e-11
4.08815035776765e-11
3.23800587221594e-11
2.52465399893248e-11
1.93904094486089e-11
1.4681259141132e-11
1.09647645936574e-11
8.08000667820445e-12
5.87349556883242e-12
4.20799759460336e-12
2.96647282708327e-12
2.05246832971785e-12
1.38843107087566e-12
9.13082543624319e-13
5.78589384862434e-13
3.47957582109353e-13
1.92960266036286e-13
9.29733077398066e-14
3.45449521507887e-14
8.16218450918189e-15
9.68018183829861e-16
3.91016026176926e-17
1.92168406260938e-19
8.47497477087063e-11
8.36182138212752e-11
8.16384731938272e-11
7.9027178115258e-11
7.59517612942507e-11
7.25408427913804e-11
6.88938115466324e-11
6.5089032092614e-11
6.11801293048494e-11
5.71880933342386e-11
5.319790387089e-11
4.92451175246652e-11
4.53400459706062e-11
4.14723446043665e-11
3.76806164896455e-11
3.3983419535642e-11
3.04140402443214e-11
2.70031237767808e-11
2.37713861904342e-11
2.07319336517036e-11
1.78942007020172e-11
1.52665212264499e-11
1.28574549040787e-11
1.06760179318221e-11
8.73073422569294e-12
7.02748872737472e-12
5.56670178741335e-12
4.3410426960986e-12
3.33488818654615e-12
2.52578419128804e-12
1.88719130268504e-12
1.39145707244664e-12
1.01221803401268e-12
7.25909358240912e-13
5.12437118601365e-13
3.55244514040743e-13
2.41023033712409e-13
1.59263942125289e-13
1.01774288521976e-13
6.22236080634267e-14
3.57505077324152e-14
1.86465077831188e-14
8.16218450918345e-15
2.4850838234616e-15
3.66981491544046e-16
1.60366035264314e-17
7.94992126353813e-20
8.67521122385808e-12
8.55936970663005e-12
8.35669247362571e-12
8.08936032393602e-12
7.7745149152733e-12
7.42532445122467e-12
7.05196474125432e-12
6.66245921109931e-12
6.26229799519337e-12
5.853633230426e-12
5.44516148309193e-12
5.04052294420348e-12
4.64077295677247e-12
4.24485707426146e-12
3.85672287884899e-12
3.47827278350625e-12
3.11291271785302e-12
2.76377819422601e-12
2.43298915856728e-12
2.12188705002212e-12
1.83143764717705e-12
1.56249422248166e-12
1.31593325299802e-12
1.09267777385015e-12
8.93599755284079e-13
7.19299843799752e-13
5.69818096993328e-13
4.44400649843859e-13
3.41445319329679e-13
2.58651975928018e-13
1.93303735826343e-13
1.42570892127416e-13
1.03756280719953e-13
7.44493607125794e-14
5.2594749695835e-14
3.64988972581748e-14
2.48005458679616e-14
1.64249437135636e-14
1.05345202923263e-14
6.48281109756382e-15
3.7744667009723e-15
2.03187834822886e-15
9.6801818383022e-16
3.66981491544158e-16
8.05507500734213e-17
4.73755911401094e-18
2.46140968379145e-20
3.36096395602158e-13
3.31608375747332e-13
3.23756080798448e-13
3.13398861035169e-13
3.01200828794172e-13
2.87672157487837e-13
2.73207096457825e-13
2.58116514679659e-13
2.42613120449684e-13
2.2678033733634e-13
2.10955052938816e-13
1.95278301735768e-13
1.79790965453134e-13
1.6445226340718e-13
1.49415066545612e-13
1.34753126734677e-13
1.2059837676053e-13
1.07072274829135e-13
9.42569487253687e-14
8.22043731670571e-14
7.09519722287068e-14
6.05328143451529e-14
5.09808689077468e-14
4.23319064982241e-14
3.4619708105129e-14
2.78675226704965e-14
2.20768591606421e-14
1.72184579163543e-14
1.32302000645411e-14
1.00229456542544e-14
7.49143076602551e-15
5.52603775438991e-15
4.02229333246644e-15
2.88683086273572e-15
2.04004105427786e-15
1.41632861102635e-15
9.62967754835627e-16
6.3832933513138e-16
4.09971638092282e-16
2.52858209209573e-16
1.47814250078378e-16
8.02457732512457e-17
3.91016026177018e-17
1.60366035264279e-17
4.73755911401443e-18
5.62953927700734e-19
4.24036279222664e-21
1.64166445146549e-15
1.61974290478541e-15
1.58138857662444e-15
1.53079892102779e-15
1.47121772597403e-15
1.40513689169238e-15
1.33448214166969e-15
1.26077199377719e-15
1.18504545468081e-15
1.10771001633944e-15
1.03041121050646e-15
9.53837927191452e-16
8.78189853510021e-16
8.03267861265443e-16
7.2981856577163e-16
6.5820226395873e-16
5.89063353328086e-16
5.22995077873379e-16
4.60398592075815e-16
4.01527774845035e-16
3.46565435335009e-16
2.95673111152248e-16
2.49016743480399e-16
2.06771069884825e-16
1.69101099504401e-16
1.36120377905592e-16
1.07836239967412e-16
8.41057195546413e-17
6.46253539565915e-17
4.89597123546498e-17
3.65946261482343e-17
2.69946766581121e-17
1.96495813450972e-17
1.41033101044818e-17
9.96702846006336e-18
6.92034939861532e-18
4.70574301992845e-18
3.11987751612324e-18
2.0042946832527e-18
1.23670595052827e-18
7.23454159185392e-19
3.9326081345266e-19
1.92168406260985e-19
7.94992126353666e-20
2.46140968379611e-20
4.24036279224087e-21
2.32732274876433e-22
)
;

boundaryField
{
    inflow
    {
        type            cyclic;
    }
    outflow
    {
        type            cyclic;
    }
    wallTop
    {
        type            nutLowReWallFunction;
        Cmu             0.09;
        kappa           0.41;
        E               9.8;
        value           uniform 0;
    }
    wallSide
    {
        type            nutLowReWallFunction;
        Cmu             0.09;
        kappa           0.41;
        E               9.8;
        value           uniform 0;
    }
    symmetryBottom
    {
        type            symmetry;
    }
    symmetrySide
    {
        type            symmetry;
    }
}


// ************************************************************************* //
