/*--------------------------------*- C++ -*----------------------------------*\
  =========                 |
  \\      /  F ield         | OpenFOAM: The Open Source CFD Toolbox
   \\    /   O peration     | Website:  https://openfoam.org
    \\  /    A nd           | Version:  8
     \\/     M anipulation  |
\*---------------------------------------------------------------------------*/
FoamFile
{
    version     2.0;
    format      ascii;
    class       volScalarField;
    location    "404";
    object      omega;
}
// * * * * * * * * * * * * * * * * * * * * * * * * * * * * * * * * * * * * * //

dimensions      [0 0 -1 0 0 0 0];

internalField   nonuniform List<scalar> 
2209
(
25330.0200901521
26452.194057304
28457.9477417229
31199.4694349266
34605.8597213672
38666.4051991815
43415.4181919817
48920.2395000152
55272.8376876319
62584.8676080999
70985.8658348998
80624.2814058556
91671.1199837368
104326.071820792
118826.12043093
135461.72738316
154623.753807683
176732.41267866
202172.328850933
231398.055332926
264969.102558376
303570.862980052
348033.438520176
399334.342807075
458611.05729004
527190.485371675
606646.522294256
698939.121219553
806711.666603692
933834.053762294
1086327.64227846
1273552.77138679
1509778.39755375
1817826.16622194
2234899.61536838
2819934.2385189
3665593.5680284
4921054.97898059
6838441.53857603
9871846.49812057
14903298.364744
23811679.1603043
41107071.4872245
79538363.0019207
184802541.925408
594344003.223935
3649632458.41996
26452.1940573041
27583.8355651052
29597.3862177442
32338.3042857923
35728.6083702514
39751.9089747482
44438.6248491633
49854.1596430813
56090.6175837245
63261.8273484788
71501.2374507762
80962.334703054
91821.4203355514
104282.742586083
118586.111560896
135017.249338726
153956.257812515
175842.598966478
201097.51743925
230184.598061023
263658.428983424
302193.876812765
346608.090824691
397866.174706976
457094.597669545
525610.825489658
604981.101149014
697160.440318564
804791.768088918
931751.315341562
1084075.88957772
1271133.71179914
1507213.22035442
1815189.12438292
2232309.84695254
2817525.36955678
3663476.88226033
4919296.21711565
6837057.70114429
9870815.94649945
14902575.0642437
23811205.4658423
41106787.5256962
79538212.6972457
184802476.488359
594343983.30835
3649632458.41996
28457.947741723
29597.3862177442
31617.3925956931
34350.1507712852
37707.8904944047
41666.1861855124
46249.501124034
51519.6821197701
57567.8705170948
64509.6585091177
72482.9192144906
81647.7613318042
92188.3482024275
104316.65432094
118278.504773673
134362.337116128
152920.616884799
174404.129663523
199303.41338227
228106.58115471
261368.33509793
299750.637084313
344050.436040739
395211.213488443
454339.017989874
522733.276212697
601945.493892451
693921.110090017
801301.774048386
927974.849679579
1080004.86470492
1266773.79410072
1502604.19839757
1810464.82182553
2227682.39056578
2813230.6482149
3659709.71048765
4916170.23980847
6834600.53484661
9868987.3979005
14901292.3498822
23810365.7187977
41106284.260791
79537946.3595441
184802360.547997
594343948.024332
3649632458.4172
31199.4694349268
32338.3042857924
34350.1507712853
37058.0540435453
40363.2129753481
44233.3649202275
48687.0895523777
53781.8146339726
59606.0038562007
66274.5221029127
73926.9162846524
82727.7543648097
92868.3192641156
104569.289533161
118085.011735644
133710.264944406
151790.212791451
172754.890701876
197131.646173278
225480.877990662
258379.331111311
296483.836084281
340570.276264045
391554.642993408
450514.449201125
518722.486975077
597708.160823764
689402.509606297
796444.436088551
922735.91818448
1074379.32922702
1260774.70480433
1496289.63129005
1804019.12235557
2221392.55655866
2807411.7390273
3654618.6462563
4911953.99154324
6831291.20804738
9866527.33846376
14899567.9801557
23809237.4691059
41105608.3633496
79537588.7590405
184802204.907371
594343900.663537
3649632458.41996
34605.8597213673
35728.6083702516
37707.8904944048
40363.2129753481
43590.5069171863
47349.8799201303
51654.7468714251
56558.8273182135
62146.9992318979
68530.4604081481
75845.6374035385
84255.9875366812
93955.8355030914
105173.052536839
118171.399527233
133254.950911784
150775.749740584
171145.22663215
194882.156152515
222608.239170507
254965.650865101
292628.887825201
336362.836392083
387056.958416446
445755.530852124
513697.005324806
592381.166280679
683719.505330206
790345.882767394
916179.139116748
1067368.07057536
1253333.76833431
1488496.63319709
1796103.53335538
2213703.45929316
2800326.04224898
3648438.70012059
4906848.31543885
6827290.99196739
9863557.62934082
14897488.3781133
23807877.7347875
41104794.1901615
79537158.145008
184802017.529161
594343843.651698
3649632458.41996
38666.4051991817
39751.9089747483
41666.1861855125
44233.3649202276
47349.8799201304
50972.9398749971
55110.4710023139
59813.2294958332
65164.1319680796
71269.3841577091
78257.3061681386
86281.00556849
95530.3462810476
106237.137797256
118673.920245195
133155.359970238
150043.640213178
169757.555465435
192787.477900637
219757.186803798
251393.002414697
288425.864706046
331631.939927472
381884.467146152
440195.848349917
507766.08622329
586059.059226806
676960.937493208
783097.459289189
908405.504846763
1059087.77772082
1244588.38692866
1479385.67776304
1786898.67519903
2204806.77387241
2792163.14461914
3641344.33629386
4901003.12724285
6822720.71731136
9860169.80933291
14895118.5769342
23806329.4727379
41103867.6453604
79536668.2833747
184801804.421508
594343778.820133
3649632458.41996
43415.4181919818
44438.6248491634
46249.5011240341
48687.0895523778
51654.7468714252
55110.471002314
59058.9810200282
63547.5755108494
68660.1109615781
74501.5694223623
81186.0062081742
88844.2784190387
97652.8059986789
107843.533940192
119695.923107662
133535.03930231
149734.512423259
168723.182634244
190998.308138882
217144.71103512
247904.934235317
284116.177012421
326596.573630182
376223.675385407
433988.262709607
501053.617710993
578844.264210372
669216.031514314
774783.134130365
899500.775143067
1049632.27358775
1234645.97514834
1469080.98436898
1776544.34897956
2194851.32898271
2783070.72965242
3633471.78245162
4894535.67098844
6817674.97635908
9856435.58355944
14892509.5367548
23804626.3493794
41102849.0311038
79536129.9622869
184801570.292069
594343707.602849
3649632458.4172
48920.2395000153
49854.1596430814
51519.6821197701
53781.8146339727
56558.8273182136
59813.2294958333
63547.5755108495
67807.5354270616
72686.4006284903
78272.1930199232
84656.4127121143
91963.0451255072
100356.852166668
110046.717847406
121308.404845747
134483.721806991
149957.369504468
168167.019322904
189618.52504411
214899.786305786
244716.553023109
279934.238269429
321482.954347592
370278.517532311
427308.492942175
493707.503924367
570861.464686407
660592.82043515
765501.141295346
889559.408319835
1039097.45020561
1223608.94701508
1457695.13920793
1765163.22287895
2183965.11881757
2773174.17295069
3624935.67131379
4887543.98682803
6812232.50446694
9852414.43090639
14889703.4164543
23802796.1587608
41101755.0807539
79535552.0620022
184801319.012355
594343631.179326
3649632458.41996
55272.837687632
56090.6175837246
57567.8705170948
59606.0038562008
62146.9992318981
65164.1319680797
68660.1109615782
72686.4006284903
77324.4286090832
82634.9440966486
88701.496537158
95645.0758105756
103625.233373802
112844.572083537
123555.052571451
136076.04727516
150806.651651727
168203.211079688
188778.794901745
213128.196120086
241942.601665959
276073.359470445
316515.632019898
364273.884418338
420363.762906541
485910.552030295
562271.08886593
651237.078082804
755393.065824734
878729.170658682
1027628.49804156
1211607.967097
1445351.88344244
1752876.05891317
2172265.26755175
2762582.97266814
3615833.15724753
4880109.52980154
6806457.83036618
9848154.62687295
14886734.1903802
23800861.1786602
41100599.1511458
79534941.6482428
184801053.655053
594343550.482953
3649632458.41996
62584.8676080998
63261.8273484789
64509.6585091177
66274.5221029128
68530.4604081481
71269.3841577091
74501.5694223623
78272.1930199232
82634.9440966485
87638.30865002
93366.761510269
99936.8339935185
107503.256435809
116259.937680523
126446.554963432
138357.896288219
152364.240799348
168930.428482353
188594.119292182
211956.703128183
239715.944651685
272690.610081743
311891.61994079
358427.449549232
413367.793355402
477856.571697317
553243.7769931
641306.319625888
744627.297796327
867228.074508999
1015448.12352023
1198802.1674702
1432173.93113956
1739786.01170261
2159843.43328048
2751379.18914767
3606235.72444975
4872291.88047966
6800398.15308531
9843691.57173136
14883626.856321
23798837.8559418
41099391.1315778
79534303.9636956
184800776.503225
594343466.208142
3649632458.41996
70985.8658348996
71501.2374507761
72482.9192144906
73926.9162846524
75845.6374035385
78257.3061681386
81186.0062081743
84656.4127121142
88701.496537158
93366.761510269
98731.9917937542
104915.633841866
112062.717778022
120357.986921359
130029.012415698
141355.888441477
154683.280422625
170441.556548185
189173.595309146
211510.229868954
238155.446467228
269928.619828342
307817.54799823
352969.381112847
406557.373219927
469773.359852522
543982.088444617
630960.16611765
733297.583752332
855054.747213837
1002525.48192931
1185219.87037918
1418232.2966451
1725992.74671753
2146813.71065364
2739677.89580294
3596248.94201407
4864180.76141232
6794124.8752004
9839078.71316177
14880418.9896585
23796750.7936897
41098145.7536526
79533646.7943319
184800490.941658
594343379.38374
3649632458.4172
80624.2814058555
80962.3347030538
81647.761331804
82727.7543648097
84255.9875366811
86281.00556849
88844.2784190386
91963.0451255071
95645.0758105755
99936.8339935185
104915.633841866
110688.859163981
117403.54301505
125229.592172291
134383.446156503
145131.057774693
157800.424647542
172796.04681099
190621.996643049
211910.577438214
237399.979239393
267915.237419333
304423.098837627
348083.258713548
400154.842005578
461894.277594078
534707.72513899
620394.912799302
721569.273016753
842345.656714862
988976.62366538
1170966.3536887
1403628.15963737
1711595.71469391
2133271.97241409
2727567.36481039
3585949.71549068
4855839.55415602
6787687.48531437
9834352.64637187
14877136.1106583
23794616.6085228
41096872.9266041
79532975.3611747
184800199.234473
594343290.697026
3649632458.4172
91671.1199837368
91821.4203355511
92188.3482024273
92868.3192641154
93955.8355030913
95530.3462810477
97652.8059986788
100356.852166668
103625.233373802
107503.256435809
112062.717778022
117403.54301505
123655.676674912
130994.190446181
139617.674196689
149779.284693689
161790.942842689
176038.381185791
193002.048706242
213269.846270195
237574.86664788
266781.116135691
301854.786480536
343949.920333974
394365.263010669
454439.724302268
525646.517348252
609833.912794392
709655.722852436
829290.784624463
974960.927309358
1156175.40714165
1388476.43608793
1696695.74150771
2119306.65395755
2715123.39808923
3575400.71343002
4847317.96792108
6781123.71646835
9829540.68897508
14873796.9633958
23792447.3517343
41095579.7657803
79532293.3836088
184799902.984717
594343200.632263
3649632458.42272
104326.071820792
104282.742586083
104316.65432094
104569.289533161
105173.052536839
106237.137797256
107843.533940192
110046.717847406
112844.572083537
116259.937680523
120357.986921359
125229.592172291
130994.190446181
137804.728898933
145872.363118871
155427.659142357
166768.651057462
180262.809581183
196372.509009883
215658.559849181
238808.1437868
266672.285480143
300256.189695749
340715.50463108
389358.902388991
447598.806696908
516999.263621972
599499.928468029
697853.502612229
816191.540972473
960673.270375206
1140978.79552816
1372873.66657191
1681370.23651428
2104983.42500641
2702402.24627186
3564649.09920953
4838654.14577175
6774463.11616499
9824664.64649371
14870416.7675106
23790252.95213
41094272.2032439
79531603.9906309
184799603.549117
594343109.599637
3649632458.41996
118826.12043093
118586.111560895
118278.504773673
118085.011735644
118171.399527233
118673.920245195
119695.923107662
121308.404845747
123555.052571451
126446.554963432
130029.012415698
134383.446156503
139617.674196689
145872.36311887
153328.38814455
162242.319425819
172883.685686638
185604.936418911
200855.718967754
219164.174704721
241179.177077212
267721.580736475
299785.462239871
338540.120047398
385313.452317004
441576.098786308
508989.101682134
589597.424057515
686262.874169
803088.656228922
946204.41973715
1125492.54941949
1356948.10967634
1665750.05227181
2090426.8944343
2689515.15121714
3553788.5337917
4829922.89997074
6767762.56573382
9819765.67422418
14867023.7261168
23788051.5224243
41092960.9269931
79530912.7698235
184799303.337764
594343018.328723
3649632458.4172
135461.72738316
135017.249338726
134362.337116128
133710.264944406
133254.950911784
133155.359970238
133535.039302311
134483.721806991
136076.04727516
138357.896288219
141355.888441477
145131.057774693
149779.284693688
155427.659142356
162242.319425819
170438.306198926
180332.560128807
192241.186843568
206615.950092099
223942.929815371
244817.917544332
270033.718489794
300561.644797212
337558.736708498
382368.510577222
436522.072724704
501787.390282615
580351.595805179
675108.690230689
790131.611707759
931673.667055644
1109826.09178738
1340808.8698308
1649944.8158505
2075742.7455942
2676558.23125237
3542901.50511566
4821191.32512181
6761073.941397
9814881.8801653
14863644.3076242
23785860.2599642
41091656.1839796
79530225.1196996
184799004.692401
594342927.530066
3649632458.41443
154623.753807682
153956.257812515
152920.616884798
151790.212791451
150775.749740584
150043.640213178
149734.512423259
149957.369504468
150806.651651727
152364.240799348
154683.280422625
157800.424647541
161790.942842689
166768.651057462
172883.685686638
180332.560128808
189373.786514564
200406.390495952
213874.406787824
230200.136535784
249908.389710289
273765.581722212
302717.664271306
337902.640801559
380669.480545881
432600.426792139
495578.460111164
571888.903610129
664453.618984234
777418.439366104
917201.922443706
1094117.05498759
1324604.12408901
1634104.37250176
2061072.5569554
2663656.89370867
3532092.94456895
4812542.90544114
6754460.60573941
9810059.10772237
14860309.9661923
23783699.4061369
41090369.9472729
79529547.3153146
184798710.32587
594342838.026235
3649632458.42272
176732.41267866
175842.598966478
174404.129663523
172754.890701876
171145.226632151
169757.555465435
168723.182634244
168167.019322904
168203.211079688
168930.428482353
170441.556548185
172796.046810989
176038.381185791
180262.809581183
185604.936418911
192241.186843568
200406.390495952
210420.349596596
222946.143694609
238211.109892427
256687.752867934
279120.19800607
306430.340251363
339733.268142532
380371.747692672
429958.683019444
490469.063437116
564281.973323402
654390.886508569
765071.295213437
902932.532821421
1078524.59133635
1308501.40588341
1618394.21982323
2046569.22655278
2650943.95038938
3521472.21754903
4804063.56646066
6747987.14851347
9805343.75042293
14857052.3638409
23781589.2582999
41089114.1915136
79528885.6217874
184798422.943666
594342750.635172
3649632458.41996
202172.328850933
201097.51743925
199303.41338227
197131.646173278
194882.156152516
192787.477900637
190998.308138883
189618.52504411
188778.794901745
188594.119292182
189173.595309146
190621.996643049
193002.048706242
196372.509009883
200855.718967754
206615.950092099
213874.406787824
222946.143694609
234315.280426487
248336.140863412
265457.329993635
286356.262091727
311920.971382292
343238.618210284
381635.296438366
428734.223514394
486573.130054811
557638.950967521
645047.385650176
753231.926963863
889020.660711496
1063214.77988898
1292671.04575718
1602978.81922143
2032381.63381278
2638546.53192816
3511142.61086825
4795833.64274108
6741713.51998955
9800778.65424554
14853900.6455491
23779548.4626681
41087899.9051451
79528245.7856104
184798145.027575
594342666.109463
3649632458.41996
231398.055332926
230184.598061023
228106.58115471
225480.877990662
222608.239170507
219757.186803798
217144.711035119
214899.786305786
213128.196120085
211956.703128183
211510.229868953
211910.577438214
213269.846270195
215658.559849182
219164.174704721
223942.929815371
230200.136535784
238211.109892427
248336.140863412
260974.318525425
276581.167062208
295801.445674892
319475.486367328
348659.899131409
384657.549247586
429089.57520598
484037.693217578
552105.717310115
636570.733350754
742052.894824136
875626.742891712
1048355.29130334
1277281.59411072
1588017.73340019
2018651.57292968
2626583.81109226
3501199.73192441
4787926.79704133
6735694.32469918
9796402.67044515
14850881.1662622
23777593.8554664
41086737.0041159
79527632.9923384
184797878.817642
594342585.1274
3649632458.41996
264969.102558376
263658.428983424
261368.33509793
258379.331111312
254965.650865101
251393.002414697
247904.934235317
244716.553023109
241942.60166596
239715.944651685
238155.446467228
237399.979239393
237574.86664788
238808.143786801
241179.177077212
244817.917544332
249908.389710289
256687.752867934
265457.329993635
276581.167062208
290521.464101597
307886.732998696
329481.430922247
356331.789705969
389714.990161298
431249.857217266
483057.720160126
547863.663683171
629132.529595526
731702.133083426
862920.645524957
1034118.5067759
1262501.8711068
1573666.92294251
2005514.65028297
2615167.71013801
3491732.10067986
4780410.51055655
6729979.21079746
9792250.94912113
14848017.6998151
23775740.6019854
41085634.4168667
79527051.9126399
184797626.332963
594342508.301698
3649632458.41996
303570.862980052
302193.876812764
299750.637084312
296483.836084282
292628.887825201
288425.864706046
284116.17701242
279934.238269429
276073.359470445
272690.610081743
269928.619828343
267915.237419333
266781.116135691
266672.285480143
267721.580736475
270033.718489794
273765.581722212
279120.19800607
286356.262091727
295801.445674892
307886.732998696
323188.231369054
342471.260324865
366725.097446359
397206.809855553
435546.676878005
483916.339538371
545163.973710366
622956.538083998
722385.02049927
851097.937206798
1020692.57691132
1248507.7825487
1560082.54976356
1993102.19936752
2604403.73204232
3482821.40114253
4773346.0525398
6724612.72774385
9788354.77630501
14845331.2988146
23774002.0943173
41084600.0195032
79526506.6672494
184797389.356457
594342436.17295
3649632458.41443
348033.438520176
346608.09082469
344050.436040739
340570.276264045
336362.836392083
331631.939927471
326596.573630181
321482.954347592
316515.632019898
311891.619940791
307817.547998229
304423.098837626
301854.786480536
300256.18969575
299785.462239872
300561.644797212
302717.664271306
306430.340251363
311920.971382292
319475.486367328
329481.430922247
342471.260324865
359160.939214151
380492.026056046
407714.0687794
442488.323587524
487057.510555397
544394.593801059
618377.147990768
714392.996849901
840417.993049684
1008309.16650728
1235500.97187567
1547432.56311715
1981547.89283319
2594394.3285043
3474543.88214097
4766788.79287099
6719634.1183616
9784741.18495771
14842839.9065683
23772389.6446441
41083640.4304218
79526000.7108576
184797169.382647
594342369.196785
3649632458.41996
399334.342807074
397866.174706975
395211.213488442
391554.642993408
387056.958416445
381884.467146151
376223.675385406
370278.517532309
364273.884418338
358427.449549231
352969.381112846
348083.258713548
343949.920333975
340715.504631079
338540.120047398
337558.736708498
337902.640801559
339733.268142532
343238.618210285
348659.899131409
356331.789705968
366725.097446358
380492.026056046
398532.899937953
422085.8501117
452863.473434108
493197.082124404
546187.248434077
615939.380815885
708193.101879249
831279.181091057
997301.980012362
1223751.06922325
1535925.12605492
1971005.58171818
2585249.25621636
3466975.79837337
4760790.65607335
6715078.12116397
9781432.96007608
14840558.0654637
23770912.1573962
41082760.7566146
79525536.6773767
184796967.544113
594342307.715587
3649632458.41996
458611.057290038
457094.597669545
454339.017989874
450514.449201123
445755.530852125
440195.848349915
433988.262709604
427308.492942175
420363.762906542
413367.793355403
406557.373219926
400154.842005579
394365.263010669
389358.902388991
385313.452317004
382368.510577222
380669.480545881
380371.747692672
381635.296438366
384657.549247588
389714.990161297
397206.809855554
407714.068779401
422085.8501117
441556.255364368
467877.240606867
503470.859028059
551568.963997546
616554.734943699
704579.475947105
824354.328744976
988217.867817716
1213679.92167863
1525868.12699114
1961688.6389338
2577109.889363
3460207.36252477
4755407.44629379
6710978.3758111
9778449.92985303
14838497.2023555
23769576.0293235
41081964.4148205
79525116.2434967
184796784.541445
594342251.939769
3649632458.4172
527190.485371673
525610.825489659
522733.276212696
518722.486975075
513697.005324804
507766.086223289
501053.617710992
493707.503924367
485910.552030296
477856.571697318
469773.359852523
461894.277594079
454439.724302267
447598.806696909
441576.098786308
436522.072724704
432600.426792139
429958.683019444
428734.223514394
429089.575205981
431249.857217267
435546.676878005
442488.323587526
452863.473434111
467877.240606869
489299.218825885
519596.884423929
562160.709940029
621733.101867395
704914.551007514
820816.207757024
982009.153168827
1206013.17422147
1517780.4974747
1953946.45218013
2570198.45908362
3454372.38957426
4750715.45095564
6707375.9779654
9775812.93153678
14836667.2078297
23768385.6284722
41081253.1900841
79524740.0800967
184796620.600904
594342201.930457
3649632458.41996
606646.522294256
604981.10114901
601945.493892453
597708.160823765
592381.166280676
586059.0592268
578844.264210372
570861.46468641
562271.088865929
553243.776993102
543982.08844462
534707.72513899
525646.517348256
516999.263621973
508989.101682135
501787.390282616
495578.460111164
490469.063437115
486573.130054811
484037.693217577
483057.720160127
483916.339538373
487057.510555398
493197.082124406
503470.85902806
519596.884423931
544061.204910778
580463.376152431
633919.549234162
711481.746539256
822676.246495772
980334.899772182
1202029.48698556
1512584.28867601
1948402.50290242
2564910.72628408
3449706.37503412
4746845.36912267
6704337.86596096
9773552.96665047
14835080.5537167
23767344.9173862
41080627.7665165
79524407.9803055
184796475.490079
594342157.596506
3649632458.42272
698939.121219553
697160.440318561
693921.110090022
689402.509606294
683719.505330204
676960.937493201
669216.031514313
660592.820435149
651237.078082801
641306.319625887
630960.16611765
620394.912799303
609833.912794392
599499.928468026
589597.424057517
580351.595805179
571888.903610127
564281.973323402
557638.950967521
552105.717310117
547863.663683172
545163.973710368
544394.59380106
546187.248434077
551568.963997548
562160.709940028
580463.37615243
610240.183005723
656908.966141296
727924.702012868
833230.960472996
985988.866991415
1203942.53917834
1511920.07989039
1946194.91188785
2561985.65089727
3446657.36371033
4744049.44913856
6701994.41589066
9771730.55503695
14833761.3535473
23766461.2416012
41080089.1036679
79524119.2774004
184796348.619461
594342118.714352
3649632458.4172
806711.666603692
804791.768088922
801301.77404839
796444.436088553
790345.882767385
783097.459289187
774783.134130363
765501.141295346
755393.065824737
744627.297796328
733297.583752332
721569.273016758
709655.722852437
697853.502612231
686262.874169003
675108.690230694
664453.618984231
654390.886508568
645047.385650175
636570.73335075
629132.529595532
622956.538084005
618377.147990774
615939.380815888
616554.734943705
621733.101867397
633919.549234163
656908.966141297
696265.885932922
759719.686768931
857592.801792298
1003466.7649212
1215460.26531048
1518649.55313872
1949387.5815403
2562812.43988089
3446095.99528857
4742833.36360018
6700615.3748883
9770475.64932765
14832764.3280711
23765753.3365284
41079641.3595666
79523873.7324267
184796239.257012
594342084.969169
3649632458.41996
933834.053762294
931751.315341563
927974.849679591
922735.918184477
916179.139116742
908405.50484676
899500.775143065
889559.408319836
878729.170658681
867228.074508999
855054.747213842
842345.656714872
829290.784624472
816191.54097247
803088.656228919
790131.611707757
777418.439366107
765071.29521344
753231.92696386
742052.894824137
731702.133083433
722385.020499274
714392.996849907
708193.101879253
704579.475947106
704914.551007517
711481.746539257
727924.702012868
759719.686768931
814645.983432431
903281.105832187
1039678.49066826
1242568.26421472
1537629.24318454
1961655.63178812
2569977.31008137
3449710.03945995
4744214.53718805
6700763.38034593
9770070.11450058
14832214.469817
23765268.084425
41079297.9142712
79523673.2845803
184796146.910559
594342056.010557
3649632458.4172
1086327.64227846
1084075.88957772
1080004.86470493
1074379.32922703
1067368.07057535
1059087.77772081
1049632.27358775
1039097.45020561
1027628.49804156
1015448.12352024
1002525.48192931
988976.623665395
974960.927309357
960673.270375201
946204.419737148
931673.667055654
917201.922443704
902932.532821417
889020.660711491
875626.74289172
862920.645524962
851097.93720681
840417.993049689
831279.181091062
824354.328744976
820816.207757023
822676.246495772
833230.960473004
857592.801792303
903281.105832187
980873.829041487
1104806.65306271
1294574.67125978
1576849.15511251
1989387.84254115
2588213.25381631
3460735.3396184
4750226.37858924
6703606.02899522
9771120.43777932
14832391.6898223
23765116.5368452
41079094.2107031
79523525.6497245
184796072.040738
594342031.542485
3649632458.41443
1273552.77138679
1271133.71179913
1266773.79410074
1260774.70480433
1253333.7683343
1244588.38692865
1234645.97514834
1223608.94701508
1211607.96709699
1198802.1674702
1185219.87037918
1170966.35368872
1156175.40714165
1140978.79552815
1125492.54941949
1109826.0917874
1094117.05498759
1078524.59133635
1063214.77988897
1048355.29130335
1034118.50677591
1020692.57691134
1008309.16650729
997301.980012379
988217.86781772
982009.15316883
980334.899772187
985988.866991417
1003466.7649212
1039678.49066826
1104806.65306271
1213342.74613503
1385446.02171902
1649024.21616322
2043380.76983219
2625994.65893457
3485281.97013027
4764894.55384684
6711552.60624235
9774924.63750709
14833915.9343526
23765554.1072312
41079116.4853442
79523452.255084
184796017.538904
594342011.469293
3649632458.4172
1509778.39755375
1507213.22035441
1502604.1983976
1496289.63129005
1488496.63319708
1479385.677763
1469080.98436897
1457695.13920793
1445351.88344244
1432173.93113955
1418232.2966451
1403628.1596374
1388476.43608794
1372873.6665719
1356948.10967635
1340808.86983081
1324604.124089
1308501.40588341
1292671.04575717
1277281.59411071
1262501.87110682
1248507.78254873
1235500.9718757
1223751.06922326
1213679.92167863
1206013.17422147
1202029.48698555
1203942.53917834
1215460.26531048
1242568.26421473
1294574.67125977
1385446.02171902
1535503.04834266
1773721.06829955
2141312.8226232
2698102.00110544
3534669.50258144
4796098.02715882
6729550.8851905
9784260.08956929
14838160.9516556
23767164.9526653
41079568.939693
79523506.8501645
184795992.119395
594341996.196513
3649632458.42272
1817826.16622194
1815189.12438291
1810464.82182559
1804019.12235557
1796103.53335534
1786898.67519901
1776544.34897956
1765163.22287896
1752876.05891318
1739786.0117026
1725992.74671751
1711595.71469395
1696695.7415077
1681370.23651426
1665750.0522718
1649944.81585052
1634104.37250177
1618394.21982323
1602978.8192214
1588017.73340019
1573666.92294256
1560082.54976361
1547432.56311717
1535925.12605492
1525868.12699116
1517780.49747468
1512584.28867603
1511920.07989041
1518649.55313871
1537629.24318454
1576849.15511252
1649024.2161632
1773721.06829954
1980168.83166907
2311200.03810668
2829551.21198119
3629381.2894456
4859029.76003467
6767703.40767359
9805083.70497911
14848195.7840204
23771298.3076398
41080936.9807281
79523821.3982684
184796018.684638
594341987.349162
3649632458.42272
2234899.61536838
2232309.84695256
2227682.39056588
2221392.55655866
2213703.4592931
2204806.77387238
2194851.32898274
2183965.11881757
2172265.26755175
2159843.43328048
2146813.71065363
2133271.9724142
2119306.65395757
2104983.42500638
2090426.89443433
2075742.74559421
2061072.55695539
2046569.22655278
2032381.63381273
2018651.5729297
2005514.65028302
1993102.19936767
1981547.89283321
1971005.58171818
1961688.63893381
1953946.45218013
1948402.50290246
1946194.91188788
1949387.58154032
1961655.63178814
1989387.84254118
2043380.76983219
2141312.82262321
2311200.03810666
2596161.48241895
3061357.39307458
3805460.90864329
4982412.86663956
6846448.0725935
9850193.97249155
14870956.3309565
23781129.0310417
41084398.9974625
79524724.5652949
184796156.152844
594341989.630797
3649632458.42272
2819934.2385189
2817525.36955678
2813230.64821503
2807411.73902731
2800326.04224888
2792163.14461908
2783070.72965246
2773174.17295069
2762582.97266814
2751379.18914775
2739677.89580296
2727567.36481054
2715123.39808919
2702402.24627183
2689515.15121718
2676558.23125244
2663656.89370868
2650943.95038938
2638546.5319281
2626583.81109218
2615167.71013813
2604403.73204249
2594394.32850434
2585249.25621629
2577109.88936302
2570198.45908364
2564910.72628407
2561985.65089729
2562812.43988098
2569977.31008139
2588213.25381637
2625994.6589346
2698102.00110543
2829551.21198115
3061357.39307455
3458867.6491079
4124427.87252523
5219202.57079696
7006523.24558872
9947034.31638069
14922294.2997681
23804300.2006169
41092905.7154028
79527062.741352
184796559.648025
594342015.974716
3649632458.41996
3665593.5680284
3663476.88226039
3659709.71048788
3654618.64625637
3648438.70012044
3641344.33629375
3633471.78245161
3624935.67131385
3615833.15724754
3606235.72444979
3596248.94201409
3585949.71549093
3575400.71343003
3564649.09920941
3553788.53379176
3542901.50511577
3532092.94456895
3521472.21754902
3511142.61086815
3501199.73192429
3491732.10067998
3482821.40114284
3474543.88214102
3466975.7983734
3460207.3625248
3454372.38957422
3449706.37503424
3446657.36371038
3446095.99528863
3449710.03946005
3460735.33961848
3485281.97013022
3534669.50258135
3629381.28944552
3805460.90864317
4124427.87252526
4688401.10273345
5664263.96818423
7327418.84791025
10153967.3105959
15038715.0614098
23859650.0022244
41114124.4908977
79533117.4937458
184797657.008749
594342102.794864
3649632458.41996
4921054.97898059
4919296.21711564
4916170.23980894
4911953.99154323
4906848.3154387
4901003.12724267
4894535.67098844
4887543.98682801
4880109.52980155
4872291.88047963
4864180.76141244
4855839.55415653
4847317.96792108
4838654.14577157
4829922.89997074
4821191.32512199
4812542.90544133
4804063.56646056
4795833.64274081
4787926.79704123
4780410.51055678
4773346.05254035
4766788.79287106
4760790.65607338
4755407.44629384
4750715.45095578
4746845.36912271
4744049.4491389
4742833.36360038
4744214.53718808
4750226.37858918
4764894.55384678
4796098.02715864
4859029.76003461
4982412.86663942
5219202.57079678
5664263.96818425
6483051.74239936
7960210.05052098
10593135.060208
15304360.9634505
23994588.0105088
41168796.5870155
79549389.0624632
184800704.949688
594342358.745262
3649632458.41996
6838441.5385762
6837057.70114414
6834600.53484705
6831291.20804755
6827290.99196708
6822720.71731074
6817674.97635894
6812232.50446693
6806457.83036604
6800398.1530853
6794124.87520039
6787687.48531505
6781123.71646836
6774463.11616467
6767762.56573386
6761073.94139732
6754460.60573935
6747987.14851366
6741713.51998928
6735694.3246988
6729979.21079803
6724612.72774483
6719634.11836169
6715078.121164
6710978.37581118
6707375.97796524
6704337.86596069
6701994.41589108
6700615.37488843
6700763.38034581
6703606.02899557
6711552.60624225
6729550.88519014
6767703.40767341
6846448.07259323
7006523.24558859
7327418.84791021
7960210.05052086
9184853.71014181
11514397.4693654
15911565.4493286
24330134.6510445
41315324.1538885
79595613.262459
184809697.389426
594343135.799503
3649632458.4172
9871846.49812052
9870815.94649982
9868987.39790168
9866527.33846345
9863557.62934026
9860169.80933277
9856435.58355924
9852414.43090639
9848154.62687304
9843691.57173136
9839078.71316179
9834352.64637283
9829540.68897535
9824664.64649287
9819765.67422453
9814881.88016589
9810059.10772232
9805343.75042289
9800778.65424503
9796402.67044477
9792250.94912181
9788354.77630682
9784741.18495725
9781432.96007583
9778449.92985289
9775812.93153684
9773552.96665066
9771730.55503779
9770475.64932786
9770070.11450043
9771120.43778021
9774924.63750723
9784260.08956827
9805083.70497842
9850193.97249107
9947034.31638076
10153967.3105958
10593135.060208
11514397.4693653
13417198.4621872
17292381.3859595
25176309.5149421
41723982.4577677
79736020.6726336
184838611.789067
594345702.694782
3649632458.4172
14903298.3647445
14902575.0642446
14901292.3498854
14899567.9801558
14897488.3781122
14895118.5769331
14892509.536755
14889703.4164538
14886734.1903797
14883626.856321
14880418.989658
14877136.1106617
14873796.9633962
14870416.7675096
14867023.7261168
14863644.3076258
14860309.9661922
14857052.3638409
14853900.6455486
14850881.1662608
14848017.6998164
14845331.2988187
14842839.9065691
14840558.0654639
14838497.2023559
14836667.2078303
14835080.5537168
14833761.3535501
14832764.3280715
14832214.4698178
14832391.6898228
14833915.9343523
14838160.9516543
14848195.7840191
14870956.3309555
14922294.2997677
15038715.0614097
15304360.9634504
15911565.4493291
17292381.3859598
20398365.8279153
27320406.2514634
42902750.3645246
80194607.231646
184942374.265869
594355310.586284
3649632458.41996
23811679.1603042
23811205.465841
23810365.7188016
23809237.469105
23807877.7347854
23806329.4727359
23804626.3493796
23802796.158761
23800861.1786605
23798837.8559428
23796750.79369
23794616.6085272
23792447.351734
23790252.952126
23788051.5224235
23785860.2599663
23783699.4061357
23781589.2582989
23779548.462666
23777593.8554637
23775740.601987
23774002.0943253
23772389.6446443
23770912.1573953
23769576.0293251
23768385.628471
23767344.9173844
23766461.2416057
23765753.3365282
23765268.0844241
23765116.5368467
23765554.1072319
23767164.9526631
23771298.307636
23781129.0310396
23804300.2006151
23859650.0022233
23994588.0105088
24330134.6510443
25176309.5149407
27320406.2514612
32733273.8581434
46376347.8206295
81798670.3818923
185367072.236103
594398039.118556
3649632458.42272
41107071.4872224
41106787.5256965
41106284.2607984
41105608.3633502
41104794.1901568
41103867.645356
41102849.0311041
41101755.080756
41100599.1511483
41099391.1315796
41098145.753655
41096872.9266148
41095579.7657822
41094272.2032399
41092960.9269962
41091656.1839888
41090369.9472708
41089114.191514
41087899.9051427
41086737.00411
41085634.4168729
41084600.0195191
41083640.430424
41082760.7566129
41081964.4148218
41081253.1900843
41080627.7665195
41080089.103676
41079641.3595687
41079297.914274
41079094.2107094
41079116.4853411
41079568.9396843
41080936.9807248
41084398.9974573
41092905.7154042
41114124.4909002
41168796.5870155
41315324.1538884
41723982.4577673
42902750.3645197
46376347.8206277
56697371.3394574
87707062.8295644
187364078.425236
594639251.147148
3649632458.41996
79538363.0019164
79538212.6972456
79537946.3595647
79537588.7590413
79537158.1449958
79536668.2833631
79536129.9622826
79535552.0620014
79534941.648242
79534303.9636896
79533646.7943318
79532975.3612081
79532293.3836026
79531603.9906186
79530912.7698141
79530225.1197216
79529547.3153206
79528885.6217875
79528245.785598
79527632.9923227
79527051.9126604
79526506.6672872
79526000.7108566
79525536.6773778
79525116.2435055
79524740.0801015
79524407.9803006
79524119.2774194
79523873.7324303
79523673.2845799
79523525.6497395
79523452.2550842
79523506.8501409
79523821.398258
79524724.5652808
79527062.7413441
79533117.4937402
79549389.0624634
79595613.2624588
79736020.6726325
80194607.2316372
81798670.3818822
87707062.8295591
110110832.553141
197891069.763566
596484587.136366
3649632458.41996
184802541.92541
184802476.488362
184802360.548067
184802204.907373
184802017.529121
184801804.421469
184801570.292073
184801319.012355
184801053.655053
184800776.503226
184800490.94166
184800199.234563
184799902.984733
184799603.54909
184799303.337772
184799004.692442
184798710.325872
184798422.943667
184798145.027537
184797878.817558
184797626.333028
184797389.356588
184797169.382677
184796967.54413
184796784.541491
184796620.600917
184796475.490111
184796348.619545
184796239.257022
184796146.91056
184796072.040775
184796017.538905
184795992.119314
184796018.684617
184796156.152779
184796559.648007
184797657.008752
184800704.94969
184809697.389425
184838611.789082
184942374.265833
185367072.23606
187364078.425212
197891069.763554
257200104.622659
615095090.10027
3649632458.41996
594344003.223935
594343983.308364
594343948.024748
594343900.663481
594343843.651492
594343778.819872
594343707.602794
594343631.179326
594343550.482967
594343466.208142
594343379.383685
594343290.697418
594343200.632259
594343109.599427
594343018.328611
594342927.530159
594342838.02629
594342750.635173
594342666.109202
594342585.127266
594342508.301934
594342436.173616
594342369.196777
594342307.715527
594342251.939771
594342201.930451
594342157.596498
594342118.714691
594342084.969236
594342056.010559
594342031.542688
594342011.469234
594341996.196164
594341987.348824
594341989.630547
594342015.974775
594342102.794865
594342358.745203
594343135.799506
594345702.6947
594355310.586088
594398039.11825
594639251.147138
596484587.136372
615095090.100065
830981958.770331
3649632458.42548
3649632458.41996
3649632458.41996
3649632458.42272
3649632458.41996
3649632458.4172
3649632458.4172
3649632458.4172
3649632458.41996
3649632458.41996
3649632458.41996
3649632458.4172
3649632458.42272
3649632458.42272
3649632458.4172
3649632458.4172
3649632458.4172
3649632458.42272
3649632458.41996
3649632458.4172
3649632458.4172
3649632458.42272
3649632458.42272
3649632458.41996
3649632458.41996
3649632458.4172
3649632458.41996
3649632458.42272
3649632458.42272
3649632458.41996
3649632458.4172
3649632458.4172
3649632458.4172
3649632458.4172
3649632458.41996
3649632458.41996
3649632458.41996
3649632458.41996
3649632458.41996
3649632458.4172
3649632458.4172
3649632458.4172
3649632458.41996
3649632458.41996
3649632458.41996
3649632458.4172
3649632458.41996
3649632458.41996
)
;

boundaryField
{
    inflow
    {
        type            cyclic;
    }
    outflow
    {
        type            cyclic;
    }
    wallTop
    {
        beta1           0.075;
        blended         0;
        type            omegaWallFunction;
        value           nonuniform List<scalar> 
47
(
3649632458.41996
3649632458.41996
3649632458.4172
3649632458.41996
3649632458.41996
3649632458.41996
3649632458.4172
3649632458.41996
3649632458.41996
3649632458.41996
3649632458.4172
3649632458.4172
3649632458.42272
3649632458.41996
3649632458.4172
3649632458.41443
3649632458.42272
3649632458.41996
3649632458.41996
3649632458.41996
3649632458.41996
3649632458.41443
3649632458.41996
3649632458.41996
3649632458.4172
3649632458.41996
3649632458.42272
3649632458.4172
3649632458.41996
3649632458.4172
3649632458.41443
3649632458.4172
3649632458.42272
3649632458.42272
3649632458.42272
3649632458.41996
3649632458.41996
3649632458.41996
3649632458.4172
3649632458.4172
3649632458.41996
3649632458.42272
3649632458.41996
3649632458.41996
3649632458.41996
3649632458.42548
3649632458.41996
)
;
    }
    wallSide
    {
        beta1           0.075;
        blended         0;
        type            omegaWallFunction;
        value           nonuniform List<scalar> 
47
(
3649632458.41996
3649632458.41996
3649632458.42272
3649632458.41996
3649632458.4172
3649632458.4172
3649632458.4172
3649632458.41996
3649632458.41996
3649632458.41996
3649632458.4172
3649632458.42272
3649632458.42272
3649632458.4172
3649632458.4172
3649632458.4172
3649632458.42272
3649632458.41996
3649632458.4172
3649632458.4172
3649632458.42272
3649632458.42272
3649632458.41996
3649632458.41996
3649632458.4172
3649632458.41996
3649632458.42272
3649632458.42272
3649632458.41996
3649632458.4172
3649632458.4172
3649632458.4172
3649632458.4172
3649632458.41996
3649632458.41996
3649632458.41996
3649632458.41996
3649632458.41996
3649632458.4172
3649632458.4172
3649632458.4172
3649632458.41996
3649632458.41996
3649632458.41996
3649632458.4172
3649632458.41996
3649632458.41996
)
;
    }
    symmetryBottom
    {
        type            symmetry;
    }
    symmetrySide
    {
        type            symmetry;
    }
}


// ************************************************************************* //
