/*--------------------------------*- C++ -*----------------------------------*\
  =========                 |
  \\      /  F ield         | OpenFOAM: The Open Source CFD Toolbox
   \\    /   O peration     | Website:  https://openfoam.org
    \\  /    A nd           | Version:  8
     \\/     M anipulation  |
\*---------------------------------------------------------------------------*/
FoamFile
{
    version     2.0;
    format      ascii;
    class       volScalarField;
    location    "404";
    object      p;
}
// * * * * * * * * * * * * * * * * * * * * * * * * * * * * * * * * * * * * * //

dimensions      [0 2 -2 0 0 0 0];

internalField   nonuniform List<scalar> 
2209
(
-1.89163711800099e-15
-8.97160816514415e-15
-1.24713841992762e-14
-1.49900256500605e-14
-1.68404044384383e-14
-1.82434572610896e-14
-1.89983604972765e-14
-1.88878552961282e-14
-1.92286001472236e-14
-1.95191797852645e-14
-1.97187460737903e-14
-1.97958087436081e-14
-1.95446745546804e-14
-1.93150222305322e-14
-1.89902188688315e-14
-1.86386973155451e-14
-1.79772304557495e-14
-1.72895094967805e-14
-1.78333251876432e-14
-1.81922727530545e-14
-1.8104740034814e-14
-1.8129739721935e-14
-1.81175862483711e-14
-1.80323297213176e-14
-1.79489750394697e-14
-1.81161160660331e-14
-1.81707401388039e-14
-1.81409740511159e-14
-1.81404709827627e-14
-1.81967451137639e-14
-1.82815027771805e-14
-1.81358204512171e-14
-1.80599677474994e-14
-1.80271137252834e-14
-1.79967180487658e-14
-1.80631663966193e-14
-1.81234152139932e-14
-1.81599614450621e-14
-1.81943520365087e-14
-1.82611092957174e-14
-1.83219524439088e-14
-1.8374149187252e-14
-1.84216173943175e-14
-1.84617072993511e-14
-1.8491439025479e-14
-1.85099869326401e-14
-1.85225696900776e-14
-2.97089731691979e-15
-1.17438244054574e-14
-1.39464923396149e-14
-1.58388565400659e-14
-1.76396114198515e-14
-1.95685204209476e-14
-2.2244459438961e-14
-1.71080015123926e-14
-1.9236646076068e-14
-1.98080426902165e-14
-2.06105205573601e-14
-2.20984503545522e-14
-2.08752680208505e-14
-2.01988370553923e-14
-1.972642421924e-14
-1.93345738724061e-14
-1.90175529356887e-14
-1.87299623241449e-14
-1.90274840206272e-14
-1.89710327202856e-14
-1.96687241103066e-14
-1.89922060190069e-14
-1.91106732684805e-14
-1.90054692359989e-14
-1.9193486752535e-14
-1.9194360298146e-14
-1.89647556602303e-14
-1.9058742496809e-14
-1.95618965327413e-14
-1.96068444613037e-14
-1.95861322320347e-14
-1.96248786665709e-14
-1.97485195958072e-14
-1.99332857030626e-14
-1.99797271241985e-14
-2.00416375680456e-14
-2.00301974562437e-14
-2.00371792799945e-14
-2.0077239865797e-14
-2.01318903838056e-14
-2.01809776682512e-14
-2.02574836118244e-14
-2.03482630128344e-14
-2.05124715878384e-14
-2.05943516731372e-14
-2.06113897168349e-14
-2.05713493305048e-14
-1.24030916464744e-14
-1.49895565467016e-14
-1.5510717379454e-14
-1.67007008359471e-14
-1.79904173592953e-14
-1.91855835117291e-14
-1.99287960144659e-14
-1.94590802784033e-14
-1.93665252123669e-14
-1.87718769305085e-14
-1.74582333527655e-14
-1.90368461213535e-14
-1.94840378558066e-14
-1.94282760884257e-14
-1.93250715406458e-14
-1.92563816804861e-14
-1.92720629221532e-14
-1.93509506057138e-14
-1.94513328798854e-14
-1.95768986951456e-14
-1.97112510685259e-14
-1.98548522056084e-14
-2.00154914542549e-14
-2.02137678260995e-14
-1.98081648872013e-14
-1.99356989558115e-14
-2.00626264819074e-14
-2.00871952317831e-14
-2.00962151056476e-14
-2.01772550353385e-14
-2.03253777783425e-14
-2.0395728842862e-14
-2.04898169459995e-14
-2.06036098944515e-14
-2.07211564077436e-14
-2.09597875232526e-14
-2.12084665403072e-14
-2.14705829345818e-14
-2.17640606600319e-14
-2.20849135807416e-14
-2.24533053637169e-14
-2.28432572513932e-14
-2.32257662695348e-14
-2.3518486320326e-14
-2.38103750948083e-14
-2.40211730754823e-14
-2.41442608389668e-14
-1.44289012111693e-14
-1.56324163960241e-14
-1.63795775337048e-14
-1.73527631519494e-14
-1.84689588291321e-14
-1.95145396531881e-14
-2.03170351327883e-14
-2.06999493175365e-14
-2.08835908318171e-14
-2.04543565319956e-14
-2.0681850764846e-14
-2.06529467701107e-14
-1.99107578926217e-14
-1.89464209519958e-14
-1.87540761999785e-14
-1.80269729339343e-14
-1.87502463802915e-14
-1.91873478755102e-14
-1.9406064452545e-14
-1.94865169070805e-14
-1.94931736848035e-14
-1.94080839182992e-14
-1.90411733627108e-14
-1.89715165112926e-14
-1.91624727454115e-14
-1.96014768604852e-14
-1.97910961954232e-14
-1.98565957014815e-14
-1.9953180466992e-14
-2.01031150024015e-14
-2.03054006363864e-14
-2.04938411335029e-14
-2.07022749237252e-14
-2.09056811415792e-14
-2.11034580853928e-14
-2.1307695915961e-14
-2.15512555300503e-14
-2.17939993704047e-14
-2.20321402937031e-14
-2.2277416398828e-14
-2.25201391109295e-14
-2.27642656527438e-14
-2.29265172216188e-14
-2.31005409924946e-14
-2.31486421550091e-14
-2.31797044290752e-14
-2.32003236664729e-14
-1.55754774054861e-14
-1.64692645662734e-14
-1.70075921104412e-14
-1.78484027053772e-14
-1.89561231370132e-14
-2.0190186838403e-14
-2.13455541076427e-14
-2.23350893336154e-14
-2.38312232234844e-14
-2.00977421771623e-14
-2.07996856788911e-14
-2.1005068589434e-14
-2.01179258926135e-14
-2.16383154382535e-14
-1.94643361943956e-14
-1.86614693775327e-14
-2.03041284325065e-14
-2.17897777355677e-14
-2.12056337961011e-14
-2.09113184012186e-14
-2.06528858949024e-14
-2.03666487934304e-14
-2.0722187399207e-14
-2.09083454143221e-14
-2.10418988963873e-14
-2.1150698488524e-14
-2.12427895578468e-14
-2.14560628713147e-14
-2.14895141426804e-14
-2.1629211410288e-14
-2.17648765124889e-14
-2.19441390863675e-14
-2.21136122750261e-14
-2.22722195905493e-14
-2.24537548522325e-14
-2.26510034304276e-14
-2.27557788708994e-14
-2.2913123907616e-14
-2.30795241666156e-14
-2.32150894327256e-14
-2.33510520159179e-14
-2.34253231245942e-14
-2.35055449602894e-14
-2.34872940269692e-14
-2.35203805893661e-14
-2.35548152826701e-14
-2.35926847065874e-14
-1.61901939744873e-14
-1.74113563449395e-14
-1.74120277834602e-14
-1.80802047243312e-14
-1.92999254561188e-14
-2.09139770050915e-14
-2.29476587419118e-14
-2.29748489826208e-14
-2.46451170417461e-14
-2.25812347441818e-14
-2.20323729108656e-14
-2.1798131990776e-14
-2.17888330946878e-14
-2.067620814509e-14
-2.15130894558222e-14
-2.18307704658329e-14
-2.1923657057143e-14
-2.21128827370991e-14
-2.2255294972734e-14
-2.24277065373819e-14
-2.26054055580948e-14
-2.28492664872959e-14
-2.31540923449852e-14
-2.36090159977873e-14
-2.35225352313974e-14
-2.31480546185391e-14
-2.30421074570491e-14
-2.2985982965219e-14
-2.31978974337694e-14
-2.33517827974529e-14
-2.34447118527877e-14
-2.35454586702312e-14
-2.36477908940166e-14
-2.37635145486551e-14
-2.38732046031948e-14
-2.39658299118872e-14
-2.40354859446823e-14
-2.40780053337314e-14
-2.4086577587118e-14
-2.40714429023675e-14
-2.39848034466925e-14
-2.3868433776428e-14
-2.36526323950763e-14
-2.34804898433954e-14
-2.32742054554681e-14
-2.31541084067005e-14
-2.31186034451694e-14
-1.62468468050575e-14
-1.92997308559336e-14
-1.74250063009296e-14
-1.79302432160099e-14
-1.93035778275867e-14
-2.22738067460063e-14
-2.17875808311295e-14
-2.14596607295072e-14
-2.23388622220209e-14
-2.23369090837145e-14
-2.21854518429784e-14
-2.14703210770074e-14
-2.22838897346118e-14
-2.22556884886988e-14
-2.25617008110485e-14
-2.24741583115082e-14
-2.24610417374277e-14
-2.25805034932353e-14
-2.26559515863815e-14
-2.34227235646341e-14
-2.38162874601507e-14
-2.38673816452299e-14
-2.36587418238985e-14
-2.38485642524641e-14
-2.37100894272637e-14
-2.39894559139705e-14
-2.4066030087005e-14
-2.40657747873105e-14
-2.40727076584679e-14
-2.40769669674051e-14
-2.40970851031919e-14
-2.40802349427666e-14
-2.40918960634028e-14
-2.41221806200104e-14
-2.41799945564283e-14
-2.41565125234261e-14
-2.41282010225553e-14
-2.40885275147636e-14
-2.40236639170709e-14
-2.38988506447331e-14
-2.3752923781623e-14
-2.3538386551323e-14
-2.33470930829659e-14
-2.31287784464345e-14
-2.29850954512377e-14
-2.29119715678715e-14
-2.29037393454831e-14
-1.56808241142261e-14
-1.27968810935131e-14
-1.63658182185081e-14
-1.72814204437896e-14
-1.81952198860898e-14
-2.00182733096249e-14
-2.07075588537261e-14
-2.11876953129648e-14
-2.17769782292102e-14
-2.22326060978334e-14
-2.33364483553323e-14
-2.23088233690855e-14
-2.21200967507463e-14
-2.21343728872766e-14
-2.26290149717066e-14
-2.25562059474535e-14
-2.18920221506655e-14
-2.31715958594864e-14
-2.40751036376507e-14
-2.42871089304733e-14
-2.44725596342092e-14
-2.45942567939697e-14
-2.47070074977625e-14
-2.48436424960231e-14
-2.50303637033432e-14
-2.49065338733975e-14
-2.47925223078503e-14
-2.46816933711464e-14
-2.47428549045831e-14
-2.48000740283822e-14
-2.48042142107038e-14
-2.47769809124266e-14
-2.47562792380939e-14
-2.47235903779644e-14
-2.46901989033604e-14
-2.46486600522904e-14
-2.45872281806982e-14
-2.44994728874898e-14
-2.43786467112543e-14
-2.42076196278688e-14
-2.39650847223763e-14
-2.37336052923767e-14
-2.3461822287563e-14
-2.32373200065501e-14
-2.30313794509988e-14
-2.29175870066641e-14
-2.28916473695502e-14
-1.57552498231882e-14
-1.50770445196043e-14
-1.63034945505781e-14
-1.66456433578412e-14
-1.65829843533557e-14
-1.85870895135411e-14
-1.99037372233117e-14
-2.08588557931907e-14
-2.139690722789e-14
-2.10676041497804e-14
-2.19954146538348e-14
-2.13747968761841e-14
-2.37792108003145e-14
-2.32501757609488e-14
-2.38958718832651e-14
-2.5046275692929e-14
-2.44599804868898e-14
-2.44380588632381e-14
-2.49421836174566e-14
-2.56854870537866e-14
-2.5344013040246e-14
-2.52231596938792e-14
-2.52302283978185e-14
-2.52691849955913e-14
-2.53082020239722e-14
-2.53149030689503e-14
-2.52014184561233e-14
-2.53817422630865e-14
-2.55482220852312e-14
-2.54561309150172e-14
-2.52428306487611e-14
-2.51175079430382e-14
-2.50076930527551e-14
-2.49032338839324e-14
-2.47904652996113e-14
-2.46311361137934e-14
-2.44430397079888e-14
-2.4223473281938e-14
-2.40194700011024e-14
-2.37842917197608e-14
-2.35161096473663e-14
-2.32334848061897e-14
-2.29789464712361e-14
-2.27344973098108e-14
-2.25521129466342e-14
-2.24355276185853e-14
-2.23826744214091e-14
-1.5976183228859e-14
-1.68122500326973e-14
-1.65116716430749e-14
-1.61804452978971e-14
-1.40653427231673e-14
-1.7537276839673e-14
-1.9353825887961e-14
-2.08712783315214e-14
-2.01416040060702e-14
-2.17750090746482e-14
-2.29097343473508e-14
-2.45646191662703e-14
-2.37022923378431e-14
-2.37467650177033e-14
-2.37583998435015e-14
-2.34077184185609e-14
-2.43544326982281e-14
-2.48729823337741e-14
-2.51866388828502e-14
-2.53946244445441e-14
-2.57478803355622e-14
-2.63006427587162e-14
-2.58611854613657e-14
-2.56139820979231e-14
-2.54878221950323e-14
-2.53870737585344e-14
-2.52987416332617e-14
-2.52264879206997e-14
-2.51578754749018e-14
-2.50897002648264e-14
-2.50208166305425e-14
-2.49552803223521e-14
-2.48695719213738e-14
-2.4752890372259e-14
-2.45994731216339e-14
-2.44797377067666e-14
-2.43087959581002e-14
-2.41008092660489e-14
-2.38675616785923e-14
-2.36235031430877e-14
-2.33645447915249e-14
-2.31179164574212e-14
-2.28671772371422e-14
-2.26527391725193e-14
-2.24800643577861e-14
-2.23719685448481e-14
-2.2322552548065e-14
-1.6403435492995e-14
-1.91286363831865e-14
-1.67285837664909e-14
-1.63168006174113e-14
-1.64173853816212e-14
-1.5846547916366e-14
-1.8888830308862e-14
-2.09266196121225e-14
-2.1265040154109e-14
-2.11575598673379e-14
-2.31202657748006e-14
-2.3821304368941e-14
-2.39998009696277e-14
-2.42350060259184e-14
-2.45609446899743e-14
-2.52043763946396e-14
-2.57301165908078e-14
-2.60571041062487e-14
-2.59462275381131e-14
-2.52409949213891e-14
-2.57878006839924e-14
-2.59263753243743e-14
-2.57236155452349e-14
-2.55510387961618e-14
-2.54069205701537e-14
-2.52788666083641e-14
-2.51650159829594e-14
-2.50608290501434e-14
-2.49655622536553e-14
-2.48776219519881e-14
-2.47955622345047e-14
-2.46062286440043e-14
-2.44210894762584e-14
-2.43534573400692e-14
-2.42527305588095e-14
-2.41225243404499e-14
-2.39662916587501e-14
-2.37625681589654e-14
-2.35826491282605e-14
-2.3385456598587e-14
-2.31778939318394e-14
-2.29699438915174e-14
-2.2784983786989e-14
-2.26126726422245e-14
-2.24796214039409e-14
-2.23931661096417e-14
-2.23496881586232e-14
-1.67453325955015e-14
-1.87597964560717e-14
-1.65332644135321e-14
-1.62594200737023e-14
-1.6352113375974e-14
-1.71748341411812e-14
-1.88385634347448e-14
-2.05984034930145e-14
-2.1218293250685e-14
-2.24901686442049e-14
-2.32362533992379e-14
-2.36902079019034e-14
-2.41555088573428e-14
-2.45137906963851e-14
-2.45692809761931e-14
-2.53848252669404e-14
-2.55013379300524e-14
-2.64184802733297e-14
-2.66293593724224e-14
-2.63781458554201e-14
-2.626736405732e-14
-2.59566846569882e-14
-2.53858524998885e-14
-2.53255319364113e-14
-2.52227082632138e-14
-2.51046998559532e-14
-2.49766947819715e-14
-2.48475183305148e-14
-2.47211659466261e-14
-2.4593374642205e-14
-2.44639183587697e-14
-2.43291470920263e-14
-2.42169739070029e-14
-2.41144651016803e-14
-2.39924529948494e-14
-2.38471778242151e-14
-2.3696696447335e-14
-2.35348081655782e-14
-2.33898965670165e-14
-2.32023734784968e-14
-2.30044338294178e-14
-2.28250178289474e-14
-2.267407166454e-14
-2.25456248814028e-14
-2.24294391524226e-14
-2.23536550433197e-14
-2.23133989025134e-14
-1.68105018332292e-14
-1.68250799849077e-14
-1.66636151009434e-14
-1.61314432330038e-14
-1.47361780081728e-14
-1.7192590735967e-14
-1.84495231974469e-14
-2.07841847967697e-14
-2.34295223192312e-14
-2.29537492862733e-14
-2.32350621776669e-14
-2.35280039319316e-14
-2.43874290475687e-14
-2.51580014793007e-14
-2.54125004535717e-14
-2.52392012282129e-14
-2.61612358517453e-14
-2.66099676585188e-14
-2.64962355156857e-14
-2.63771977478129e-14
-2.63053839031501e-14
-2.63806765941921e-14
-2.58781761346591e-14
-2.55685496293806e-14
-2.5346182154963e-14
-2.5161643541057e-14
-2.49677911142155e-14
-2.47477703431246e-14
-2.46677057208862e-14
-2.45745595623614e-14
-2.44685518151531e-14
-2.43554671745186e-14
-2.42471427305158e-14
-2.41326710710924e-14
-2.40231940721924e-14
-2.39080662007622e-14
-2.37581559657603e-14
-2.36029301679927e-14
-2.34671551708863e-14
-2.32864033497397e-14
-2.3121580529226e-14
-2.29621581196653e-14
-2.28392012995253e-14
-2.27216527543715e-14
-2.26444440375169e-14
-2.25893251920414e-14
-2.25617793580717e-14
-1.7056415119763e-14
-1.66752661749809e-14
-1.68859964867243e-14
-1.6151354036649e-14
-1.49872555175295e-14
-1.71693045536784e-14
-1.77095482818881e-14
-2.06388099307919e-14
-2.24969668774583e-14
-2.29740489893451e-14
-2.32317187159987e-14
-2.28720137537873e-14
-2.46424009803465e-14
-2.52095330103285e-14
-2.54355498955327e-14
-2.55605622494502e-14
-2.58860284743269e-14
-2.61946693670729e-14
-2.6101160863919e-14
-2.61623355780845e-14
-2.63457935051611e-14
-2.58023952480783e-14
-2.52514231209504e-14
-2.52777024123003e-14
-2.52413643860878e-14
-2.51859314140446e-14
-2.51685060217705e-14
-2.49120306670325e-14
-2.47030949425134e-14
-2.46094171203622e-14
-2.45500808137076e-14
-2.43736392982764e-14
-2.421668520786e-14
-2.41250906235654e-14
-2.39842754478896e-14
-2.38109717207525e-14
-2.36617777497148e-14
-2.35156945547002e-14
-2.33575154541732e-14
-2.31837594378168e-14
-2.30168275503011e-14
-2.28745471921356e-14
-2.27402534659703e-14
-2.26456029198253e-14
-2.25534664241181e-14
-2.24931230462074e-14
-2.2467289721638e-14
-1.73268489151927e-14
-1.6806667113363e-14
-1.72552209410268e-14
-1.62282424087699e-14
-1.49348494865128e-14
-1.74618266866138e-14
-1.89891975862156e-14
-2.07942488220825e-14
-2.20868866260241e-14
-2.30994069748191e-14
-2.35647312409015e-14
-2.35191080108105e-14
-2.47876477096849e-14
-2.55579248820893e-14
-2.55535924202555e-14
-2.55335307025353e-14
-2.56367668600844e-14
-2.57264135166984e-14
-2.57171225994858e-14
-2.56430538568434e-14
-2.5546776093632e-14
-2.54506046749582e-14
-2.5338741829001e-14
-2.52359241994063e-14
-2.51323822487811e-14
-2.50742231630195e-14
-2.50318711133376e-14
-2.48412309021994e-14
-2.46895039437914e-14
-2.45727483638639e-14
-2.44762957381978e-14
-2.43669131945348e-14
-2.42482392368822e-14
-2.41081447813015e-14
-2.39587273645159e-14
-2.37955656272025e-14
-2.36391988026269e-14
-2.34763480420726e-14
-2.33173072808366e-14
-2.31613294203037e-14
-2.30220151298996e-14
-2.28927568509065e-14
-2.27806372999864e-14
-2.26805148382119e-14
-2.26162534469126e-14
-2.25708849951714e-14
-2.25476519562499e-14
-1.76263669489736e-14
-1.68550969432124e-14
-1.79446908086217e-14
-1.63265746154458e-14
-1.52879955925974e-14
-1.76958656708126e-14
-2.01473628079952e-14
-2.10489185314719e-14
-2.21871986488606e-14
-2.34062220273719e-14
-2.41278850849719e-14
-2.49435589866056e-14
-2.52248862133087e-14
-2.65108087764075e-14
-2.56711650092642e-14
-2.53542568228048e-14
-2.53951297202441e-14
-2.5464211744381e-14
-2.54872095269625e-14
-2.52481476116631e-14
-2.4825280509065e-14
-2.52292074083382e-14
-2.53385633943382e-14
-2.51777850809951e-14
-2.49233771778947e-14
-2.50503326051692e-14
-2.4955356422908e-14
-2.47546300872808e-14
-2.47295005355068e-14
-2.46316947640148e-14
-2.44902921049404e-14
-2.43343855968552e-14
-2.4155099091758e-14
-2.4038957424538e-14
-2.38679893977726e-14
-2.37382112029468e-14
-2.35832126071929e-14
-2.34342855093671e-14
-2.32814396680201e-14
-2.31510897021006e-14
-2.30119445817741e-14
-2.29075759748255e-14
-2.27978238740092e-14
-2.27150905176465e-14
-2.2653142327183e-14
-2.26182829021581e-14
-2.26041436809609e-14
-1.7474260167714e-14
-1.64235026766763e-14
-1.70936576223467e-14
-1.63771588560418e-14
-1.49767145684374e-14
-1.78811047322907e-14
-2.15191455975091e-14
-2.12347485497343e-14
-2.22417526193673e-14
-2.38459584711491e-14
-2.46189406738052e-14
-2.3794759609164e-14
-2.50532788386451e-14
-2.63751651161835e-14
-2.53844296155472e-14
-2.51281770693505e-14
-2.51292600799469e-14
-2.52662477027391e-14
-2.57393223703562e-14
-2.52949899342241e-14
-2.50947925187518e-14
-2.51098098657039e-14
-2.49158440941924e-14
-2.48516915900829e-14
-2.47975208828053e-14
-2.47179213133696e-14
-2.46687117016258e-14
-2.47329456945591e-14
-2.47251712752989e-14
-2.44748529638132e-14
-2.43532105223396e-14
-2.4247915989409e-14
-2.41366751995422e-14
-2.40392918924311e-14
-2.39449579864757e-14
-2.37806965328269e-14
-2.36273016751767e-14
-2.35293683321259e-14
-2.34302316384355e-14
-2.33196359414473e-14
-2.3202827593608e-14
-2.31141981101586e-14
-2.30434738304542e-14
-2.29699425801489e-14
-2.29315481617564e-14
-2.29111751688079e-14
-2.29064407301267e-14
-1.69043858290952e-14
-1.58922151860927e-14
-1.63628476262541e-14
-1.64886164973747e-14
-1.70722679200814e-14
-1.79448032869509e-14
-2.02418893643966e-14
-2.11820191710645e-14
-2.21537664666877e-14
-2.32235326238053e-14
-2.39271842574225e-14
-2.40792172116637e-14
-2.48298018886352e-14
-2.51528730446619e-14
-2.50943862775111e-14
-2.49909074821152e-14
-2.50503065158628e-14
-2.50196967300468e-14
-2.51091390202446e-14
-2.49648445924938e-14
-2.49072457693916e-14
-2.48587279700376e-14
-2.47814501014146e-14
-2.47335241817563e-14
-2.47200966616958e-14
-2.46331818750852e-14
-2.45509357872701e-14
-2.44641491335826e-14
-2.43681303407327e-14
-2.42736694568422e-14
-2.41834018327423e-14
-2.41090019147664e-14
-2.40413262869573e-14
-2.39715236878581e-14
-2.38954161931956e-14
-2.38210324694203e-14
-2.37382093340722e-14
-2.36631675794603e-14
-2.35890987090102e-14
-2.35033371430489e-14
-2.34219974810036e-14
-2.33609940447666e-14
-2.33023543224022e-14
-2.3264228311012e-14
-2.32305856761609e-14
-2.32193515208424e-14
-2.32286181311523e-14
-1.74250755316169e-14
-1.6127293322007e-14
-1.63801599332137e-14
-1.65662005435778e-14
-1.68751414402568e-14
-1.78536578704098e-14
-1.91979572552568e-14
-2.11200274600867e-14
-2.23301478925371e-14
-2.29420352127774e-14
-2.34019265366607e-14
-2.41638001129769e-14
-2.47626522738923e-14
-2.49891061461301e-14
-2.50323244743067e-14
-2.49646967060605e-14
-2.52836668359964e-14
-2.49331753934931e-14
-2.48011565392587e-14
-2.47670040076356e-14
-2.47328675734048e-14
-2.46958760054411e-14
-2.46064186705659e-14
-2.45347578789513e-14
-2.44730320931089e-14
-2.44041194884852e-14
-2.43311619038401e-14
-2.42571199240624e-14
-2.41814851912984e-14
-2.41293906280681e-14
-2.40791605394918e-14
-2.40342654561251e-14
-2.39963312638948e-14
-2.39579141016625e-14
-2.39187665591252e-14
-2.38758171856369e-14
-2.38319114036699e-14
-2.37845411180197e-14
-2.37533959573731e-14
-2.37051223254845e-14
-2.36667614242304e-14
-2.36348310789959e-14
-2.36088714816989e-14
-2.35846591659172e-14
-2.35706203361133e-14
-2.35695025780876e-14
-2.35816665930494e-14
-1.75725975443334e-14
-1.58268521508142e-14
-1.6401654242889e-14
-1.66801088011204e-14
-1.66369070249542e-14
-1.77316851300866e-14
-1.92390102160605e-14
-2.13597766877939e-14
-2.28314702950651e-14
-2.28956830214299e-14
-2.28352898749371e-14
-2.42736116655365e-14
-2.48135709654916e-14
-2.48988985509178e-14
-2.50323280426226e-14
-2.47233263633542e-14
-2.48092215962795e-14
-2.469278152058e-14
-2.46419591511955e-14
-2.45944353934909e-14
-2.45769853568514e-14
-2.46503886089172e-14
-2.4425594675799e-14
-2.43486768992496e-14
-2.42939818801531e-14
-2.4236844742789e-14
-2.41779338105913e-14
-2.4118209933974e-14
-2.40710796850305e-14
-2.40314771925397e-14
-2.39953540501008e-14
-2.39595876029929e-14
-2.39297211959296e-14
-2.38999922781693e-14
-2.38844050476311e-14
-2.38750193862844e-14
-2.38412820867943e-14
-2.38159864711269e-14
-2.37969962079096e-14
-2.37810274592986e-14
-2.37704865476884e-14
-2.37609810883289e-14
-2.37581774832566e-14
-2.37590424542489e-14
-2.37602556221641e-14
-2.37675991756246e-14
-2.37855812912835e-14
-1.73926380579261e-14
-1.5784965138001e-14
-1.6430285377215e-14
-1.68537235199307e-14
-1.63450312597877e-14
-1.75798103004451e-14
-1.92187316544609e-14
-2.18860499073629e-14
-2.23853379327656e-14
-2.28740651290477e-14
-2.34690213633053e-14
-2.43338781481107e-14
-2.47828721057193e-14
-2.45921519106981e-14
-2.52017772716563e-14
-2.43270154963962e-14
-2.44771162646038e-14
-2.44337203000701e-14
-2.45004628164901e-14
-2.4405263931492e-14
-2.43297144594915e-14
-2.40954101528405e-14
-2.40342492764627e-14
-2.41507075919844e-14
-2.41525082871077e-14
-2.41194507398555e-14
-2.40638857572415e-14
-2.39724314171253e-14
-2.39469259503667e-14
-2.39654088762526e-14
-2.39434795506474e-14
-2.39084592365681e-14
-2.38791037419898e-14
-2.3867413413805e-14
-2.38675323792168e-14
-2.3888840916923e-14
-2.38405598062628e-14
-2.38181279299584e-14
-2.38018898335274e-14
-2.37999289388945e-14
-2.37930196194249e-14
-2.37946566422085e-14
-2.37928003547679e-14
-2.37962489844489e-14
-2.37875276755155e-14
-2.3786421822983e-14
-2.37931548610918e-14
-1.72558465804416e-14
-1.59552513242327e-14
-1.64661490149546e-14
-1.70552420596194e-14
-1.59819263729926e-14
-1.74096340012848e-14
-1.91179864047882e-14
-2.18030530909983e-14
-2.21889469847071e-14
-2.28362919757358e-14
-2.34770994796507e-14
-2.4294224067436e-14
-2.4714273071774e-14
-2.47309237499434e-14
-2.46990394288036e-14
-2.44384845526803e-14
-2.42548998578322e-14
-2.41328024860805e-14
-2.44762968795227e-14
-2.42228480103519e-14
-2.42648381063142e-14
-2.42525176300125e-14
-2.42964595714794e-14
-2.41611301546484e-14
-2.41102966817254e-14
-2.40803518484403e-14
-2.39416078553166e-14
-2.39520615183851e-14
-2.3965192068516e-14
-2.38977309995874e-14
-2.38896341335851e-14
-2.38307626269269e-14
-2.38001192937881e-14
-2.37763031537166e-14
-2.37643204063978e-14
-2.37437857866036e-14
-2.37246977176129e-14
-2.36930265175219e-14
-2.3696514818823e-14
-2.3686870281618e-14
-2.368362476103e-14
-2.36756648910439e-14
-2.3681446194766e-14
-2.36763096420481e-14
-2.36805835542864e-14
-2.3682274549106e-14
-2.36837380478683e-14
-1.71477579299064e-14
-1.65038044884353e-14
-1.64946088639859e-14
-1.67146571652041e-14
-1.62221737416815e-14
-1.72267636248923e-14
-1.89605957540666e-14
-2.11079721595725e-14
-2.20413812713131e-14
-2.27989258415217e-14
-2.3304237199006e-14
-2.41600400055866e-14
-2.45479474302406e-14
-2.46878353442256e-14
-2.42884430719639e-14
-2.45264843429032e-14
-2.39884356438389e-14
-2.41351504995584e-14
-2.43393400129266e-14
-2.44227586912728e-14
-2.42762848521335e-14
-2.43430442492558e-14
-2.41442936574693e-14
-2.40712500033906e-14
-2.40441485878901e-14
-2.3896390161434e-14
-2.39103993856765e-14
-2.3937586055241e-14
-2.38334982543038e-14
-2.37661116670843e-14
-2.37192149201095e-14
-2.3666925474766e-14
-2.36552967026821e-14
-2.36394839285579e-14
-2.36214185548914e-14
-2.35849811077613e-14
-2.35532313066102e-14
-2.35347219298829e-14
-2.35108500345461e-14
-2.34983049874641e-14
-2.3478750606256e-14
-2.34715999254774e-14
-2.34502176746268e-14
-2.34510600337506e-14
-2.34385034657454e-14
-2.34261006751209e-14
-2.34157328550059e-14
-1.70543426876616e-14
-1.64999175153225e-14
-1.66914800774195e-14
-1.6558177154769e-14
-1.62618433764183e-14
-1.70492784713457e-14
-1.87832873221586e-14
-2.07663592759981e-14
-2.19403173998664e-14
-2.27801399992943e-14
-2.37002170612347e-14
-2.40827465696157e-14
-2.44286444983632e-14
-2.45666087376498e-14
-2.46966074364961e-14
-2.46847528153272e-14
-2.39140152430816e-14
-2.41112881983975e-14
-2.40607080116426e-14
-2.4231536730353e-14
-2.41867062436022e-14
-2.41261218949089e-14
-2.40286050534077e-14
-2.39434272487415e-14
-2.39437566931113e-14
-2.39605658290166e-14
-2.39017758492078e-14
-2.37895388813111e-14
-2.37086919960642e-14
-2.36564658815098e-14
-2.36136341531546e-14
-2.35871975269594e-14
-2.35775562237414e-14
-2.34801361326195e-14
-2.34376986407713e-14
-2.3397716749588e-14
-2.33625068819844e-14
-2.33242485647358e-14
-2.33041132955232e-14
-2.32555057814392e-14
-2.32253080433069e-14
-2.31980215610545e-14
-2.31873238708681e-14
-2.31714450579028e-14
-2.31601656121333e-14
-2.31464718841405e-14
-2.31282085519104e-14
-1.69716155917507e-14
-1.6311414356021e-14
-1.69800836245976e-14
-1.66207696508977e-14
-1.62631968537078e-14
-1.7076967547381e-14
-1.86010948122749e-14
-2.06155943835781e-14
-2.18578071527595e-14
-2.27540619358464e-14
-2.35353987444667e-14
-2.40142438414741e-14
-2.43381862399573e-14
-2.44718187817966e-14
-2.45174190871457e-14
-2.44753795404399e-14
-2.38524204362666e-14
-2.41236349090861e-14
-2.40956740174249e-14
-2.41487474610081e-14
-2.41190721960725e-14
-2.40630399581384e-14
-2.4025310146078e-14
-2.39248638864316e-14
-2.39250496160436e-14
-2.38061505286015e-14
-2.3661863176048e-14
-2.36251004501618e-14
-2.35400002966857e-14
-2.35377963401041e-14
-2.35152856050511e-14
-2.3424435544426e-14
-2.33797777699769e-14
-2.33301180272197e-14
-2.32842047707603e-14
-2.32515087360752e-14
-2.3182662045703e-14
-2.31303107904736e-14
-2.30620628787446e-14
-2.30004053279808e-14
-2.29549470327618e-14
-2.29233798850797e-14
-2.28878376943964e-14
-2.28589754413377e-14
-2.28282691687983e-14
-2.27995457697543e-14
-2.2776119652269e-14
-1.68998945555269e-14
-1.6090786046906e-14
-1.69106773806036e-14
-1.67790835218453e-14
-1.62366336661185e-14
-1.6686085426916e-14
-1.85635034612991e-14
-2.04986598257634e-14
-2.17923537188129e-14
-2.27315646699531e-14
-2.33991192071686e-14
-2.3958673676435e-14
-2.42567861622697e-14
-2.43912243137396e-14
-2.43658314991653e-14
-2.43865560675089e-14
-2.38821905247062e-14
-2.41075911588796e-14
-2.4104387417143e-14
-2.4103374371973e-14
-2.40696244195981e-14
-2.39992465126187e-14
-2.39304170244192e-14
-2.38363933647742e-14
-2.38021648772298e-14
-2.37098717845116e-14
-2.36197559886028e-14
-2.35636061843133e-14
-2.35005734933051e-14
-2.34531915838599e-14
-2.3394665864755e-14
-2.33219367090445e-14
-2.32559738836996e-14
-2.31924150293671e-14
-2.31295244713624e-14
-2.30637808917155e-14
-2.29941850022124e-14
-2.29243038552356e-14
-2.28542002681869e-14
-2.27845921835079e-14
-2.27188451214796e-14
-2.26544923183293e-14
-2.26093830885526e-14
-2.25654295600304e-14
-2.25340046486505e-14
-2.25071760660408e-14
-2.24783613378945e-14
-1.68385594797877e-14
-1.57403442512362e-14
-1.69648691890206e-14
-1.70362600300258e-14
-1.61967956180271e-14
-1.64493972329959e-14
-1.86807889082298e-14
-2.04033094378049e-14
-2.17386369153295e-14
-2.27208959071256e-14
-2.32718163735977e-14
-2.3924050817233e-14
-2.41910152188622e-14
-2.43337491949827e-14
-2.42179518567301e-14
-2.43853396960706e-14
-2.39842336277044e-14
-2.41073464651965e-14
-2.40921667495402e-14
-2.40725521901059e-14
-2.40402474404179e-14
-2.40516634064218e-14
-2.39829741059686e-14
-2.37202488801881e-14
-2.3743237121298e-14
-2.36376701103262e-14
-2.35570792797595e-14
-2.34933295326506e-14
-2.34362040820149e-14
-2.33701121994526e-14
-2.32933897768466e-14
-2.32303410375498e-14
-2.31516452848544e-14
-2.30772499962526e-14
-2.30031374813485e-14
-2.29210381975173e-14
-2.28303344760752e-14
-2.27490579010933e-14
-2.2677064816073e-14
-2.25995882415965e-14
-2.25236248889798e-14
-2.24535354541181e-14
-2.23923238244938e-14
-2.23392216204774e-14
-2.22979364087608e-14
-2.22629253197543e-14
-2.22344682518675e-14
-1.67883351171214e-14
-1.57020779504547e-14
-1.71109903052632e-14
-1.6993684559615e-14
-1.62684176245474e-14
-1.62996044535449e-14
-1.86772321554572e-14
-2.04522164374734e-14
-2.16960379434308e-14
-2.27242654950183e-14
-2.34267565047522e-14
-2.39081862824508e-14
-2.40939575715481e-14
-2.42991234712965e-14
-2.42944831416254e-14
-2.4474157549134e-14
-2.41637097362135e-14
-2.41107423713026e-14
-2.40835926497105e-14
-2.40482999835708e-14
-2.40025247147336e-14
-2.40302049880284e-14
-2.39656486124286e-14
-2.36297740269811e-14
-2.36337094126696e-14
-2.35655472119475e-14
-2.34972102588603e-14
-2.34353746350988e-14
-2.3364543430316e-14
-2.32925819249257e-14
-2.31957302741357e-14
-2.31385320624803e-14
-2.30628702363961e-14
-2.29816218450807e-14
-2.29052417475526e-14
-2.28265781367427e-14
-2.27384199324501e-14
-2.26565762106111e-14
-2.25645899754835e-14
-2.24771939159068e-14
-2.24047402694638e-14
-2.23325850766892e-14
-2.2264051785985e-14
-2.2210318271924e-14
-2.21629422335545e-14
-2.21260169765218e-14
-2.20994535611762e-14
-1.67472260417786e-14
-1.59540790936516e-14
-1.7234900120074e-14
-1.70892439329185e-14
-1.61811588082192e-14
-1.63407114066271e-14
-1.85769671627602e-14
-2.03682872340431e-14
-2.17108113308723e-14
-2.27363777038478e-14
-2.34388354565907e-14
-2.39066591075583e-14
-2.3997311677849e-14
-2.42822379323647e-14
-2.43122689607555e-14
-2.43921915894553e-14
-2.42896881348893e-14
-2.40964831558e-14
-2.41509777810154e-14
-2.40295142682155e-14
-2.39493321823183e-14
-2.39137927543202e-14
-2.37981975882578e-14
-2.36465450473904e-14
-2.36167243900259e-14
-2.35093090116563e-14
-2.34374952440098e-14
-2.33727204725171e-14
-2.32808104685801e-14
-2.32351239243506e-14
-2.31684633503889e-14
-2.30938352282295e-14
-2.30196277032338e-14
-2.2938776408571e-14
-2.28661634322739e-14
-2.27738014205257e-14
-2.26901932754038e-14
-2.26038196073244e-14
-2.2522112227147e-14
-2.24364611310591e-14
-2.23604736226742e-14
-2.22832571871629e-14
-2.22185428365776e-14
-2.21628779362552e-14
-2.21241160534665e-14
-2.20942496146771e-14
-2.20737861305324e-14
-1.6643242915847e-14
-1.60613971620719e-14
-1.73179088083333e-14
-1.70678930006042e-14
-1.60193631214798e-14
-1.6340925750311e-14
-1.84414200672087e-14
-2.02051012518244e-14
-2.17828687406464e-14
-2.27542698259518e-14
-2.34297191018527e-14
-2.39166567526448e-14
-2.40648742077519e-14
-2.42737286995632e-14
-2.4245232546856e-14
-2.43291893204412e-14
-2.41822478415296e-14
-2.41183292404589e-14
-2.41144659956553e-14
-2.40065120762921e-14
-2.38911230605807e-14
-2.38438779621723e-14
-2.37255646646877e-14
-2.36192961794478e-14
-2.35437738851695e-14
-2.34475332665353e-14
-2.33625930741516e-14
-2.3321357484755e-14
-2.32446368574099e-14
-2.31931664363369e-14
-2.31276498206196e-14
-2.30573630733972e-14
-2.29796502607427e-14
-2.29020448949151e-14
-2.28141650280872e-14
-2.2751252823614e-14
-2.26738049582104e-14
-2.25993151069102e-14
-2.25183662669104e-14
-2.24483981651462e-14
-2.23732425467977e-14
-2.23101926047233e-14
-2.22465179093452e-14
-2.22010729497126e-14
-2.21580818431687e-14
-2.2130998293047e-14
-2.21171499769142e-14
-1.64519515540969e-14
-1.60498492491888e-14
-1.7356432428101e-14
-1.71235396177293e-14
-1.59693678266842e-14
-1.63246405537334e-14
-1.84765839198276e-14
-2.01602702651644e-14
-2.17213338132911e-14
-2.27771361672852e-14
-2.33997027232209e-14
-2.38598921824148e-14
-2.40937911650105e-14
-2.42782067425442e-14
-2.41728594101384e-14
-2.42865430351131e-14
-2.4196109059959e-14
-2.41275110263084e-14
-2.40924764953265e-14
-2.39880027963758e-14
-2.3824560221954e-14
-2.38057462290402e-14
-2.36973189116546e-14
-2.35854215989897e-14
-2.35177454901798e-14
-2.34109350488384e-14
-2.33208159446476e-14
-2.32842907630211e-14
-2.32443596089968e-14
-2.31631129264112e-14
-2.31031413603157e-14
-2.30414770217411e-14
-2.2958510685801e-14
-2.28827094601375e-14
-2.28172673208875e-14
-2.27497492144927e-14
-2.26889074686598e-14
-2.26231363006987e-14
-2.25543528609125e-14
-2.2489712272619e-14
-2.24343143882073e-14
-2.23767626052838e-14
-2.23347511970666e-14
-2.22880588392255e-14
-2.22606368167111e-14
-2.22433286763552e-14
-2.22360680428612e-14
-1.6479272832709e-14
-1.59081231975636e-14
-1.73864257652949e-14
-1.70999944287141e-14
-1.59803763519209e-14
-1.6320428903325e-14
-1.84021220267807e-14
-2.01640802399241e-14
-2.17192735754908e-14
-2.28059077331484e-14
-2.3470789961213e-14
-2.39302575231907e-14
-2.41031775501973e-14
-2.42928183347693e-14
-2.42468280980586e-14
-2.43218600533336e-14
-2.42385137604551e-14
-2.41337762815045e-14
-2.40800997428882e-14
-2.39789193066134e-14
-2.38539417722667e-14
-2.37857113531632e-14
-2.36725096391139e-14
-2.35724425028641e-14
-2.34763405788026e-14
-2.33805987733065e-14
-2.33033697618376e-14
-2.32407266689942e-14
-2.31983123748482e-14
-2.31334628735564e-14
-2.30696154186679e-14
-2.30056345492294e-14
-2.29284801633357e-14
-2.28686543921387e-14
-2.28203663578501e-14
-2.27750463145559e-14
-2.27108635155588e-14
-2.26574003970911e-14
-2.26014808491031e-14
-2.25553018053575e-14
-2.25058213406723e-14
-2.24675648196084e-14
-2.24269311125777e-14
-2.24007632910247e-14
-2.23733770803057e-14
-2.23607831136148e-14
-2.23600697854315e-14
-1.64706012438239e-14
-1.60127291212189e-14
-1.74072607266659e-14
-1.7103645326357e-14
-1.6019735454586e-14
-1.63268087302722e-14
-1.8389580885753e-14
-2.01677854434154e-14
-2.17612822368828e-14
-2.28108881696098e-14
-2.35431367032819e-14
-2.39765746864128e-14
-2.4108155041327e-14
-2.43167635754459e-14
-2.42895838335546e-14
-2.43514087727956e-14
-2.43099757989895e-14
-2.41386146311003e-14
-2.40725413680704e-14
-2.3971895445084e-14
-2.38612110236181e-14
-2.37710371518445e-14
-2.3647088242537e-14
-2.35782824152162e-14
-2.34602461748363e-14
-2.33641648950705e-14
-2.326251168557e-14
-2.3173510763387e-14
-2.31646061566214e-14
-2.31101064224884e-14
-2.30448701892925e-14
-2.29769729252539e-14
-2.29375024408947e-14
-2.28948844454098e-14
-2.28405323122273e-14
-2.27875311213266e-14
-2.27468170065086e-14
-2.2706196718907e-14
-2.26668333147776e-14
-2.26279530991455e-14
-2.25938480314356e-14
-2.2557842721808e-14
-2.25387780832507e-14
-2.25157878815424e-14
-2.25031442439562e-14
-2.24986093812664e-14
-2.25012289886884e-14
-1.64002968891502e-14
-1.60200590677995e-14
-1.74037446860251e-14
-1.70882127404592e-14
-1.59550662602882e-14
-1.63471799263381e-14
-1.84315510703513e-14
-2.01859317904216e-14
-2.17360231993856e-14
-2.2788406706862e-14
-2.35136717281281e-14
-2.39965791212095e-14
-2.41273799312049e-14
-2.4322206542626e-14
-2.43136730789698e-14
-2.4385114284611e-14
-2.43473103885505e-14
-2.41491810345901e-14
-2.4069210645017e-14
-2.39646124460451e-14
-2.38660231121151e-14
-2.37586541707611e-14
-2.36490737618646e-14
-2.35469068560735e-14
-2.34617233919557e-14
-2.33522739576093e-14
-2.32698178475776e-14
-2.31971311504973e-14
-2.31477252601198e-14
-2.30910333970544e-14
-2.30229800595774e-14
-2.29728424866644e-14
-2.29356157493305e-14
-2.28989991303338e-14
-2.28605901086337e-14
-2.28174899670496e-14
-2.2779595230311e-14
-2.27557323745577e-14
-2.2726790110779e-14
-2.26986004436876e-14
-2.26709866306506e-14
-2.26535861337673e-14
-2.26343865677635e-14
-2.26247602628905e-14
-2.26125125072003e-14
-2.26110013579781e-14
-2.26177948697387e-14
-1.63159330309451e-14
-1.5932919591239e-14
-1.73585480934839e-14
-1.7044228553473e-14
-1.59664703186886e-14
-1.63936976713105e-14
-1.8522425419132e-14
-2.02018782381293e-14
-2.17312594001054e-14
-2.27648644216027e-14
-2.35039755257737e-14
-2.4007382283974e-14
-2.41637658864516e-14
-2.43605643347117e-14
-2.43361670753291e-14
-2.44258020108073e-14
-2.43245694710721e-14
-2.41681296377534e-14
-2.40681293019832e-14
-2.39585925801252e-14
-2.3865514572598e-14
-2.37319786421347e-14
-2.36435064739313e-14
-2.35120043066324e-14
-2.34454042527625e-14
-2.33429688666633e-14
-2.32685701725843e-14
-2.32093618550875e-14
-2.31309442055371e-14
-2.30738542132331e-14
-2.30273541890282e-14
-2.29833795924431e-14
-2.29348991374993e-14
-2.29080279918245e-14
-2.28736678392176e-14
-2.28399491021326e-14
-2.28132678793441e-14
-2.27853775761525e-14
-2.27717873031218e-14
-2.27530914225714e-14
-2.27416100355411e-14
-2.27285978788475e-14
-2.27227067599794e-14
-2.27135936561489e-14
-2.27124816172376e-14
-2.27143230380532e-14
-2.27217243323135e-14
-1.63074567401763e-14
-1.58802101431513e-14
-1.73676266610184e-14
-1.69818568787051e-14
-1.60125925926225e-14
-1.64572828291557e-14
-1.85709692259202e-14
-2.02092893606008e-14
-2.17494262625325e-14
-2.28014076771106e-14
-2.3532587075209e-14
-2.40078948363281e-14
-2.42222032019427e-14
-2.43588019151999e-14
-2.43686645387103e-14
-2.4474340156891e-14
-2.43321097033855e-14
-2.41866967279208e-14
-2.40694668373866e-14
-2.39743316880149e-14
-2.38299038282306e-14
-2.37408619075566e-14
-2.36421178991908e-14
-2.350533842574e-14
-2.34370089932203e-14
-2.33414165032427e-14
-2.32615782448088e-14
-2.31979487475282e-14
-2.31302009069749e-14
-2.30757712056359e-14
-2.30274774180341e-14
-2.29966854816772e-14
-2.2945394860323e-14
-2.29138709633582e-14
-2.28855015440811e-14
-2.28677289240151e-14
-2.28463379771051e-14
-2.28313300154308e-14
-2.28129749120688e-14
-2.28004899803706e-14
-2.27940205251592e-14
-2.27924591825535e-14
-2.2787411745021e-14
-2.27894934807592e-14
-2.27867272630868e-14
-2.27905451820068e-14
-2.27995723876575e-14
-1.62908393071023e-14
-1.58461502023676e-14
-1.7355079783282e-14
-1.69182654729141e-14
-1.59906401439224e-14
-1.64625150472875e-14
-1.85932513105592e-14
-2.02215403372706e-14
-2.17122594996966e-14
-2.28154807792935e-14
-2.35343818868424e-14
-2.40616296587672e-14
-2.42300284464052e-14
-2.43764030181527e-14
-2.43976053839161e-14
-2.44790731543066e-14
-2.43570770189005e-14
-2.42026546518003e-14
-2.4070694404843e-14
-2.39575824214026e-14
-2.38508965314953e-14
-2.37519741490705e-14
-2.36434711633703e-14
-2.35270119888535e-14
-2.34346560587784e-14
-2.3339071075771e-14
-2.32630822390765e-14
-2.31909124275397e-14
-2.31331537345253e-14
-2.30745712111574e-14
-2.30269618057961e-14
-2.29876802394712e-14
-2.29522900599948e-14
-2.29227644113278e-14
-2.2897615651621e-14
-2.28796564224402e-14
-2.28658402131008e-14
-2.2854465563562e-14
-2.2851116623031e-14
-2.28420532937232e-14
-2.28413107253893e-14
-2.28399711609868e-14
-2.28427262206553e-14
-2.2842932390146e-14
-2.28466017593439e-14
-2.28514301767425e-14
-2.28599273565172e-14
-1.62694381284857e-14
-1.5822333904835e-14
-1.73408404765917e-14
-1.6861086269262e-14
-1.60353688489706e-14
-1.64796555473775e-14
-1.86314721541007e-14
-2.0240715567944e-14
-2.16732218834048e-14
-2.28131094016223e-14
-2.35339276008983e-14
-2.40751178092606e-14
-2.42432913135915e-14
-2.44042730307587e-14
-2.44247548978932e-14
-2.44909715462027e-14
-2.43826252206551e-14
-2.42147932940564e-14
-2.40734611844503e-14
-2.39428681083782e-14
-2.38357817088822e-14
-2.37533047556564e-14
-2.36450829885074e-14
-2.35435738966249e-14
-2.343406406333e-14
-2.33405208870023e-14
-2.327107201059e-14
-2.31913383725962e-14
-2.31408923723067e-14
-2.30765982242724e-14
-2.3027603678425e-14
-2.29897910701917e-14
-2.29577437824261e-14
-2.29362387141998e-14
-2.29064474364476e-14
-2.2893153681322e-14
-2.28817541574948e-14
-2.28747754290034e-14
-2.28705178370816e-14
-2.28703791433568e-14
-2.28709531500329e-14
-2.28756423211401e-14
-2.28783963632825e-14
-2.28836340523959e-14
-2.28862294500699e-14
-2.2891721986292e-14
-2.29003468597041e-14
-1.62524731338717e-14
-1.57890242821439e-14
-1.73296008547062e-14
-1.68138118928241e-14
-1.60822748599057e-14
-1.65083669737663e-14
-1.86778866783355e-14
-2.02638547647445e-14
-2.16742468126303e-14
-2.2806813656646e-14
-2.35361601582825e-14
-2.40920873100623e-14
-2.42753129240551e-14
-2.44217529208431e-14
-2.44430287924807e-14
-2.45133445548898e-14
-2.43887646468185e-14
-2.42345301225185e-14
-2.40776784746245e-14
-2.39401972704905e-14
-2.38386594294725e-14
-2.37552877004651e-14
-2.36504687966935e-14
-2.35460985327368e-14
-2.34361846651839e-14
-2.3341520621804e-14
-2.3265418115202e-14
-2.31942088230056e-14
-2.31353261028686e-14
-2.30797293719032e-14
-2.30323677473054e-14
-2.29931342539765e-14
-2.29628682394091e-14
-2.29424763549243e-14
-2.29187740738963e-14
-2.29034973295674e-14
-2.28985906066906e-14
-2.28897414274013e-14
-2.28879107682246e-14
-2.28887466238754e-14
-2.28918572451112e-14
-2.28974676968099e-14
-2.29040384243065e-14
-2.29086417042814e-14
-2.29141482474467e-14
-2.29193722389584e-14
-2.292688205008e-14
-1.62435287934587e-14
-1.578571749536e-14
-1.73257892292727e-14
-1.67336981953468e-14
-1.61166786404652e-14
-1.65169512745489e-14
-1.87267692284999e-14
-2.02764293005792e-14
-2.16648365274287e-14
-2.28033243790266e-14
-2.3534663431967e-14
-2.40695074356374e-14
-2.42776276671405e-14
-2.44317588465964e-14
-2.44610516331835e-14
-2.45242382075126e-14
-2.43980194621633e-14
-2.42341265098928e-14
-2.40641746928497e-14
-2.39372157901225e-14
-2.38432716676164e-14
-2.37556368876767e-14
-2.3658590665949e-14
-2.35402663768611e-14
-2.3443513568348e-14
-2.3343224128173e-14
-2.32642616428766e-14
-2.32001150028597e-14
-2.31353214737666e-14
-2.30845245326084e-14
-2.30393834873245e-14
-2.30008622764977e-14
-2.29688401158882e-14
-2.29461964577284e-14
-2.29259868564141e-14
-2.29098103940893e-14
-2.29046587228606e-14
-2.28997923940746e-14
-2.28989649609593e-14
-2.29015132594157e-14
-2.29055303735729e-14
-2.29122704516954e-14
-2.29189944356286e-14
-2.29241208983645e-14
-2.29281165435946e-14
-2.2933350935517e-14
-2.29403548743131e-14
-1.62407094963589e-14
-1.57744644157472e-14
-1.73082238351044e-14
-1.66609107201343e-14
-1.61461052976721e-14
-1.65295444523038e-14
-1.87434931867527e-14
-2.0293975795497e-14
-2.16441272383657e-14
-2.2799967363652e-14
-2.35318935970246e-14
-2.40800519023055e-14
-2.42793989252374e-14
-2.44450160661929e-14
-2.44778712129241e-14
-2.45383032273818e-14
-2.44041434856983e-14
-2.42332832410942e-14
-2.40601631562878e-14
-2.39352432660862e-14
-2.38409081564473e-14
-2.37518548017334e-14
-2.36542097607781e-14
-2.35383501038242e-14
-2.34395057547444e-14
-2.33437251921109e-14
-2.32668641388996e-14
-2.3194785026825e-14
-2.31396927452732e-14
-2.30894407109126e-14
-2.30454785890284e-14
-2.30072483507611e-14
-2.2974932297522e-14
-2.29515505564991e-14
-2.29329898984181e-14
-2.29186174541222e-14
-2.2911534226045e-14
-2.29062179542e-14
-2.2905898308479e-14
-2.29079605490611e-14
-2.29122453456458e-14
-2.29175432300966e-14
-2.29236046864301e-14
-2.29286862234279e-14
-2.29338317131022e-14
-2.29386353330189e-14
-2.29446737005295e-14
-1.62444397275565e-14
-1.57519096282032e-14
-1.72908710592333e-14
-1.6600102689897e-14
-1.61694429541493e-14
-1.65280230685953e-14
-1.8764160761382e-14
-2.03124774686627e-14
-2.16510215209462e-14
-2.27943812887942e-14
-2.35368280378548e-14
-2.40819056007743e-14
-2.42810035420718e-14
-2.44544219959181e-14
-2.44952694423748e-14
-2.45500996128623e-14
-2.44047399258477e-14
-2.42381394131539e-14
-2.4062592450824e-14
-2.39325011458642e-14
-2.38386192637665e-14
-2.37585575548291e-14
-2.36543902005071e-14
-2.35372335042842e-14
-2.34376301350737e-14
-2.33423792713481e-14
-2.32716265271282e-14
-2.31982832230855e-14
-2.31442311738059e-14
-2.30945698442275e-14
-2.30511653292855e-14
-2.30146871294501e-14
-2.29791902379371e-14
-2.29582776766541e-14
-2.29390213732041e-14
-2.29255490166611e-14
-2.29159075362633e-14
-2.2910698824439e-14
-2.29085524215764e-14
-2.29099789538141e-14
-2.29125165192103e-14
-2.29171877335306e-14
-2.29221372616948e-14
-2.2927767436779e-14
-2.29319876084675e-14
-2.29366009314906e-14
-2.29419706506011e-14
-1.62311426397124e-14
-1.57232507864222e-14
-1.7271666710375e-14
-1.65476648014641e-14
-1.61859754160159e-14
-1.65337690472276e-14
-1.87830312833915e-14
-2.03143605395106e-14
-2.1637430334179e-14
-2.27858574805831e-14
-2.3521500773031e-14
-2.40800510904612e-14
-2.42914712092855e-14
-2.44607837627391e-14
-2.44994085040302e-14
-2.45599332017963e-14
-2.44175451355777e-14
-2.42393522559888e-14
-2.40661873215827e-14
-2.39293693216379e-14
-2.38376722014471e-14
-2.37635990781182e-14
-2.36591088525078e-14
-2.3537556234888e-14
-2.34382631488453e-14
-2.33493753147513e-14
-2.32799673509414e-14
-2.32051425124378e-14
-2.31498051384152e-14
-2.31001947539247e-14
-2.30567365613149e-14
-2.30209067315836e-14
-2.2988112554913e-14
-2.29644300506648e-14
-2.29447199507184e-14
-2.29301363464301e-14
-2.29196447430621e-14
-2.29129143940606e-14
-2.29096940468963e-14
-2.29086429781373e-14
-2.29099578439939e-14
-2.29125328476292e-14
-2.29167310183527e-14
-2.2921249734498e-14
-2.29256648613191e-14
-2.29299743778949e-14
-2.29349507517824e-14
-1.62203597543374e-14
-1.57203733874953e-14
-1.72519368595551e-14
-1.65056653798965e-14
-1.62007337369958e-14
-1.65343421037943e-14
-1.88062897324559e-14
-2.03193240121109e-14
-2.16264259083971e-14
-2.27734845285911e-14
-2.35126500650215e-14
-2.4082596997002e-14
-2.42968267486077e-14
-2.44660148849358e-14
-2.45052763969344e-14
-2.4564508015509e-14
-2.44265787386712e-14
-2.4239301461629e-14
-2.40683949629293e-14
-2.3931041801427e-14
-2.3837829247923e-14
-2.3765445829577e-14
-2.36629094213419e-14
-2.35454984624454e-14
-2.34443242561631e-14
-2.33530686441057e-14
-2.328357814521e-14
-2.32065401620257e-14
-2.31566772847399e-14
-2.3107635847163e-14
-2.30683729377186e-14
-2.30284457489705e-14
-2.29957911848525e-14
-2.29709528371225e-14
-2.29497762705238e-14
-2.29353075284029e-14
-2.29228240101236e-14
-2.29145362280159e-14
-2.29090092686264e-14
-2.29067895135085e-14
-2.29053250741429e-14
-2.29062623378261e-14
-2.29089509629009e-14
-2.29128275839508e-14
-2.29167717381234e-14
-2.29213153542524e-14
-2.29259495532546e-14
-1.62269748281255e-14
-1.57170530109086e-14
-1.72437704144917e-14
-1.64722991964582e-14
-1.62140141640784e-14
-1.65242277338751e-14
-1.88168533833109e-14
-2.03267868011704e-14
-2.16206933977066e-14
-2.27742084925185e-14
-2.35090095763563e-14
-2.40801323417456e-14
-2.43078291041947e-14
-2.44710495932634e-14
-2.45127884721921e-14
-2.45649339361982e-14
-2.4432324849605e-14
-2.42391530650764e-14
-2.40699552931148e-14
-2.39312915255738e-14
-2.38380644282602e-14
-2.37654689818822e-14
-2.36655663241694e-14
-2.35454310155631e-14
-2.34507756742736e-14
-2.33569788558035e-14
-2.32835066402174e-14
-2.32124207255911e-14
-2.31639618218773e-14
-2.31141859815822e-14
-2.30762385290403e-14
-2.30350382736545e-14
-2.30022564598428e-14
-2.29766631396175e-14
-2.29549269266891e-14
-2.29376715800861e-14
-2.29254017323748e-14
-2.29152154757904e-14
-2.29075492465689e-14
-2.29029340628832e-14
-2.29000970298806e-14
-2.28993130016141e-14
-2.29007987372345e-14
-2.29038737943804e-14
-2.29075268992262e-14
-2.29118786942424e-14
-2.29164552461627e-14
-1.62316935967104e-14
-1.57055918217205e-14
-1.72424746389003e-14
-1.64500084916064e-14
-1.62226911579013e-14
-1.65194529876029e-14
-1.88248862908819e-14
-2.03324780989255e-14
-2.16185884992553e-14
-2.27730809366097e-14
-2.35061605026327e-14
-2.40713582496237e-14
-2.43093652034777e-14
-2.44762530281488e-14
-2.45123404830169e-14
-2.45719365480335e-14
-2.44324934994705e-14
-2.42388725414313e-14
-2.40718736722901e-14
-2.39295638823617e-14
-2.38384785917529e-14
-2.37661565941158e-14
-2.36663621385665e-14
-2.35470608833518e-14
-2.34548503819167e-14
-2.33633353726638e-14
-2.32874102245714e-14
-2.32174400563425e-14
-2.31680171298304e-14
-2.31191738579967e-14
-2.30798827433789e-14
-2.30404909126326e-14
-2.30076222919186e-14
-2.29815656100528e-14
-2.29595002108204e-14
-2.29414393134465e-14
-2.29277092614193e-14
-2.29158016053342e-14
-2.29065418819131e-14
-2.29002042096582e-14
-2.28957296717223e-14
-2.28934141306442e-14
-2.28937801670546e-14
-2.28958309912435e-14
-2.28993445037128e-14
-2.29037371039553e-14
-2.29083674529897e-14
-1.62327883953796e-14
-1.56974557886007e-14
-1.72408095449545e-14
-1.64372647415234e-14
-1.6227876300006e-14
-1.65179188411373e-14
-1.88320011446859e-14
-2.03357849914735e-14
-2.16177878157382e-14
-2.27705684602208e-14
-2.35035065393131e-14
-2.40669543834503e-14
-2.4309543905494e-14
-2.44770954155746e-14
-2.45123003027833e-14
-2.45770849038087e-14
-2.44324193935059e-14
-2.42386825877295e-14
-2.4073590053595e-14
-2.39304392915533e-14
-2.38396142806448e-14
-2.3766892490991e-14
-2.36683687862287e-14
-2.35473896895803e-14
-2.34558441486864e-14
-2.33656997620472e-14
-2.32910074080937e-14
-2.32205568118446e-14
-2.31708439186265e-14
-2.31226876978423e-14
-2.30828489164654e-14
-2.30447588807884e-14
-2.30119818209848e-14
-2.29857383772796e-14
-2.29634090110161e-14
-2.29449270724458e-14
-2.29301460252991e-14
-2.29173192652187e-14
-2.29068869203354e-14
-2.28992124320909e-14
-2.28935349644511e-14
-2.28902280428258e-14
-2.2889597010857e-14
-2.28910273047849e-14
-2.28942429132442e-14
-2.28987425426499e-14
-2.29036082077932e-14
)
;

boundaryField
{
    inflow
    {
        type            cyclic;
    }
    outflow
    {
        type            cyclic;
    }
    wallTop
    {
        type            zeroGradient;
    }
    wallSide
    {
        type            zeroGradient;
    }
    symmetryBottom
    {
        type            symmetry;
    }
    symmetrySide
    {
        type            symmetry;
    }
}


// ************************************************************************* //
