0.546 	-0.21 	2.01598e-05 	0.134413 	0 	0.00901481 	0.105955 	0 	-0.240368 	1.86432 	0 	-0.0247269 	1.65228 	0 	0.00659437
0.546 	-0.21 	6.04795e-05 	0.204509 	0 	0.0348156 	0.126093 	0 	-0.330601 	7.78876 	0 	-0.144718 	6.55118 	0 	0.0472488
0.546 	-0.21 	0.000100799 	0.21025 	0 	0.0633393 	0.117956 	0 	-0.328202 	14.7277 	0 	-0.353999 	12.2304 	0 	0.151203
0.546 	-0.21 	0.000141119 	0.203487 	0 	0.0759535 	0.121845 	0 	-0.325327 	20.1872 	0 	-0.563291 	17.1617 	0 	0.31802
0.546 	-0.21 	0.000181438 	0.192962 	0 	0.0740712 	0.129153 	0 	-0.322109 	23.8329 	0 	-0.725441 	20.9893 	0 	0.531336
0.546 	-0.21 	0.000221758 	0.182477 	0 	0.0663585 	0.136195 	0 	-0.318669 	26.1909 	0 	-0.841547 	23.8851 	0 	0.775326
0.546 	-0.21 	0.000262757 	0.172876 	0 	0.0575843 	0.142149 	0 	-0.315026 	27.7627 	0 	-0.926723 	26.1249 	0 	1.04419
0.546 	-0.21 	0.00030808 	0.163797 	0 	0.0494318 	0.147173 	0 	-0.310973 	28.8942 	0 	-0.995988 	27.9837 	0 	1.3514
0.546 	-0.21 	0.000361505 	0.154939 	0 	0.0420647 	0.151351 	0 	-0.306294 	29.7543 	0 	-1.05843 	29.6033 	0 	1.71377
0.546 	-0.21 	0.000424474 	0.146449 	0 	0.0353474 	0.154493 	0 	-0.300947 	30.406 	0 	-1.11821 	30.9984 	0 	2.13572
0.546 	-0.21 	0.000498276 	0.138534 	0 	0.0293185 	0.15642 	0 	-0.294961 	30.8962 	0 	-1.17878 	32.1687 	0 	2.61654
0.546 	-0.21 	0.000584202 	0.131336 	0 	0.0239958 	0.157045 	0 	-0.288387 	31.2678 	0 	-1.24345 	33.1218 	0 	3.15332
0.546 	-0.21 	0.000683475 	0.124939 	0 	0.0193281 	0.156359 	0 	-0.281303 	31.5582 	0 	-1.31516 	33.8728 	0 	3.74123
0.546 	-0.21 	0.000797155 	0.119357 	0 	0.0152072 	0.154459 	0 	-0.27382 	31.7967 	0 	-1.39652 	34.4443 	0 	4.37305
0.546 	-0.21 	0.000926014 	0.114549 	0 	0.0115274 	0.151539 	0 	-0.266092 	32.0033 	0 	-1.48985 	34.8641 	0 	5.03807
0.546 	-0.21 	0.00107041 	0.110563 	0 	0.00819984 	0.147744 	0 	-0.258311 	32.199 	0 	-1.59691 	35.1537 	0 	5.72217
0.546 	-0.21 	0.00123015 	0.107484 	0 	0.00509225 	0.143171 	0 	-0.250659 	32.3957 	0 	-1.71851 	35.3203 	0 	6.40974
0.546 	-0.21 	0.00140437 	0.105221 	0 	0.00209819 	0.138056 	0 	-0.243279 	32.585 	0 	-1.85463 	35.3755 	0 	7.08664
0.546 	-0.21 	0.00159146 	0.10358 	0 	-0.000838036 	0.132692 	0 	-0.236277 	32.7522 	0 	-2.00374 	35.3381 	0 	7.73977
0.546 	-0.21 	0.00178907 	0.102518 	0 	-0.00385057 	0.127189 	0 	-0.229705 	32.8916 	0 	-2.16416 	35.2115 	0 	8.35787
0.546 	-0.21 	0.00199417 	0.102007 	0 	-0.00665673 	0.121607 	0 	-0.223592 	33.0029 	0 	-2.33369 	35.0027 	0 	8.93399
0.546 	-0.21 	0.00220321 	0.10197 	0 	-0.0081605 	0.116005 	0 	-0.217932 	33.0897 	0 	-2.50999 	34.7263 	0 	9.46736
0.546 	-0.21 	0.00241613 	0.102325 	0 	-0.00883226 	0.110353 	0 	-0.212621 	33.1587 	0 	-2.69351 	34.397 	0 	9.96964
0.546 	-0.21 	0.00263988 	0.102986 	0 	-0.00999893 	0.104494 	0 	-0.207425 	33.2197 	0 	-2.88944 	34.0235 	0 	10.4665
0.546 	-0.21 	0.0028802 	0.103816 	0 	-0.011515 	0.0983074 	0 	-0.202098 	33.284 	0 	-3.10274 	33.6195 	0 	10.9842
0.546 	-0.21 	0.00313824 	0.104629 	0 	-0.0132004 	0.0917924 	0 	-0.196426 	33.3664 	0 	-3.33552 	33.2143 	0 	11.5481
0.546 	-0.21 	0.00341526 	0.105149 	0 	-0.0149231 	0.0850064 	0 	-0.190173 	33.4863 	0 	-3.58938 	32.8499 	0 	12.19
0.546 	-0.21 	0.00371257 	0.105171 	0 	-0.0165153 	0.0780549 	0 	-0.183252 	33.6533 	0 	-3.86567 	32.5541 	0 	12.9275
0.546 	-0.21 	0.00403158 	0.104905 	0 	-0.0179171 	0.0710146 	0 	-0.175941 	33.8328 	0 	-4.16499 	32.2807 	0 	13.7235
0.546 	-0.21 	0.00437378 	0.104456 	0 	-0.0197594 	0.0638599 	0 	-0.168305 	33.9947 	0 	-4.48744 	31.9891 	0 	14.5573
0.546 	-0.21 	0.00474073 	0.10394 	0 	-0.0221761 	0.0566074 	0 	-0.160489 	34.1579 	0 	-4.83514 	31.692 	0 	15.4276
0.546 	-0.21 	0.00513411 	0.103471 	0 	-0.024408 	0.0493204 	0 	-0.15275 	34.3392 	0 	-5.21111 	31.4034 	0 	16.3289
0.546 	-0.21 	0.00555566 	0.10297 	0 	-0.0264644 	0.0422379 	0 	-0.145207 	34.5258 	0 	-5.61563 	31.1404 	0 	17.253
0.546 	-0.21 	0.00600724 	0.102423 	0 	-0.028769 	0.0354258 	0 	-0.137897 	34.7426 	0 	-6.05103 	30.9188 	0 	18.1889
0.546 	-0.21 	0.00649079 	0.102037 	0 	-0.0312286 	0.0287209 	0 	-0.130851 	35.0153 	0 	-6.51735 	30.7229 	0 	19.1242
0.546 	-0.21 	0.00700834 	0.101791 	0 	-0.0335665 	0.0222582 	0 	-0.124143 	35.3427 	0 	-7.01775 	30.567 	0 	20.0565
0.546 	-0.21 	0.00756205 	0.101637 	0 	-0.0363183 	0.0157139 	0 	-0.117286 	35.6829 	0 	-7.54422 	30.3815 	0 	20.9821
0.546 	-0.21 	0.00815413 	0.101303 	0 	-0.0394942 	0.00918742 	0 	-0.110391 	36.0249 	0 	-8.07781 	30.1588 	0 	21.8713
0.546 	-0.21 	0.00878692 	0.101425 	0 	-0.0423196 	0.00277742 	0 	-0.104122 	36.3925 	0 	-8.60856 	29.9184 	0 	22.7084
0.546 	-0.21 	0.00946284 	0.102715 	0 	-0.0457403 	-0.00363639 	0 	-0.0989698 	36.8619 	0 	-9.15555 	29.6953 	0 	23.5174
0.546 	-0.21 	0.0101844 	0.104334 	0 	-0.0496752 	-0.00938817 	0 	-0.0950197 	37.4071 	0 	-9.74019 	29.564 	0 	24.2968
0.546 	-0.21 	0.0109542 	0.106422 	0 	-0.0524852 	-0.014466 	0 	-0.0920191 	38.0749 	0 	-10.3614 	29.5217 	0 	24.9916
0.546 	-0.21 	0.0117748 	0.10839 	0 	-0.0548196 	-0.0193643 	0 	-0.0889895 	38.8419 	0 	-11.0068 	29.4861 	0 	25.5909
0.546 	-0.21 	0.012649 	0.111033 	0 	-0.0561677 	-0.0246447 	0 	-0.0863845 	39.6544 	0 	-11.65 	29.372 	0 	26.1299
0.546 	-0.21 	0.0135797 	0.115858 	0 	-0.0555018 	-0.0307859 	0 	-0.084938 	40.55 	0 	-12.2944 	29.1392 	0 	26.6302
0.546 	-0.21 	0.0145695 	0.120698 	0 	-0.0539482 	-0.0367966 	0 	-0.083833 	41.5149 	0 	-12.927 	28.918 	0 	27.093
0.546 	-0.21 	0.0156213 	0.125027 	0 	-0.0530322 	-0.0420991 	0 	-0.0828654 	42.51 	0 	-13.5349 	28.7668 	0 	27.5044
0.546 	-0.21 	0.0167381 	0.129454 	0 	-0.0547484 	-0.0471466 	0 	-0.0820762 	43.4547 	0 	-14.1289 	28.5704 	0 	27.8113
0.546 	-0.21 	0.0179225 	0.134291 	0 	-0.0584418 	-0.052882 	0 	-0.0815085 	44.4356 	0 	-14.7276 	28.2197 	0 	27.9722
0.546 	-0.21 	0.0191775 	0.140538 	0 	-0.0612551 	-0.058766 	0 	-0.0818104 	45.486 	0 	-15.2965 	27.8114 	0 	27.999
0.546 	-0.21 	0.0205056 	0.148183 	0 	-0.0637208 	-0.0655048 	0 	-0.0825691 	46.6361 	0 	-15.7952 	27.2703 	0 	27.9179
0.546 	-0.21 	0.0219095 	0.155992 	0 	-0.0668395 	-0.071902 	0 	-0.0841045 	47.7756 	0 	-16.1799 	26.7022 	0 	27.6623
0.546 	-0.21 	0.0233918 	0.163477 	0 	-0.0695008 	-0.0773403 	0 	-0.0860087 	48.5753 	0 	-16.4475 	26.0744 	0 	27.2039
0.546 	-0.21 	0.0249546 	0.16921 	0 	-0.0701404 	-0.0821646 	0 	-0.0871001 	48.8579 	0 	-16.6148 	25.328 	0 	26.6488
0.546 	-0.21 	0.0266002 	0.174671 	0 	-0.0709738 	-0.0866289 	0 	-0.0879088 	48.5842 	0 	-16.6331 	24.4185 	0 	25.9634
0.546 	-0.21 	0.0283302 	0.181036 	0 	-0.0751251 	-0.0922436 	0 	-0.0886895 	48.228 	0 	-16.5539 	23.3084 	0 	25.1307
0.546 	-0.21 	0.0301464 	0.186384 	0 	-0.0805141 	-0.0960984 	0 	-0.0904592 	47.7222 	0 	-16.349 	22.3515 	0 	24.1313
0.546 	-0.21 	0.0320499 	0.193407 	0 	-0.0854376 	-0.100301 	0 	-0.0930945 	46.8677 	0 	-16.0143 	21.2223 	0 	22.9641
0.546 	-0.21 	0.0340415 	0.201092 	0 	-0.0900384 	-0.104266 	0 	-0.0968043 	45.6666 	0 	-15.5746 	19.9841 	0 	21.5706
0.546 	-0.21 	0.0361216 	0.209281 	0 	-0.0942111 	-0.108569 	0 	-0.100594 	44.3131 	0 	-15.0372 	18.6895 	0 	20.1226
0.546 	-0.21 	0.0382902 	0.217861 	0 	-0.0973812 	-0.114021 	0 	-0.103932 	42.8013 	0 	-14.3833 	17.2791 	0 	18.6821
0.546 	-0.21 	0.0405467 	0.222577 	0 	-0.099517 	-0.117108 	0 	-0.10536 	40.4838 	0 	-13.5654 	15.9288 	0 	17.2452
0.546 	-0.21 	0.0428898 	0.221826 	0 	-0.101048 	-0.117366 	0 	-0.104624 	37.4948 	0 	-12.5995 	14.6994 	0 	15.8736
0.546 	-0.21 	0.045318 	0.218265 	0 	-0.102308 	-0.116619 	0 	-0.10146 	34.04 	0 	-11.5092 	13.4454 	0 	14.5629
0.546 	-0.21 	0.0478289 	0.21098 	0 	-0.105008 	-0.116477 	0 	-0.094577 	30.009 	0 	-10.3408 	11.9698 	0 	13.2095
0.546 	-0.21 	0.0504195 	0.201267 	0 	-0.108826 	-0.118037 	0 	-0.0834074 	25.5936 	0 	-9.04704 	10.2741 	0 	11.8362
0.546 	-0.21 	0.0530862 	0.188002 	0 	-0.114815 	-0.118475 	0 	-0.069702 	21.0769 	0 	-7.71204 	8.62814 	0 	10.4616
0.546 	-0.21 	0.0558248 	0.175351 	0 	-0.12116 	-0.117129 	0 	-0.058223 	17.1836 	0 	-6.47175 	7.25501 	0 	9.10436
0.546 	-0.21 	0.0586304 	0.167094 	0 	-0.127934 	-0.123874 	0 	-0.0431468 	13.9566 	0 	-5.37582 	5.80802 	0 	7.9014
0.546 	-0.21 	0.0614957 	0.153521 	0 	-0.135595 	-0.132566 	0 	-0.0210789 	11.0949 	0 	-4.42396 	4.52852 	0 	6.88207
0.546 	-0.21 	0.0646921 	0.127934 	0 	-0.142088 	-0.137242 	0 	0.00927387 	8.33779 	0 	-3.51576 	3.48284 	0 	5.92431
0.546 	-0.21 	0.0687845 	0.0938717 	0 	-0.143028 	-0.136647 	0 	0.0425713 	5.75484 	0 	-2.58777 	2.56922 	0 	4.76707
0.546 	-0.21 	0.0742512 	0.0555177 	0 	-0.12573 	-0.130688 	0 	0.0750381 	3.56653 	0 	-1.6622 	1.77745 	0 	3.44565
0.546 	-0.21 	0.0815239 	0.0392371 	0 	-0.0772701 	-0.139022 	0 	0.100047 	2.144 	0 	-0.933065 	1.05989 	0 	2.14429
0.546 	-0.21 	0.0911467 	0.0120422 	0 	0.0182679 	-0.18244 	0 	0.168699 	1.06886 	0 	-0.35833 	0.434491 	0 	1.17659
0.546 	-0.21 	0.103788 	0.0163467 	0 	0.105991 	-0.234316 	0 	0.218615 	0.455328 	0 	-0.0590432 	0.125284 	0 	0.531551
0.546 	-0.21 	0.120238 	0.0477307 	0 	0.112894 	-0.278903 	0 	0.230288 	0.198583 	0 	-0.00748443 	0.0286238 	0 	0.213213
0.546 	-0.21 	0.141384 	0.0833973 	0 	0.083298 	-0.309512 	0 	0.224599 	0.091694 	0 	-0.00543203 	0.00546998 	0 	0.0853231
0.546 	-0.21 	0.168147 	0.113252 	0 	0.016641 	-0.325555 	0 	0.210246 	0.0424486 	0 	-0.00614703 	0.000822214 	0 	0.0343725
0.546 	-0.21 	0.20113 	0.12173 	0 	-0.0213285 	-0.331373 	0 	0.206619 	0.018994 	0 	-0.00440703 	9.32946e-05 	0 	0.0141207
0.546 	-0.21 	0.240324 	0.114746 	0 	0.12457 	-0.332768 	0 	0.212763 	0.00722231 	0 	-0.000257707 	9.75572e-06 	0 	0.00556075
0.546 	-0.21 	0.2869 	0.239126 	0 	0.189216 	-0.333024 	0 	0.107564 	0.00306903 	0 	0.000378368 	1.66019e-06 	0 	0.00174234
0.546 	-0.21 	0.343075 	0.349753 	0 	0.126873 	-0.241088 	0 	-0.0205035 	0.00190337 	0 	0.000142914 	5.1558e-07 	0 	0.000306769
