6 	0.003911129678 	-6.93889390390723e-18 	1.17791579444077 	2.38794913758151e-05 	842.89292534226 	1.33311457042848e-07 	5.89748615583628e-07 	5.66630403742818e-38
6 	0.011876665168 	-6.93889390390723e-18 	1.17791245713061 	0.000277979626253984 	237.420754092728 	3.68219495587533e-06 	5.3740923089952e-06 	5.78063471132687e-38
6 	0.02013400155 	-1.38777878078145e-17 	1.17790464255423 	0.00137032401956639 	60.4396281974241 	3.69923968002741e-05 	1.24193291334222e-05 	5.89921465107984e-38
6 	0.028693828345 	-1.38777878078145e-17 	1.17788679149024 	0.00358753398569467 	25.1952918348705 	0.000177790400893853 	1.68673233614181e-05 	6.02220421117554e-38
6 	0.03756722666 	-2.08166817117217e-17 	1.17784936700744 	0.00613508607393001 	13.8451673506529 	0.000491147599659525 	9.95317463561501e-05 	6.14976970178701e-38
6 	0.04676568354 	-2.08166817117217e-17 	1.17778966409441 	0.00841419781694351 	9.17901062547677 	0.000964165545946773 	0.000223874265410964 	6.28208407329702e-38
6 	0.056301106835 	-1.38777878078145e-17 	1.17771221036103 	0.0103625824521653 	6.84562810974486 	0.00155647068597754 	0.00034289837966301 	6.41932708663887e-38
6 	0.06618584061 	-1.38777878078145e-17 	1.17762208619317 	0.0120641929964201 	5.48757713115369 	0.00223631087149244 	0.000453656774396101 	6.56168555464532e-38
6 	0.07643268113 	-1.38777878078145e-17 	1.1775224083541 	0.01359350176798 	4.60932813339901 	0.00298280180575692 	0.000561936956959479 	6.70935348090875e-38
6 	0.087054893425 	-1.73472347597681e-17 	1.17741513341334 	0.0150009484634383 	3.99873871728397 	0.00378155932852937 	0.000671580232904076 	6.86253243018357e-38
6 	0.098066228435 	-1.04083408558608e-17 	1.17730177432567 	0.0163202902122689 	3.55201988438968 	0.00462175452128759 	0.000784840487482451 	7.02143196738329e-38
6 	0.1094809409 	6.93889390390723e-18 	1.1771836091206 	0.0175748809467473 	3.2128845808806 	0.00549455955420263 	0.000903208253887315 	7.18626996712486e-38
6 	0.12131380775 	1.04083408558608e-17 	1.17706175405862 	0.0187815248612618 	2.94829642121579 	0.00639232929918043 	0.0010278301164682 	7.35727284848928e-38
6 	0.13358014715 	6.93889390390723e-18 	1.17693721789161 	0.0199527660671254 	2.73763338174968 	0.00730815350277355 	0.00115970550192094 	7.53467596718129e-38
6 	0.1462958385 	1.38777878078145e-17 	1.17681093810938 	0.0210982775678564 	2.56737736912707 	0.00823560346757832 	0.00129978420326551 	7.71872413850588e-38
6 	0.15947734285 	1.38777878078145e-17 	1.17668380127758 	0.0222257304918334 	2.42831003570291 	0.00916858704456574 	0.00144901976510849 	7.90967210180176e-38
6 	0.1731417243 	6.93889390390723e-18 	1.17655665387747 	0.0233413545934295 	2.31393865812121 	0.0101012676403968 	0.00160840205974488 	8.10778437152479e-38
6 	0.18730667205 	1.04083408558608e-17 	1.1764303077203 	0.0244503085328539 	2.21956644197418 	0.0110280231437961 	0.00177897892548622 	8.31333625536349e-38
6 	0.2019905233 	2.08166817117217e-17 	1.1763055412293 	0.0255569283771308 	2.14171938657728 	0.0119434308638948 	0.00196187002160834 	8.5266141961306e-38
6 	0.21721228705 	2.08166817117217e-17 	1.17618309777918 	0.0266648949910791 	2.07777976417279 	0.0128422699276855 	0.00215827671435496 	8.74791608718664e-38
6 	0.23299166855 	1.38777878078145e-17 	1.17606368228145 	0.0277773449847321 	2.0257441143221 	0.0137195356446397 	0.00236948881873075 	8.97755217771905e-38
6 	0.249349095 	6.93889390390723e-18 	1.17594795592638 	0.0288969404981647 	1.98405886036839 	0.0145704619884455 	0.00259688776945324 	9.21584479138033e-38
6 	0.26630574195 	6.93889390390723e-18 	1.17583652971089 	0.0300259072530372 	1.95150573499971 	0.0153905492894111 	0.00284194593538077 	9.46312977127855e-38
6 	0.2838835605 	6.93889390390723e-18 	1.17572995680574 	0.0311660466870624 	1.9271199582316 	0.0161755948454059 	0.0031062209793357 	9.71975675134579e-38
6 	0.302105306 	0 	1.17562872391477 	0.0323187255785303 	1.91013038979435 	0.016921724513119 	0.00339134459858879 	9.98608950258936e-38
6 	0.3209945674 	3.46944695195361e-18 	1.17553324177283 	0.0334848449196356 	1.89991465373091 	0.0176254235490984 	0.00369900358069192 	1.02625068906619e-37
6 	0.34057579775 	6.93889390390723e-18 	1.17544383465401 	0.0346647887496667 	1.89596456313356 	0.0182835651748215 	0.00403091157118113 	1.05494034126314e-37
6 	0.36087434595 	6.93889390390723e-18 	1.1753607289238 	0.0358583529088279 	1.89785864690224 	0.0188934354822718 	0.00438876899408092 	1.08471901770875e-37
6 	0.3819164894 	-3.46944695195361e-18 	1.17528404034007 	0.0370646532541163 	1.90523953246059 	0.0194527534622724 	0.00477420851561134 	1.11562950927664e-37
6 	0.4037294682 	-1.04083408558608e-17 	1.17521376011273 	0.0382820126943631 	1.91779456445462 	0.0199596851252093 	0.00518872284071491 	1.14771641982022e-37
6 	0.4263415203 	-1.38777878078145e-17 	1.17514973850487 	0.0395078265391508 	1.93523846255983 	0.0204128509128715 	0.00563357164602779 	1.18102625757331e-37
6 	0.441285720361527 	-1.56125112837913e-17 	1.17511131940661 	0.0402997760014553 	1.94864471648466 	0.0206792546978959 	0.00593451505085763 	1.2030657707549e-37
6 	0.453216730511527 	-5.20417042793042e-18 	1.17508369610335 	0.0409157350205959 	1.96077243905212 	0.0208650085305962 	0.00618030754925701 	1.19559438340475e-37
6 	0.4740810062 	0 	1.1750389848381 	0.0419689196819352 	1.98361880916106 	0.0211556342454601 	0.00661684340379064 	1.16476161727598e-37
6 	0.49927024115 	-1.04083408558608e-17 	1.17499115277317 	0.0431930934502818 	2.01399867021648 	0.0214445765429734 	0.0071555231181597 	1.12748398146469e-37
6 	0.5253822315 	-2.08166817117217e-17 	1.17494729396198 	0.0444029550438276 	2.04809025744298 	0.0216786748187672 	0.00772452730485434 	1.08877685509373e-37
6 	0.5524507805 	-2.08166817117217e-17 	1.17490556344731 	0.0455886654336185 	2.08550805725126 	0.021858664473357 	0.00832192494728237 	1.04858293425974e-37
6 	0.5805109298 	-1.38777878078145e-17 	1.17486283418434 	0.0467382963689234 	2.12579604860454 	0.021985634905502 	0.00895044995847136 	1.00684241761136e-37
6 	0.60959900455 	-6.93889390390723e-18 	1.17482625341539 	0.047837935210281 	2.16842242473661 	0.0220356067927875 	0.00964377661558836 	9.63492918096158e-38
6 	0.6397526606 	-3.46944695195361e-18 	1.17482644182999 	0.0488730968316261 	2.21281888175066 	0.0218358462637677 	0.0104539018275451 	9.18469270259319e-38
6 	0.67101093335 	3.46944695195361e-18 	1.17487515874003 	0.0498288485469111 	2.25823133831505 	0.0210982833710827 	0.0113258205930207 	8.71703447755825e-38
6 	0.7034142882 	1.04083408558608e-17 	1.17492790447361 	0.0506772001572039 	2.30275998204838 	0.020184259214277 	0.0122422798443243 	8.23124409324008e-38
6 	0.73700467285 	1.90819582357449e-17 	1.17493631293396 	0.0513632899768621 	2.34276750942278 	0.019408989351638 	0.0130717316964547 	7.72657922033614e-38
6 	0.771825571649999 	2.60208521396521e-17 	1.17488575195971 	0.0518226491038957 	2.37394432725184 	0.0188357028844949 	0.0137064606630134 	7.2022643226437e-38
5.99999999999999 	0.807922061949999 	2.60208521396521e-17 	1.17477988148228 	0.0519999275137647 	2.39251399778491 	0.0184153618963784 	0.0141126944214469 	6.65748844245801e-38
5.99999999999999 	0.845340872399999 	2.42861286636753e-17 	1.17462407297488 	0.05185581089109 	2.39577739856149 	0.0180769476230599 	0.0142962573897319 	6.09140358276281e-38
5.99999999999999 	0.884130443449999 	2.77555756156289e-17 	1.17441871889852 	0.0513662982780694 	2.38212821306359 	0.0177711961288937 	0.0142689228866501 	5.50312311553748e-38
5.99999999999999 	0.924340990049999 	2.94902990916057e-17 	1.17415824879621 	0.0505208128963673 	2.35088856332191 	0.0174817603404447 	0.0140324431739164 	4.89171915743987e-38
5.99999999999999 	0.966024566749999 	2.42861286636753e-17 	1.17383288493649 	0.0493228118760352 	2.30216605285735 	0.0172181713052509 	0.0135814695836459 	4.25622051931551e-38
5.99999999999999 	1.00923513475 	1.90819582357449e-17 	1.17343106613812 	0.0477926980235848 	2.23677218810276 	0.0170030096140783 	0.0129161834750068 	3.59561061320141e-38
5.99999999999999 	1.0540286325 	1.64798730217797e-17 	1.17294135578234 	0.0459706011267028 	2.15618833056931 	0.0168611374524258 	0.0120542982983557 	2.90882459491964e-38
5.99999999999999 	1.1004630475 	1.12757025938492e-17 	1.17235357237506 	0.0439162844248108 	2.06254261332602 	0.0168136014742232 	0.0110357934228763 	2.19474655116131e-38
5.99999999999999 	1.148598491 	9.54097911787244e-18 	1.17165943549783 	0.041704609361934 	1.95854709347289 	0.0168756470271312 	0.00991855468404864 	1.45220708083507e-38
5.99999999999999 	1.1984972765 	1.73472347597681e-18 	1.17085319809889 	0.039417556768288 	1.84746754408649 	0.0170582270958711 	0.00876727012938435 	6.79980063775794e-39
5.99999999999999 	1.250224001 	-7.80625564189563e-18 	1.16993103080558 	0.0371498979332759 	1.73548921705704 	0.017375278963152 	0.00764630139937779 	1.23226882348718e-39
5.99999999999999 	1.303845627 	-6.93889390390723e-18 	1.16888874237424 	0.034981224942932 	1.62745875560153 	0.017827551551301 	0.00661085893833196 	9.58751821344516e-39
5.99999999999999 	1.3594315695 	-6.93889390390723e-18 	1.16773598265473 	0.032940136620782 	1.5237396673729 	0.0183796573677396 	0.0056887087006129 	1.82801747041609e-38
5.99999999999999 	1.417053788 	-1.04083408558608e-17 	1.16647909928166 	0.0310375619745834 	1.42483798199427 	0.0189967133315043 	0.00488880957251454 	2.73251212768864e-38
5.99999999999999 	1.4767868775 	-1.73472347597681e-17 	1.16512552115029 	0.0292707449250141 	1.33142709512482 	0.0196538520697241 	0.00420422503591854 	3.67379987962176e-38
5.99999999999999 	1.538708165 	-2.77555756156289e-17 	1.16368350255575 	0.0276209328377524 	1.24299821417777 	0.0203309638550238 	0.0036175062064374 	4.65352519818034e-38
5.99999999999999 	1.6028978105 	-3.46944695195361e-17 	1.16216235914609 	0.0260534159659309 	1.15706602838249 	0.0210319989760113 	0.00310939455998146 	5.67341751392853e-38
5.99999999999999 	1.6694389105 	-3.12250225675825e-17 	1.16057336704914 	0.0245408083766683 	1.07305195961892 	0.0217810060161064 	0.00266438652987976 	6.73529695749074e-38
5.99999999999999 	1.738417606 	-2.77555756156289e-17 	1.15892864078867 	0.0230704200400039 	0.993603762799757 	0.0225692826697845 	0.00227347774170916 	7.8410800605361e-38
5.99999999999999 	1.8099231935 	-2.77555756156289e-17 	1.15725377536668 	0.0216341576823634 	0.922352301783706 	0.02324215145849 	0.00192937379821669 	8.9927859506336e-38
5.99999999999999 	1.8840482395 	-3.46944695195361e-17 	1.15557326706071 	0.0202152215787356 	0.86076405172123 	0.0234479256760381 	0.00161047807712563 	1.01925428806139e-37
5.99999999999999 	1.960888703 	-5.55111512312578e-17 	1.15398384435557 	0.0188759841447166 	0.810842093069171 	0.02327198353577 	0.00132965297996788 	1.14425955756158e-37
5.99999999999999 	2.020240096 	-6.59194920871187e-17 	1.1527294434922 	0.0178181067886067 	0.776796499320976 	0.0229318226299084 	0.00112060381556405 	1.20813608514969e-37
5.99999999999999 	2.060005036 	-6.59194920871187e-17 	1.15179846063356 	0.0170403814981229 	0.755167310415406 	0.0225606244980342 	0.000973964241918788 	1.20813608514966e-37
5.99999999999999 	2.0983647475 	-6.93889390390723e-17 	1.15100477522912 	0.0163722495334753 	0.739015452996617 	0.022149767136061 	0.000853866724489333 	1.20813608514966e-37
5.99999999999999 	2.135368889 	-6.93889390390723e-17 	1.15025394513449 	0.0157365674400955 	0.725791090579411 	0.0216778869846741 	0.000745054759947058 	1.20813608514966e-37
5.99999999999999 	2.171065364 	-6.93889390390723e-17 	1.14954327825189 	0.0151316974131024 	0.715319143060796 	0.0211502440213548 	0.000646078744756116 	1.20813608514969e-37
5.99999999999999 	2.205500383 	-6.93889390390723e-17 	1.14887152999069 	0.0145562160292751 	0.707476123512588 	0.0205720718415483 	0.000556150097250664 	1.20813608514971e-37
5.99999999999999 	2.2387185245 	-6.93889390390723e-17 	1.14823705374168 	0.014008868352547 	0.702181543528345 	0.0199486491123888 	0.000474587357161695 	1.20813608514971e-37
5.99999999999999 	2.270762791 	-6.93889390390723e-17 	1.14763817432891 	0.0134885336288261 	0.699391867213284 	0.0192853433105785 	0.000400789961703123 	1.20813608514971e-37
5.99999999999999 	2.3016746645 	-6.93889390390723e-17 	1.14707324543297 	0.0129942028003066 	0.699096617952498 	0.0185876269892525 	0.000334242165915412 	1.20813608514969e-37
5.99999999999999 	2.3314941625 	-7.28583859910259e-17 	1.14654065488249 	0.0125249650234535 	0.701316187392991 	0.0178610700982781 	0.000274509409096219 	1.20813608514966e-37
5.99999999999999 	2.360259888 	-7.63278329429795e-17 	1.14603883434462 	0.0120800009610986 	0.706101006393731 	0.0171113131420241 	0.000221235352697814 	1.20813608514966e-37
5.99999999999999 	2.3880090795 	-7.63278329429795e-17 	1.14556626763883 	0.0116585808738395 	0.713531827821698 	0.0163440259677661 	0.000174140414892394 	1.20813608514966e-37
5.99999999999999 	2.4147776595 	-7.63278329429795e-17 	1.14512149589395 	0.0112600659065299 	0.723720949306912 	0.0155648565387761 	0.000133021888169123 	1.20813608514966e-37
5.99999999999999 	2.440600281 	-7.63278329429795e-17 	1.1447031204276 	0.0108839113291766 	0.736814266154617 	0.0147793734517923 	9.77555972342164e-05 	1.20813608514966e-37
5.99999999999999 	2.465510373 	-7.28583859910259e-17 	1.14430980392266 	0.0105296707732794 	0.752994089979622 	0.0139930053315521 	6.8299010136257e-05 	1.20813608514966e-37
5.99999999999999 	2.4895401825 	-6.93889390390723e-17 	1.14394027027916 	0.0101970007067563 	0.772482699161793 	0.0132109796549987 	4.46956967835964e-05 	1.20813608514969e-37
5.99999999999999 	2.5127208175 	-6.93889390390723e-17 	1.14359330344867 	0.00988566451250385 	0.795546603919565 	0.0124382630490007 	2.70810226480168e-05 	1.20813608514969e-37
5.99999999999999 	2.5350822865 	-6.93889390390723e-17 	1.14326774551986 	0.00959553560852961 	0.822501510737272 	0.0116795047298485 	1.56889497582397e-05 	1.20813608514969e-37
5.99999999999999 	2.5566535375 	-6.59194920871187e-17 	1.14296249426401 	0.00932659903927172 	0.85371795956782 	0.0109389844120963 	1.08597778341595e-05 	1.20813608514971e-37
5.99999999999999 	2.5774624955 	-6.24500451351651e-17 	1.14267650030704 	0.00907895092274843 	0.889627580374419 	0.0102205657670995 	1.30485950121323e-05 	1.20813608514971e-37
5.99999999999999 	2.5975360985 	-6.24500451351651e-17 	1.14240876406607 	0.0088527950704794 	0.930729872183452 	0.00952765635193901 	2.28341207965088e-05 	1.20813608514971e-37
5.99999999999999 	2.616900333 	-6.93889390390723e-17 	1.14215833256541 	0.00864843601917499 	0.977599346587049 	0.00886317483264224 	4.09275162187398e-05 	1.20813608514971e-37
5.99999999999999 	2.6355802665 	-7.97972798949331e-17 	1.1419242962271 	0.00846626765036653 	1.03089280075379 	0.00822952627690126 	6.81806186823303e-05 	1.20813608514971e-37
5.99999999999999 	2.6536000815 	-8.32667268468867e-17 	1.14170578571695 	0.00830675655959343 	1.09135639584374 	0.00762858627025329 	0.000105592942794426 	1.20813608514971e-37
5.99999999999999 	2.670983106 	-8.32667268468867e-17 	1.14150196893984 	0.00817041942058643 	1.15983211673698 	0.00706169465256777 	0.000154316687713969 	1.20813608514971e-37
5.99999999999999 	2.687751842 	-8.67361737988404e-17 	1.14131204825027 	0.00805779375827803 	1.23726310857326 	0.00652965956427968 	0.000215658933834364 	1.20813608514971e-37
5.99999999999999 	2.703927998 	-8.67361737988404e-17 	1.14113525794542 	0.00796940188284575 	1.32469733009598 	0.00603277235716484 	0.000291080197699392 	1.20813608514977e-37
5.99999999999999 	2.719532515 	-8.32667268468867e-17 	1.1409708621333 	0.00790570824484889 	1.42328895053148 	0.00557083374581969 	0.000382188551689867 	1.20813608514977e-37
5.99999999999999 	2.7345855935 	-8.67361737988404e-17 	1.14081815302116 	0.00786707108030954 	1.53429701422406 	0.00514319104179398 	0.000490728624864642 	1.20813608514977e-37
5.99999999999999 	2.749106721 	-9.0205620750794e-17 	1.14067644965505 	0.00785368995280686 	1.65908110085254 	0.00474878571243861 	0.000618564948376411 	1.20813608514974e-37
5.99999999999999 	2.7631146955 	-9.0205620750794e-17 	1.14054509712946 	0.00786555156200322 	1.79909405066985 	0.00438620983231629 	0.000767659304176616 	1.20813608514974e-37
5.99999999999999 	2.7766276505 	-8.67361737988404e-17 	1.14042346623239 	0.00790237685997052 	1.95587235425889 	0.00405376917569806 	0.000940042011956942 	1.20813608514971e-37
5.99999999999999 	2.7896630795 	-8.32667268468867e-17 	1.14031095348368 	0.00796357301614202 	2.13102547954858 	0.00374955008514223 	0.00113777744287052 	1.20813608514971e-37
5.99999999999999 	2.8022378575 	-8.32667268468867e-17 	1.14020698146704 	0.00804819398075594 	2.32622623491243 	0.00347148686496355 	0.00136292457559571 	1.20813608514971e-37
5.99999999999999 	2.814368263 	-8.67361737988404e-17 	1.14011099912233 	0.00815491327291617 	2.54320524417785 	0.00321742635094303 	0.00161749420020153 	1.20813608514971e-37
5.99999999999999 	2.82607 	-9.36750677027476e-17 	1.14002248223738 	0.00828201213465533 	2.78375361162744 	0.00298518669842304 	0.00190340542686478 	1.20813608514971e-37
5.99999999999999 	2.8373582165 	-9.71445146547012e-17 	1.13994093800647 	0.00842738539125236 	3.04973884132239 	0.00277260817939288 	0.00222244548178994 	1.20813608514971e-37
5.99999999999999 	2.848247526 	-9.71445146547012e-17 	1.13986591071801 	0.00858856634002841 	3.34313995445978 	0.0025775947517436 	0.00257624035850249 	1.20813608514971e-37
5.99999999999999 	2.858752025 	-9.71445146547012e-17 	1.13979690381691 	0.00876277080395334 	3.66610905089263 	0.00239814587777147 	0.0029707972581987 	1.20813608514971e-37
5.99999999999999 	2.8688853115 	-1.00613961606655e-16 	1.13973336294331 	0.00894698028323618 	4.02143905696463 	0.00222653696560918 	0.00341754841941173 	1.20813608514971e-37
5.99999999999999 	2.878660504 	-1.04083408558608e-16 	1.13967486958963 	0.00913803447024334 	4.4133919054213 	0.00205083535579223 	0.00392470484936443 	1.20813608514969e-37
5.99999999999999 	2.8880902575 	-1.07552855510562e-16 	1.13962119546986 	0.00933209796698017 	4.84694287776899 	0.00187374647557484 	0.00449544238880222 	1.20813608514966e-37
5.99999999999999 	2.89718677899999 	-1.07552855510562e-16 	1.13957218154787 	0.00952335812154938 	5.32517844421607 	0.00171086582885848 	0.00512437095549917 	1.20813608514966e-37
5.99999999999999 	2.90596184349999 	-1.04083408558608e-16 	1.13952764298452 	0.0097037772186794 	5.8483942179661 	0.00156972576848813 	0.0057940970949791 	1.20813608514966e-37
5.99999999999999 	2.91442681149999 	-1.04083408558608e-16 	1.1394872964248 	0.00986455250644736 	6.41606362604094 	0.00144761436303293 	0.00648831764280002 	1.20813608514966e-37
5.99999999999999 	2.92259264149999 	-9.71445146547012e-17 	1.13945080915138 	0.00999749416810949 	7.02918624820139 	0.00133934220442549 	0.00719965558254037 	1.20813608514966e-37
5.99999999999999 	2.93046990399999 	-9.0205620750794e-17 	1.13941788922868 	0.010095459099579 	7.69178649096789 	0.00124014055063095 	0.0079264293389728 	1.20813608514966e-37
5.99999999999999 	2.938068797 	-9.0205620750794e-17 	1.13938830340203 	0.010152231087004 	8.41192935268804 	0.00114636497210326 	0.00867052400600626 	1.20813608514966e-37
5.99999999999999 	2.94539915749999 	-8.67361737988404e-17 	1.13936187129712 	0.0101621496840829 	9.20268367789869 	0.00105541467444578 	0.00943646673552627 	1.20813608514966e-37
5.99999999999999 	2.95247047499999 	-7.97972798949331e-17 	1.1393384561409 	0.0101196282848634 	10.0836035292931 	0.000965479265339418 	0.0102313374183981 	1.20813608514966e-37
5.99999999999999 	2.95929190349999 	-7.97972798949331e-17 	1.13931795560116 	0.0100185862421275 	11.0827804758064 	0.000875334975290624 	0.0110649204241622 	1.20813608514966e-37
5.99999999999999 	2.96587227349999 	-8.32667268468867e-17 	1.1393002926648 	0.00985176765096394 	12.2394900302955 	0.00078424416326133 	0.0119494186040824 	1.20813608514966e-37
5.99999999999999 	2.97222010449999 	-8.32667268468867e-17 	1.13928540503803 	0.00960983622192341 	13.6090344818268 	0.000691941788218367 	0.012897779742047 	1.20813608514966e-37
5.99999999999999 	2.97834361349999 	-8.32667268468867e-17 	1.13927323054266 	0.00928011969559923 	15.2712395508919 	0.000598673795810746 	0.0139190148947198 	1.20813608514966e-37
5.99999999999999 	2.984250727 	-8.32667268468867e-17 	1.13926368620141 	0.0088449977396151 	17.3439400187136 	0.00050525071643431 	0.0150077783704799 	1.20813608514966e-37
5.99999999999999 	2.9899490925 	-8.32667268468867e-17 	1.13925664205153 	0.00828005688421378 	20.0061778204984 	0.000413048612082906 	0.016122778895826 	1.20813608514966e-37
5.99999999999999 	2.9954460875 	-8.32667268468867e-17 	1.13925190618417 	0.00755251213215384 	23.5422895131044 	0.00032388825753349 	0.0171533924956816 	1.20813608514966e-37
5.99999999999999 	3.00074882749999 	-8.67361737988404e-17 	1.13924923100112 	0.0066202445963217 	28.434845995721 	0.000239394281082112 	0.0177890158717811 	1.20813608514966e-37
5.99999999999999 	3.00586417699999 	-8.67361737988404e-17 	1.13924825468366 	0.00544011263681365 	35.5819174023251 	0.00016146867912122 	0.0172776334052008 	1.20813608514966e-37
5.99999999999999 	3.01079875849999 	-8.67361737988404e-17 	1.13924840491517 	0.00401635199075935 	46.9155516421214 	9.44515988838301e-05 	0.0145450210684511 	1.20813608514966e-37
5.99999999999999 	3.01555895999999 	-9.0205620750794e-17 	1.13924902690282 	0.00250268911900599 	67.6522242109762 	4.46098751165886e-05 	0.00949741376426724 	1.20813608514966e-37
5.99999999999999 	3.02015094399999 	-9.0205620750794e-17 	1.13924969839918 	0.00121980315017144 	115.688862177354 	1.544132439509e-05 	0.00423678052258037 	1.20813608514966e-37
5.99999999999999 	3.02458065449999 	-9.0205620750794e-17 	1.13925037280772 	0.000426908903269693 	272.832387921753 	3.44029384188913e-06 	0.00111962941928608 	1.20813608514966e-37
5.99999999999999 	3.02885382599999 	-9.0205620750794e-17 	1.13925116678569 	9.56355217849383e-05 	1217.36598642832 	4.08097728088511e-07 	0.000144282572003838 	1.20813608514966e-37
5.99999999999999 	3.03297599049999 	-9.0205620750794e-17 	1.13925184238982 	1.06102605253034e-05 	2763.15238010634 	1.75063814435171e-08 	6.2924422604255e-06 	1.20813608514966e-37
