2 	0.475703205083347 	3.46944695195361e-18 	-0.0201379123649232 	0.0113804271034758 	-0.000579342174696598 	-0.0201379123649232 	0.0113804271034758 	-0.000579342174696598
2 	0.49133220866636 	3.46944695195361e-18 	-0.0462923697737661 	0.0257170917184091 	-0.00152761100992339 	-0.0462923697737661 	0.0257170917184091 	-0.00152761100992339
2 	0.507455078295235 	6.93889390390723e-18 	-0.0582389777357599 	0.0322913329320491 	-0.00174393469211925 	-0.0582389777357599 	0.0322913329320491 	-0.00174393469211925
2 	0.524087416970984 	0 	-0.0603073510395757 	0.0339927493076629 	-0.00166076625144523 	-0.0603073510395757 	0.0339927493076629 	-0.00166076625144523
2 	0.541245320476644 	0 	-0.0546623579668028 	0.0322047720654872 	-0.00150258332721452 	-0.0546623579668028 	0.0322047720654872 	-0.00150258332721452
2 	0.558945392930354 	3.46944695195361e-18 	-0.0425604808771739 	0.0277959407116764 	-0.00134886083030444 	-0.0425604808771739 	0.0277959407116764 	-0.00134886083030444
2 	0.57720476282873 	3.46944695195361e-18 	-0.0250376149450005 	0.0214864707179938 	-0.00130190179229403 	-0.0250376149450005 	0.0214864707179938 	-0.00130190179229403
2 	0.596041099596002 	3.46944695195361e-18 	-0.00254733144418446 	0.0137526942138985 	-0.00135889559601484 	-0.00254733144418446 	0.0137526942138985 	-0.00135889559601484
2 	0.615472630654767 	3.46944695195361e-18 	0.0244513468404031 	0.00496122451230203 	-0.00129206372809945 	0.0244513468404031 	0.00496122451230203 	-0.00129206372809945
2 	0.635518159034815 	3.46944695195361e-18 	0.0558701437405645 	-0.00465065438507793 	-0.000796586944309568 	0.0558701437405645 	-0.00465065438507793 	-0.000796586944309568
2 	0.656197081536942 	1.04083408558608e-17 	0.0920097694897533 	-0.0148982133528007 	-0.000252874353244798 	0.0920097694897533 	-0.0148982133528007 	-0.000252874353244798
2 	0.677529407469199 	1.38777878078145e-17 	0.132749134979904 	-0.0255227616655432 	-9.89624019721079e-06 	0.132749134979904 	-0.0255227616655432 	-9.89624019721079e-06
2 	0.699535777973593 	1.04083408558608e-17 	0.17865941889033 	-0.0363007324804843 	1.22456369773625e-05 	0.17865941889033 	-0.0363007324804843 	1.22456369773625e-05
2 	0.722237485961784 	1.38777878078145e-17 	0.22974457754488 	-0.0470642690070084 	-4.56081322341708e-05 	0.22974457754488 	-0.0470642690070084 	-4.56081322341708e-05
2 	0.745656496678988 	1.38777878078145e-17 	0.285753166755009 	-0.0574948496109139 	-0.000122351871456262 	0.285753166755009 	-0.0574948496109139 	-0.000122351871456262
2 	0.769815468915766 	1.04083408558608e-17 	0.34643558243329 	-0.0673248289783182 	-0.00029876043318633 	0.34643558243329 	-0.0673248289783182 	-0.00029876043318633
2 	0.79473777688813 	1.04083408558608e-17 	0.410455346280039 	-0.0761008247621918 	-0.00017546629601883 	0.410455346280039 	-0.0761008247621918 	-0.00017546629601883
2 	0.820447532806956 	0 	0.475319735007983 	-0.0833634472504566 	-4.10025048467312e-05 	0.475319735007983 	-0.0833634472504566 	-4.10025048467312e-05
2 	0.846969610158369 	0 	0.537869293358167 	-0.088863107843275 	-6.62968976282602e-05 	0.537869293358167 	-0.088863107843275 	-6.62968976282602e-05
2 	0.874329667717482 	0 	0.595149396593685 	-0.0925943817598634 	6.66748240122402e-06 	0.595149396593685 	-0.0925943817598634 	6.66748240122402e-06
2 	0.902554174318506 	-6.93889390390723e-18 	0.64391979943432 	-0.0948366952845503 	5.88411407314859e-05 	0.64391979943432 	-0.0948366952845503 	5.88411407314859e-05
2 	0.931670434405036 	-6.93889390390723e-18 	0.682930054519233 	-0.0960365415244865 	9.8286564317582e-06 	0.682930054519233 	-0.0960365415244865 	9.8286564317582e-06
2 	0.961706614385029 	-3.46944695195361e-18 	0.713395068994083 	-0.0966990753722368 	-0.000111116303596684 	0.713395068994083 	-0.0966990753722368 	-0.000111116303596684
2 	0.992691769815773 	-3.46944695195361e-18 	0.737325971238162 	-0.0971329314149766 	-0.000152614940526783 	0.737325971238162 	-0.0971329314149766 	-0.000152614940526783
2 	1.02465587344493 	-6.93889390390723e-18 	0.756663494447191 	-0.0974854554390341 	-0.000173763700735074 	0.756663494447191 	-0.0974854554390341 	-0.000173763700735074
2 	1.05762984413455 	-3.46944695195361e-18 	0.7735587892677 	-0.0978101251451428 	-0.000179951951560379 	0.7735587892677 	-0.0978101251451428 	-0.000179951951560379
2 	1.09164557669585 	0 	0.789202998032677 	-0.098077174185048 	-3.09650693071815e-05 	0.789202998032677 	-0.098077174185048 	-3.09650693071815e-05
2 	1.12673597266335 	0 	0.804131025411696 	-0.0982630838274389 	0.000226515198306935 	0.804131025411696 	-0.0982630838274389 	0.000226515198306935
2 	1.16293497203787 	0 	0.818682400968702 	-0.0983683868242993 	0.00039346055493706 	0.818682400968702 	-0.0983683868242993 	0.00039346055493706
2 	1.20027758602891 	3.46944695195361e-18 	0.833039555240248 	-0.0984082054066922 	0.00046383027578355 	0.833039555240248 	-0.0984082054066922 	0.00046383027578355
2 	1.23879993082778 	3.46944695195361e-18 	0.847180390399269 	-0.098375187736655 	0.00045742364182799 	0.847180390399269 	-0.098375187736655 	0.00045742364182799
2 	1.27853926244386 	-1.04083408558608e-17 	0.860930151044363 	-0.0982475746172928 	0.000320059602150532 	0.860930151044363 	-0.0982475746172928 	0.000320059602150532
2 	1.31953401263748 	-2.08166817117217e-17 	0.87457475566708 	-0.0980546743242104 	0.000196942312670611 	0.87457475566708 	-0.0980546743242104 	0.000196942312670611
2 	1.36182382598375 	-2.42861286636753e-17 	0.888109424377978 	-0.0978223426473169 	0.000120719213596421 	0.888109424377978 	-0.0978223426473169 	0.000120719213596421
2 	1.40544959810313 	-2.42861286636753e-17 	0.901399927382075 	-0.0975145337365251 	2.55563989736291e-05 	0.901399927382075 	-0.0975145337365251 	2.55563989736291e-05
2 	1.45045351509516 	-3.12250225675825e-17 	0.91417148865017 	-0.0970960954162978 	-9.21371985517436e-05 	0.91417148865017 	-0.0970960954162978 	-9.21371985517436e-05
2 	1.49687909421333 	-4.5102810375397e-17 	0.926282460436961 	-0.0965869602516383 	-0.000209822246185144 	0.926282460436961 	-0.0965869602516383 	-0.000209822246185144
2 	1.54477122582011 	-4.5102810375397e-17 	0.937851079339611 	-0.0959912910138755 	-0.000322781977509671 	0.937851079339611 	-0.0959912910138755 	-0.000322781977509671
2 	1.59417621666236 	-4.16333634234434e-17 	0.948574491216414 	-0.0952567572361923 	-0.000355506326344522 	0.948574491216414 	-0.0952567572361923 	-0.000355506326344522
2 	1.6451418345086 	-3.81639164714898e-17 	0.95830237339969 	-0.0944153879042767 	-0.000297946969736713 	0.95830237339969 	-0.0944153879042767 	-0.000297946969736713
2 	1.69771735419109 	-3.46944695195361e-17 	0.966900045325406 	-0.0934522077158273 	-0.000240645170897018 	0.966900045325406 	-0.0934522077158273 	-0.000240645170897018
2 	1.75195360509682 	-3.46944695195361e-17 	0.973871565815981 	-0.0922863664515465 	-0.000187617047624507 	0.973871565815981 	-0.0922863664515465 	-0.000187617047624507
2 	1.80790302015302 	-2.77555756156289e-17 	0.97919689818768 	-0.0909895409194021 	-0.000109207964096456 	0.97919689818768 	-0.0909895409194021 	-0.000109207964096456
2 	1.86561968635427 	-2.08166817117217e-17 	0.983114737131923 	-0.0895595099551353 	-4.10627875035514e-05 	0.983114737131923 	-0.0895595099551353 	-4.10627875035514e-05
2 	1.92515939687956 	-1.38777878078145e-17 	0.985757315665024 	-0.0879689679769391 	-1.16876764855869e-05 	0.985757315665024 	-0.0879689679769391 	-1.16876764855869e-05
2 	1.98657970484963 	-1.38777878078145e-17 	0.987247854124089 	-0.0863427531268343 	-7.55638506356822e-06 	0.987247854124089 	-0.0863427531268343 	-7.55638506356822e-06
2 	2.04993997877596 	-2.42861286636753e-17 	0.988013086766303 	-0.0846210064158707 	-7.22521315270081e-06 	0.988013086766303 	-0.0846210064158707 	-7.22521315270081e-06
2 	2.11530145975479 	-2.42861286636753e-17 	0.988309533772114 	-0.0828385427848164 	-4.65349557007923e-06 	0.988309533772114 	-0.0828385427848164 	-4.65349557007923e-06
2 	2.18272732046126 	-1.73472347597681e-17 	0.988301482266584 	-0.0810978950275612 	7.92975405158121e-08 	0.988301482266584 	-0.0810978950275612 	7.92975405158121e-08
2 	2.2522827260001 	-1.73472347597681e-17 	0.987988541825904 	-0.0792536515230478 	2.22058514560493e-06 	0.987988541825904 	-0.0792536515230478 	2.22058514560493e-06
2 	2.32403489667171 	-2.42861286636753e-17 	0.987567168028291 	-0.0774563693867097 	1.35021644411904e-06 	0.987567168028291 	-0.0774563693867097 	1.35021644411904e-06
2 	2.39805317271374 	-3.12250225675825e-17 	0.987144637760032 	-0.0756631067022257 	1.08248416302758e-07 	0.987144637760032 	-0.0756631067022257 	1.08248416302758e-07
2 	2.47440908108066 	-3.81639164714898e-17 	0.986689835384382 	-0.0738059166346789 	-2.10879355261313e-07 	0.986689835384382 	-0.0738059166346789 	-2.10879355261313e-07
2 	2.55317640432547 	-4.5102810375397e-17 	0.986198986418326 	-0.0720673157170742 	-4.96484640306372e-08 	0.986198986418326 	-0.0720673157170742 	-4.96484640306372e-08
2 	2.63443125164994 	-4.85722573273506e-17 	0.985620007469418 	-0.0702145219710223 	7.09035476906717e-08 	0.985620007469418 	-0.0702145219710223 	7.09035476906717e-08
2 	2.71825213219187 	-4.5102810375397e-17 	0.985144588872681 	-0.0684464250143756 	8.83767478022781e-08 	0.985144588872681 	-0.0684464250143756 	8.83767478022781e-08
2 	2.80472003061997 	-4.5102810375397e-17 	0.984707028833546 	-0.0666844426653813 	6.86407560728471e-08 	0.984707028833546 	-0.0666844426653813 	6.86407560728471e-08
2 	2.89391848510919 	-5.55111512312578e-17 	0.984206496980029 	-0.064858095636882 	4.63410859257901e-08 	0.984206496980029 	-0.064858095636882 	4.63410859257901e-08
2 	2.98593366777187 	-6.93889390390723e-17 	0.983673319989576 	-0.0631872754548716 	3.02214345475891e-08 	0.983673319989576 	-0.0631872754548716 	3.02214345475891e-08
2 	3.08085446762226 	-7.28583859910259e-17 	0.983095396314409 	-0.0613335035584121 	1.92607802981721e-08 	0.983095396314409 	-0.0613335035584121 	1.92607802981721e-08
2 	3.17877257615452 	-6.93889390390723e-17 	0.98272028267147 	-0.0596736969851033 	1.25247797563372e-08 	0.98272028267147 	-0.0596736969851033 	1.25247797563372e-08
2 	3.27978257561694 	-7.28583859910259e-17 	0.982305269973926 	-0.0579261203887455 	7.60812270081731e-09 	0.982305269973926 	-0.0579261203887455 	7.60812270081731e-09
2 	3.38398203006779 	-7.28583859910259e-17 	0.981828794165071 	-0.056204111702899 	4.81557449403836e-09 	0.981828794165071 	-0.056204111702899 	4.81557449403836e-09
2 	3.49147157930068 	-7.28583859910259e-17 	0.981327737097668 	-0.0545599522314984 	2.53492251580267e-09 	0.981327737097668 	-0.0545599522314984 	2.53492251580267e-09
2 	3.60235503573069 	-7.63278329429795e-17 	0.980811883535182 	-0.0527723515620605 	1.99751766852189e-09 	0.980811883535182 	-0.0527723515620605 	1.99751766852189e-09
2 	3.71673948433478 	-7.28583859910259e-17 	0.980578181231826 	-0.0512631207839116 	1.00295976242733e-09 	0.980578181231826 	-0.0512631207839116 	1.00295976242733e-09
2 	3.8347353857436 	-7.97972798949331e-17 	0.980198949854213 	-0.0494609265681597 	8.61372190749484e-10 	0.980198949854213 	-0.0494609265681597 	8.61372190749484e-10
2 	3.95645668258462 	-1.00613961606655e-16 	0.979813166909859 	-0.0479360453672809 	2.62274621859307e-10 	0.979813166909859 	-0.0479360453672809 	2.62274621859307e-10
2 	4.08202090917971 	-1.14491749414469e-16 	0.979383714009419 	-0.0462441855040248 	6.18368941771836e-10 	0.979383714009419 	-0.0462441855040248 	6.18368941771836e-10
2 	4.21154930470389 	-1.21430643318376e-16 	0.979008057889351 	-0.0446582757170235 	1.46374576421149e-12 	0.979008057889351 	-0.0446582757170235 	1.46374576421149e-12
2 	4.34516692991511 	-1.2490009027033e-16 	0.978831985916341 	-0.0431032517931841 	0 	0.978831985916341 	-0.0431032517931841 	0
2 	4.48300278756863 	-1.2490009027033e-16 	0.978576945013863 	-0.0414335543032643 	0 	0.978576945013863 	-0.0414335543032643 	0
2 	4.62518994663325 	-1.2490009027033e-16 	0.97833824951728 	-0.0400114752669044 	0 	0.97833824951728 	-0.0400114752669044 	0
2 	4.77186567043029 	-1.31838984174237e-16 	0.977935372067103 	-0.0382422602203552 	0 	0.977935372067103 	-0.0382422602203552 	0
