2 	0.0118766634911741 	-1.21430643318376e-17 	-0.145181875683766 	-0.00288787382082085 	-3.06347744871196e-18 	-3.44122629135625 	0.144346289192598 	-5.20190143089582e-19 	1.57308306350417e-20 	-5.43151711187785e-22 	-3.57099276657365e-37
2 	0.0201339998215162 	-1.73472347597681e-17 	-0.21915395151377 	-0.00585064429155499 	7.26123299933931e-19 	-3.63806959718551 	0.218490577347237 	3.52709278297175e-18 	2.72550994476318e-20 	-1.80216395348205e-21 	7.86733179440471e-38
2 	0.0286938265629418 	-2.77555756156289e-17 	-0.263619477283717 	-0.0101920305849662 	1.17829089568702e-18 	-3.41682917798718 	0.264016399352366 	-1.49013940552584e-18 	1.16702205072713e-19 	-4.64394439123331e-21 	-4.70962218966276e-38
2 	0.0375672248226244 	-3.29597460435593e-17 	-0.269174247962231 	-0.0161653538500949 	1.13437297098256e-17 	-2.7346761800454 	0.269920008233438 	-5.25794308886188e-18 	2.59729023917335e-20 	-1.01837326521412e-21 	-2.16670821261677e-40
2 	0.0467656816468642 	-3.12250225675825e-17 	-0.244606459657661 	-0.0231381455654647 	-8.4159929352701e-18 	-1.85914703143476 	0.245390371353632 	1.32056323369293e-19 	2.8040210297492e-20 	-1.26335611948771e-21 	-4.34907553842468e-40
2 	0.0563011048842946 	-3.81639164714898e-17 	-0.210458763376734 	-0.0299638764727263 	-1.27073702645868e-18 	-1.11508592170118 	0.210846721176532 	-2.71922239524672e-18 	-9.90085403400675e-21 	1.74434152791505e-21 	7.37654032643607e-40
2 	0.0661858385999554 	-4.68375338513738e-17 	-0.179746613783054 	-0.035931931843366 	-2.86540080891367e-19 	-0.614110530856008 	0.179881193385148 	-1.9685720383913e-18 	-2.836698305876e-19 	2.85248894516084e-20 	1.14172889015078e-38
2 	0.076432679058692 	-5.20417042793042e-17 	-0.155659419656623 	-0.0409117291705114 	2.56346120513779e-19 	-0.308115836119237 	0.15573855291065 	2.21025222722027e-18 	-3.11831961432128e-19 	2.55499856570634e-20 	-4.97771976533426e-39
2 	0.0870548912905478 	-5.72458747072346e-17 	-0.137259769392197 	-0.045035050353669 	-1.69202448746185e-19 	-0.122781174782255 	0.137326035855258 	2.93563000436698e-18 	-4.44940257893107e-20 	3.05027364851985e-21 	-4.71865472491331e-40
2 	0.0980662262531346 	-5.89805981832114e-17 	-0.122951335305584 	-0.0484761906451509 	-2.24384321426711e-19 	-0.00656873816958524 	0.122999113895413 	-6.87163010122126e-19 	2.50422893007856e-19 	-2.3584025573945e-20 	-3.50065676455369e-38
2 	0.109480938662663 	-5.89805981832114e-17 	-0.111463680898726 	-0.0513813097073027 	2.4542398244485e-18 	0.0698960083607112 	0.111491815070402 	-1.31331137642575e-18 	-2.51800491546286e-19 	3.55189788857543e-20 	-5.08352927013078e-37
2 	0.121313805432455 	-5.8113236445223e-17 	-0.101927448327206 	-0.0538607711400832 	-4.72938612411154e-18 	0.122715177805603 	0.101939841603975 	1.21466788174826e-18 	-1.26043999167877e-20 	2.81955588691632e-21 	-4.68265265264501e-38
2 	0.133580144767209 	-6.07153216591882e-17 	-0.0937659453491414 	-0.0559960808274113 	1.91367635565818e-18 	0.160890927117355 	0.0937668469309492 	-1.49571112140291e-18 	-2.73772276944547e-20 	1.28257574310644e-20 	-3.66233787815514e-37
2 	0.146295836049493 	-6.33174068731535e-17 	-0.0865931437684199 	-0.0578476264645407 	8.15095422985158e-20 	0.189654854641616 	0.0865859088508091 	7.4384680222675e-20 	-5.44573064911865e-19 	7.74998620761377e-20 	-5.15519536085864e-38
2 	0.159477340311246 	-5.63785129692462e-17 	-0.080144375204496 	-0.0594607580232926 	-7.37493220476714e-20 	0.21217761021933 	0.0801315352086379 	3.13979160931055e-18 	1.84712048221683e-20 	-2.80423882673003e-21 	-2.05941652679508e-38
2 	0.173141721669689 	-5.3776427755281e-17 	-0.0742326682463813 	-0.0608701527166861 	-1.57855718840463e-18 	0.230458805299376 	0.0742161707364977 	1.89378622121087e-19 	7.86522720066505e-19 	-1.28755333666915e-19 	-6.20124220911171e-37
2 	0.187306669345393 	-5.89805981832114e-17 	-0.0687215291501205 	-0.062102851155927 	1.67520544129517e-18 	0.245806088033988 	0.0687028994565595 	-1.94394230054036e-18 	8.38291812153336e-21 	-1.65854524041168e-21 	-1.53948802931202e-38
2 	0.201990520539723 	-6.59194920871187e-17 	-0.0635077462384681 	-0.0631803593953837 	7.46066205684233e-20 	0.25910332000424 	0.0634882247130594 	-5.03470599756645e-20 	-2.30240147487623e-20 	2.93326886426531e-21 	-1.52446466544211e-40
2 	0.217212284211201 	-6.76542155630955e-17 	-0.0585102701233235 	-0.0641201184538926 	-1.9899467294871e-19 	0.270966479327207 	0.0584908776627563 	-8.04782286712343e-19 	-8.89385555634826e-21 	1.69855694680933e-21 	-3.0188058696875e-41
2 	0.232991665631275 	-6.72205346941013e-17 	-0.0536628083270655 	-0.0649365468730284 	-3.5393960903392e-20 	0.28183777109012 	0.0536444108258115 	8.04870671956543e-19 	-4.41443675636815e-19 	9.7134696987467e-20 	4.61712288464056e-39
2 	0.249349092022174 	-7.50267903359969e-17 	-0.0489087184373161 	-0.0656417930205188 	2.70387112186201e-20 	0.292044426922411 	0.0488920505039266 	1.70194265191156e-18 	4.40935964462011e-19 	-8.27316624469152e-20 	-3.28371851643535e-39
2 	0.266305738887747 	-7.34004870772687e-17 	-0.0441973331260227 	-0.0662462865041634 	3.38228876765723e-20 	0.301836884417791 	0.0441830183870485 	-8.22681070740191e-19 	4.25363359853492e-19 	-8.50186251207315e-20 	-3.06690172434733e-39
2 	0.283883557351867 	-6.47268696973846e-17 	-0.0394727958871051 	-0.0667644882196194 	1.70092619635452e-18 	0.311405262215955 	0.0394613647912817 	-1.6650672960918e-18 	-4.02310113082388e-21 	1.19884666006415e-21 	-1.19599010927151e-39
2 	0.302105302762705 	-5.89805981832114e-17 	-0.034666881690576 	-0.0672141665589343 	-1.27344312601576e-18 	0.320903159596382 	0.0346581044150965 	2.57205297432179e-19 	-3.30519593512596e-19 	7.21057934714628e-20 	-2.65622425819183e-38
2 	0.320994564099584 	-5.89805981832114e-17 	-0.0297644722854326 	-0.0675794964311768 	-1.70784233110792e-18 	0.330521289119371 	0.0297574449969473 	7.30472369810137e-19 	9.85972896428687e-20 	-3.2598462495242e-20 	-3.05403132803996e-38
2 	0.340575794383998 	-6.93889390390723e-17 	-0.0247153175793948 	-0.0678677957171138 	-2.39447134918811e-19 	0.340401784533164 	0.0247089358606898 	-1.61307209510217e-18 	2.0409334643787e-20 	-7.94756279633671e-21 	2.62564711459075e-38
2 	0.360874342490354 	-7.28583859910259e-17 	-0.0194645495397847 	-0.0680857310265563 	1.35051551045468e-18 	0.350695619365804 	0.0194574868719431 	6.5262880663958e-19 	-5.76382842809049e-19 	1.9306542150836e-19 	-6.75909301490975e-37
2 	0.381916485873798 	-7.28583859910259e-17 	-0.0139508908970906 	-0.0682392065624891 	2.06304013933785e-19 	0.361577392492965 	0.0139415658494482 	1.4433158149359e-18 	3.28487741737933e-19 	-1.17934933324596e-19 	-1.14326337096992e-37
2 	0.403729464575028 	-7.28583859910259e-17 	-0.00810484078445344 	-0.0683330586393689 	-1.77445460045191e-19 	0.373264537967761 	0.00809135264858401 	3.14022102063801e-19 	5.93969034251676e-20 	-2.7319129016074e-20 	6.10464606172649e-38
2 	0.426341516574749 	-6.93889390390723e-17 	-0.00184700329617743 	-0.0683704384806186 	-1.19651041930923e-18 	0.386044114750358 	0.00182703892017847 	3.07130983947181e-19 	3.30598793661745e-19 	-1.19564071022768e-19 	-6.18487870822403e-38
2 	0.449781914254797 	-6.59194920871187e-17 	0.00491296403172665 	-0.0683516993779996 	1.77695835817434e-18 	0.400311815952396 	-0.00494225011693543 	-1.92061486304207e-18 	1.06213873262602e-19 	-2.06258832927689e-20 	-1.35597596901247e-37
2 	0.474081002334556 	-6.59194920871187e-17 	0.0122756871917351 	-0.0682724890516022 	-2.13982891466243e-19 	0.416630261474694 	-0.0123181681054592 	-3.01260915720527e-19 	-2.35574938765465e-19 	1.32287835005047e-19 	2.26610075205851e-37
2 	0.499270237177332 	-6.76542155630955e-17 	0.0203472910063614 	-0.0681204877066802 	-1.11659613817241e-18 	0.435817510387158 	-0.0204094020533429 	9.21384376298927e-19 	-5.72100447940442e-21 	2.99909311620576e-21 	5.25909022066982e-37
2 	0.525382227456746 	-6.59194920871187e-17 	0.0292252582256112 	-0.0678702349579889 	-3.99396003633123e-19 	0.459082103929182 	-0.0293134488366267 	-2.6095037262341e-20 	4.10847139389454e-20 	-2.1845707774287e-20 	-5.36122125486024e-38
2 	0.552450776422887 	-7.28583859910259e-17 	0.0389632960015829 	-0.0674778763716693 	1.56070192317841e-18 	0.4882175844747 	-0.0390635705911112 	5.88799750097962e-19 	-2.47495314872073e-20 	-1.59721366023053e-21 	4.05421619749994e-37
2 	0.580510925652309 	-7.63278329429795e-17 	0.0495017277071334 	-0.066876400249651 	-2.43444962207365e-18 	0.525726727329424 	-0.0495853674174861 	9.06297928633834e-19 	-1.38181570113693e-20 	-8.29862027841088e-20 	-3.978243789948e-37
2 	0.609599000331886 	-6.24500451351651e-17 	0.0606064147402384 	-0.0659522383230275 	-2.8185453683114e-19 	0.574253867636811 	-0.0607381049028087 	-1.79572922350137e-18 	2.69954121757945e-20 	-6.86254524975804e-20 	1.53665600510462e-37
2 	0.639752656311728 	-4.85722573273506e-17 	0.0719518173759301 	-0.0645085099437445 	2.70720125795936e-18 	0.635473833205763 	-0.0721568531341847 	-1.72780868014826e-18 	8.80426113100621e-21 	1.03837727010739e-19 	-8.04614214265541e-37
2 	0.671010929037713 	-3.72965547335014e-17 	0.0834232126808671 	-0.062348479290991 	6.23981591837144e-19 	0.7133395350792 	-0.0836406632510764 	1.03153330483325e-18 	6.46095551535462e-20 	8.61017443331564e-20 	-8.31041327145178e-37
2 	0.703414283865917 	-2.25514051876985e-17 	0.0959915860150863 	-0.0596567983356171 	-3.47230885685451e-19 	0.823598503813835 	-0.0963121930175439 	4.34316228133829e-19 	7.2252196250037e-20 	1.80178193284689e-20 	-3.86590513770989e-37
2 	0.737004668450785 	-1.99493199737333e-17 	0.110415233395663 	-0.0564639779527867 	1.13023704228489e-18 	0.98066849832901 	-0.110920342300967 	1.65665036536066e-19 	1.45426572274208e-19 	2.12352492373374e-20 	-7.72509919390656e-37
2 	0.761419517769191 	-1.90819582357449e-17 	0.120538284015007 	-0.0538903430441567 	1.90660355291297e-18 	1.11086046730876 	-0.121170099456331 	-1.95060284022291e-19 	6.60154576537528e-20 	3.15559076799052e-21 	-5.68224647973815e-37
2 	0.779162311928382 	-1.73472347597681e-17 	0.126713263256134 	-0.0517790407555718 	1.78255220041051e-18 	1.20703424663246 	-0.127452790151465 	-3.36993036138837e-19 	1.97863696489576e-19 	1.70303064806436e-20 	-1.24792299999604e-37
2 	0.807992742695505 	-1.38777878078145e-17 	0.133082370737041 	-0.0478462474081633 	1.52254519431382e-18 	1.34300294031729 	-0.134111343346835 	1.26618324821335e-19 	1.66728693639013e-19 	1.75230443532086e-20 	7.17635088839147e-38
2 	0.845475280399783 	-6.93889390390723e-18 	0.134641309070928 	-0.0419645220111569 	-1.25726869476356e-18 	1.47334118036939 	-0.136118561111899 	-1.93063657181823e-19 	1.71596357743648e-19 	-2.02613864395836e-21 	-4.16094501987204e-38
2 	0.8843265576674 	-1.38777878078145e-17 	0.129119167974202 	-0.0355760089835744 	-2.33500526115924e-18 	1.55438223386692 	-0.130597389903114 	-4.02230444655861e-19 	8.58437382336991e-19 	-1.7169966586635e-20 	-1.73341860814248e-37
2 	0.924596372920704 	-2.42861286636753e-17 	0.116187714006134 	-0.0300873204560315 	1.78966783632436e-18 	1.60736934723396 	-0.116652025657457 	2.0217011766132e-18 	5.67135788984613e-19 	-1.11213221161384e-20 	-1.98697698060691e-37
2 	0.966336321276275 	-2.94902990916057e-17 	0.0929988696732616 	-0.0263318269068623 	1.23567869832714e-19 	1.64681813563312 	-0.0935681968600943 	1.77053394123922e-18 	-2.30645911796888e-18 	5.03088654246865e-20 	-8.29490408200542e-37
2 	1.0095998579002 	-3.29597460435593e-17 	0.060840244551706 	-0.0248326352513667 	-1.02931184132299e-18 	1.65546138328989 	-0.0626799589139377 	-6.45479334757855e-19 	-2.09196078435418e-18 	5.53120264984794e-20 	-2.54997485000824e-37
2 	1.05444236380094 	-2.94902990916057e-17 	0.0276202082817155 	-0.0252204669803787 	3.20969192621347e-18 	1.60005710692081 	-0.0294725831272788 	2.98468619991387e-19 	-2.46452853504313e-18 	6.03713678552411e-20 	2.46337472989978e-36
2 	1.10092121311821 	-1.90819582357449e-17 	0.000774569158490467 	-0.0262445004850566 	2.28332474339919e-18 	1.46350547701392 	-0.0024822823228441 	-2.75431842660882e-18 	-4.69947924922048e-18 	1.11901409921361e-19 	9.3649532028497e-37
2 	1.14909584378713 	-2.25514051876985e-17 	-0.0147763554564415 	-0.0270240090618394 	-1.10971202499699e-18 	1.25815338553264 	0.013170224732613 	-3.61517593727657e-18 	5.067616690847e-18 	-1.2099555186734e-19 	5.95582585161704e-39
2 	1.19902783027291 	-2.97071395261028e-17 	-0.0185564310907599 	-0.0269678883019744 	-1.06702037678009e-18 	1.02412830242645 	0.0171916538495131 	1.10799119118822e-18 	6.18869906785463e-18 	-1.13873596041763e-19 	-7.64655832144359e-39
2 	1.25078095670559 	-2.7972416050126e-17 	-0.0145440588151183 	-0.0260424774558832 	1.13329820847224e-18 	0.809553651660644 	0.0135047588047495 	3.12967682739631e-18 	3.42993052856051e-18 	-5.83639505151852e-20 	1.19830539358908e-37
2 	1.30442129473832 	-2.08166817117217e-17 	-0.00801548329946406 	-0.0246262604578166 	-7.3193008268059e-19 	0.645706396584205 	0.00733322045091298 	1.34656967246892e-18 	-5.68763781328227e-18 	1.03774406537772e-19 	2.28698221022661e-37
2 	1.36001728421411 	-1.04083408558608e-17 	-0.00257405021603669 	-0.0230759738677475 	1.61605660220155e-18 	0.532834686747484 	0.00212443611135048 	-1.35487976934072e-18 	-1.64568805993041e-18 	5.15923938020273e-21 	1.33491959630797e-36
2 	1.41763981448954 	-5.20417042793042e-18 	0.000708679384617098 	-0.0215957416505068 	1.41029823922246e-18 	0.459233996562367 	-0.000997745317350393 	-6.89953405031084e-19 	1.86219940514467e-18 	-4.61920342845391e-20 	1.22677938960227e-36
2 	1.47736230786959 	-3.46944695195361e-18 	0.0018556735767249 	-0.0203008130370966 	-8.4674004073968e-21 	0.411440285992325 	-0.00204311971840622 	-8.98734078810379e-19 	2.78787530238133e-18 	-4.34881801648358e-20 	-1.58290567456156e-37
2 	1.53926080807102 	-2.60208521396521e-18 	0.00136761941583738 	-0.019236020951159 	5.19872462981342e-19 	0.378519541220493 	-0.00148316695358821 	-6.65049463881544e-19 	8.22419850126231e-18 	-1.28721808018679e-19 	2.78905132422724e-38
2 	1.60341407085444 	-1.30104260698261e-18 	-0.000150071568565715 	-0.0183894252358468 	9.46732292200573e-19 	0.352768843227962 	9.07636737518178e-05 	7.46696041743215e-19 	6.71197703323783e-18 	-1.04023465614407e-19 	7.15455311321721e-37
2 	1.66893489878714 	-4.33680868994202e-19 	-0.00213329437812319 	-0.0177140636711978 	2.20690986186219e-19 	0.329774263278941 	0.00211100851371814 	5.43073785155275e-19 	1.11916583880282e-18 	-1.76902015115096e-20 	2.59778570915811e-37
2 	1.70277529771347 	0 	-0.00320473601669289 	-0.017405944675673 	4.30158463143581e-20 	0.318288579350903 	0.00319432967024862 	1.17603768956746e-20 	-3.6658708177034e-19 	5.29846577329237e-21 	4.74697697154823e-38
2 	1.73884798288729 	3.46944695195361e-18 	-0.00427160328801043 	-0.0171114803871961 	-6.68877804588397e-20 	0.306111516266817 	0.0042767241665264 	-3.01412130140371e-19 	1.40133727605757e-18 	-1.5569399277909e-20 	-1.58767145679821e-37
2 	1.81031024557649 	1.04083408558608e-17 	-0.00620700221251497 	-0.0165488893604332 	2.8448993978456e-19 	0.281641257336351 	0.0062253143817359 	-2.12275359736464e-19 	5.97606556548762e-18 	-6.92209415178776e-20 	-6.38599637509155e-37
2 	1.88432958819496 	1.56125112837913e-17 	-0.00777466406399892 	-0.015965032708471 	1.47299058309891e-18 	0.255522117343845 	0.00776612437821141 	-6.04788661363351e-19 	1.74180135185641e-18 	-1.78345923771314e-20 	-2.98794304063292e-37
2 	1.96099472176253 	2.08166817117217e-17 	-0.00886801456078117 	-0.0153233022031253 	2.47591469935609e-19 	0.228595277775768 	0.00891044302400192 	4.35143359286557e-19 	1.76062900798566e-17 	-1.8237700715178e-19 	-3.04720936843646e-36
2 	2.020240096 	2.08166817117217e-17 	-0.00942457198729985 	-0.0147921477665546 	5.28198480385403e-20 	0.206661719324627 	0.00924118694550266 	2.41049383436398e-18 	1.04474240361243e-18 	-1.08249461478934e-20 	-1.80805541523807e-37
2 	2.060005036 	2.08166817117217e-17 	-0.00962417764566696 	-0.0144054864174324 	0 	0.191964081086245 	0.00975128303619912 	1.32662873913936e-19 	0 	0 	0
2 	2.0983647475 	2.42861286636753e-17 	-0.0097025470190576 	-0.0140211555046849 	0 	0.178353283908031 	0.00969181635094341 	0 	0 	0 	0
2 	2.135368889 	2.42861286636753e-17 	-0.00970483635091097 	-0.0136290470653534 	0 	0.165432437598752 	0.00970045613511015 	0 	0 	0 	0
2 	2.171065364 	2.08166817117217e-17 	-0.00965358645507144 	-0.013233026998398 	0 	0.153164395309602 	0.00965414432824464 	0 	0 	0 	0
2 	2.205500383 	1.73472347597681e-17 	-0.00956613642770898 	-0.0128357583114834 	0 	0.141473786652907 	0.00956630606838364 	0 	0 	0 	0
2 	2.2387185245 	2.08166817117217e-17 	-0.0094559513319981 	-0.0124393631854707 	0 	0.130275188742845 	0.00945589886562662 	0 	0 	0 	0
2 	2.270762791 	2.08166817117217e-17 	-0.00933348666326413 	-0.0120456388795609 	0 	0.119476903007883 	0.00933344967734002 	0 	0 	0 	0
2 	2.3016746645 	1.73472347597681e-17 	-0.00920679417664128 	-0.0116560984955059 	0 	0.108982841588911 	0.00920677035395415 	0 	0 	0 	0
2 	2.3314941625 	1.73472347597681e-17 	-0.00908197409859827 	-0.0112720013440085 	0 	0.0986932136779333 	0.00908195537084903 	0 	0 	0 	0
2 	2.360259888 	1.04083408558608e-17 	-0.00896353325478825 	-0.0108943772411412 	0 	0.0885044963981459 	0.00896351979473133 	0 	0 	0 	0
2 	2.3880090795 	3.46944695195361e-18 	-0.00885468200944912 	-0.0105240468072646 	0 	0.0783089442709827 	0.00885467325789948 	0 	0 	0 	0
2 	2.4147776595 	0 	-0.00875758590188908 	-0.0101616414607165 	0 	0.0679937699560084 	0.00875758062783405 	0 	0 	0 	0
2 	2.440600281 	-3.46944695195361e-18 	-0.00867357893650749 	-0.00980762409528077 	0 	0.057440076464885 	0.008673575983819 	0 	0 	0 	0
2 	2.465510373 	-3.46944695195361e-18 	-0.00860334183423442 	-0.00946231002570539 	0 	0.0465216045159289 	0.00860334026538419 	0 	0 	0 	0
2 	2.4895401825 	-6.93889390390723e-18 	-0.00854704761607787 	-0.00912588747166685 	0 	0.035103362037172 	0.00854704671964566 	0 	0 	0 	0
2 	2.5127208175 	-1.04083408558608e-17 	-0.00850447704904414 	-0.00879843683129743 	0 	0.023040214575061 	0.00850447632671954 	0 	0 	0 	0
2 	2.5350822865 	-6.93889390390723e-18 	-0.00847510700055409 	-0.00847994827540331 	0 	0.0101755388197821 	0.00847510614066232 	0 	0 	0 	0
2 	2.5566535375 	-3.46944695195361e-18 	-0.00845817525730531 	-0.00817033733650608 	0 	-0.00365993490385273 	0.00845817409905572 	0 	0 	0 	0
2 	2.5774624955 	-3.46944695195361e-18 	-0.00845272589585448 	-0.00786945838272796 	0 	-0.0186489354584329 	0.00845272438835806 	0 	0 	0 	0
2 	2.5975360985 	-6.93889390390723e-18 	-0.00845763987972066 	-0.00757711598765586 	0 	-0.0349879376923341 	0.00845763803556935 	0 	0 	0 	0
2 	2.616900333 	-1.04083408558608e-17 	-0.00847165631759017 	-0.00729307427736572 	0 	-0.0528867258736846 	0.00847165416260869 	0 	0 	0 	0
2 	2.6355802665 	-1.21430643318376e-17 	-0.0084933907851064 	-0.0070170644137653 	0 	-0.0725670409811216 	0.00849338830072651 	0 	0 	0 	0
2 	2.6536000815 	-1.38777878078145e-17 	-0.00852135826055508 	-0.00674879032649495 	0 	-0.0942601667616824 	0.00852135532382418 	0 	0 	0 	0
2 	2.670983106 	-1.38777878078145e-17 	-0.00855400936699434 	-0.00648793292086633 	0 	-0.118203400897673 	0.00855400570687499 	0 	0 	0 	0
2 	2.687751842 	-1.56125112837913e-17 	-0.00858978944069601 	-0.0062341529375372 	0 	-0.144635529573067 	0.00858978460789831 	0 	0 	0 	0
2 	2.703927998 	-1.21430643318376e-17 	-0.00862722999636132 	-0.00598709262500673 	0 	-0.173791668619502 	0.00862722337574035 	0 	0 	0 	0
2 	2.719532515 	-5.20417042793042e-18 	-0.00866508083920089 	-0.00574637661342847 	0 	-0.205898115733105 	0.00866507173722271 	0 	0 	0 	0
2 	2.7345855935 	-3.46944695195361e-18 	-0.00870248801669651 	-0.00551161224542531 	0 	-0.241168195765285 	0.00870247581912369 	0 	0 	0 	0
2 	2.749106721 	-3.46944695195361e-18 	-0.00873921773183439 	-0.00528238976146508 	0 	-0.27980034440041 	0.00873920215349489 	0 	0 	0 	0
2 	2.7631146955 	-3.46944695195361e-18 	-0.00877591963488963 	-0.00505828284226868 	0 	-0.321979820156868 	0.00877590104610492 	0 	0 	0 	0
2 	2.7766276505 	-1.04083408558608e-17 	-0.00881441551487667 	-0.00483884991542701 	0 	-0.3678854033032 	0.00881439529654692 	0 	0 	0 	0
2 	2.7896630795 	-1.73472347597681e-17 	-0.00885799270738037 	-0.00462363669712722 	0 	-0.417702164119026 	0.00885797359917805 	0 	0 	0 	0
2 	2.8022378575 	-1.73472347597681e-17 	-0.0089116770947384 	-0.00441218037943866 	0 	-0.471640916355715 	0.00891166347485602 	0 	0 	0 	0
2 	2.814368263 	-1.73472347597681e-17 	-0.00898245952746555 	-0.00420401568841733 	0 	-0.529964442422114 	0.0089824575570283 	0 	0 	0 	0
2 	2.82607 	-2.08166817117217e-17 	-0.00907945200999969 	-0.00399868294813226 	0 	-0.593020072125773 	0.0090794696156967 	0 	0 	0 	0
2 	2.8373582165 	-2.77555756156289e-17 	-0.00921395518037151 	-0.00379573819628833 	0 	-0.661277898465005 	0.00921400183046415 	0 	0 	0 	0
2 	2.848247526 	-3.12250225675825e-17 	-0.00939942475347886 	-0.00359476518237872 	0 	-0.735373954253173 	0.00939951101683378 	0 	0 	0 	0
2 	2.858752025 	-3.12250225675825e-17 	-0.00965132932393373 	-0.0033953892194106 	0 	-0.816157951443755 	0.00965146623821365 	0 	0 	0 	0
2 	2.8688853115 	-2.77555756156289e-17 	-0.00998689337985827 	-0.00319729277251528 	0 	-0.904745830166476 	0.00998709176158074 	0 	0 	0 	0
2 	2.878660504 	-2.42861286636753e-17 	-0.0104247159492285 	-0.00300023291025488 	0 	-1.00257809731934 	0.0104249847565008 	0 	0 	0 	0
2 	2.8880902575 	-2.77555756156289e-17 	-0.01098424535012 	-0.00280406163844782 	0 	-1.11148573973349 	0.010984584815376 	0 	0 	0 	0
2 	2.897186779 	-3.12250225675825e-17 	-0.0116850728542019 	-0.00260875196902031 	0 	-1.23376631891327 	0.0116854729371189 	0 	0 	0 	0
2 	2.9059618435 	-3.12250225675825e-17 	-0.0125459779397435 	-0.00241442841391953 	0 	-1.37227361288594 	0.0125465243274056 	0 	0 	0 	0
2 	2.9144268115 	-2.77555756156289e-17 	-0.0135836043647184 	-0.00222137953349975 	0 	-1.53052478817977 	0.0135846441995754 	0 	0 	0 	0
2 	2.9225926415 	-2.08166817117217e-17 	-0.014810541334583 	-0.00203011070816229 	0 	-1.71282971291009 	0.0148103260033641 	0 	0 	0 	0
2 	2.930469904 	-1.73472347597681e-17 	-0.0162324679191384 	-0.00184199686844257 	0 	-1.92452156379102 	0.0162240627156486 	0 	0 	0 	0
2 	2.938068797 	-1.73472347597681e-17 	-0.0178619042458053 	-0.00165972604527099 	0 	-2.1729865540836 	0.0178586684267234 	0 	0 	0 	0
2 	2.9453991575 	-1.73472347597681e-17 	-0.0198341914885257 	-0.00147358992093492 	0 	-2.47353310495821 	0.0198580714399314 	0 	0 	0 	0
2 	2.952470475 	-1.73472347597681e-17 	-0.0223765899268968 	-0.00128656183060871 	0 	-2.8477195122018 	0.0223905632873336 	0 	0 	0 	0
2 	2.9592919035 	-1.73472347597681e-17 	-0.0254578819741543 	-0.00109540115958217 	0 	-3.31010088018585 	0.0254443886789318 	0 	0 	0 	0
2 	2.9658722735 	-1.73472347597681e-17 	-0.0287939463528564 	-0.000913915426063011 	0 	-3.87123047103516 	0.0287843633363007 	0 	0 	0 	0
2 	2.9722201045 	-1.73472347597681e-17 	-0.0321362986448363 	-0.000745919547587797 	0 	-4.54758378004965 	0.0321301544108905 	0 	0 	0 	0
2 	2.9783436135 	-2.08166817117217e-17 	-0.0352696603173666 	-0.00059369041683851 	0 	-5.36250262945097 	0.0352640786271677 	0 	0 	0 	0
2 	2.984250727 	-2.42861286636753e-17 	-0.0379903104758019 	-0.000459751567438489 	0 	-6.34846370922565 	0.0379806044153506 	0 	0 	0 	0
2 	2.9899490925 	-2.42861286636753e-17 	-0.0400974455983676 	-0.000345900028531188 	0 	-7.55185344128716 	0.040082717017963 	0 	0 	0 	0
2 	2.9954460875 	-2.42861286636753e-17 	-0.0413997176438254 	-0.000252666386922211 	0 	-9.03475662925241 	0.0413850845632268 	0 	0 	0 	0
2 	3.0007488275 	-2.42861286636753e-17 	-0.0417196257384993 	-0.000179284724761063 	0 	-10.8706130972877 	0.041702575539235 	0 	0 	0 	0
2 	3.005864177 	-2.42861286636753e-17 	-0.0409229006331065 	-0.000123791809974961 	0 	-13.1462021213213 	0.0408968196789533 	0 	0 	0 	0
2 	3.0107987585 	-2.08166817117217e-17 	-0.0390256508467176 	-8.17261436699458e-05 	0 	-15.9743905741432 	0.0390122377423593 	0 	0 	0 	0
2 	3.01555896 	-1.73472347597681e-17 	-0.0359005512526367 	-4.92540733783051e-05 	0 	-19.2184020004091 	0.036013581519852 	0 	0 	0 	0
2 	3.020150944 	-1.73472347597681e-17 	-0.0310551681420178 	-2.50426743199548e-05 	0 	-22.0747302394921 	0.0311995146097575 	0 	0 	0 	0
2 	3.0245806545 	-1.38777878078145e-17 	-0.0242301066319315 	-9.84204678954707e-06 	0 	-23.7288602663564 	0.0240886674778013 	0 	0 	0 	0
2 	3.028853826 	-1.04083408558608e-17 	-0.0156305186266471 	-2.34628065207962e-06 	0 	-24.2992228513034 	0.0153069547029187 	0 	0 	0 	0
2 	3.0329759905 	-6.93889390390723e-18 	-0.00654857690070723 	-2.66639568892556e-08 	0 	-24.4025269262414 	0.00612065196278981 	0 	0 	0 	0
