5 	0.003911129678 	0 	0.0234855962527377 	-8.59068422037383e-05 	1.78169541072658e-20 	-8.31275495427507 	-0.0215176299884994 	-1.17609252620642e-21 	1.26499758983365e-21 	3.57007326487862e-24 	-1.34780560621164e-42
5 	0.011876665168 	3.46944695195361e-18 	0.0490309577290461 	-2.83831288792407e-05 	8.81451317162265e-20 	-4.50648621780027 	-0.0482918189977941 	-1.57953708055335e-18 	-1.43278842434247e-22 	-1.41213772232745e-23 	-2.93650095292006e-40
5 	0.02013400155 	1.56125112837913e-17 	0.0658649829373058 	-2.26926880013313e-05 	-1.54095690983437e-20 	-1.47891878926925 	-0.0681542386366618 	-2.22479570804077e-19 	-4.66484447177444e-20 	-3.70196982459697e-22 	-5.17303064804053e-39
5 	0.028693828345 	1.56125112837913e-17 	0.0726423384390632 	-1.27619858662812e-05 	-1.22222543305127e-20 	-0.135184414120789 	-0.0724738804211887 	1.4616064352351e-18 	-2.61939247900481e-21 	-2.09107211261257e-23 	-2.86742539719458e-40
5 	0.03756722666 	1.56125112837913e-17 	0.0754298385687369 	6.50287404387851e-06 	1.15769412283787e-20 	0.235080290921877 	-0.0744306088674124 	2.17927048097506e-19 	1.17863852292302e-24 	3.02740634136818e-26 	-5.73502215330972e-47
5 	0.04676568354 	2.25514051876985e-17 	0.0768191877552979 	2.88758573130533e-05 	4.49465837722247e-20 	0.326550236622494 	-0.0763601810517716 	-1.23406085974042e-20 	1.95946165509936e-20 	5.03299911291141e-22 	-9.53435322365789e-43
5 	0.056301106835 	2.42861286636753e-17 	0.0776126700325181 	5.34299462444424e-05 	6.45160403595568e-21 	0.353420843008311 	-0.0774893326829977 	-2.38211545607531e-19 	-4.13278049169478e-21 	-1.73757321158318e-22 	3.36467133811056e-44
5 	0.06618584061 	2.25514051876985e-17 	0.0780937698172408 	8.01757872556862e-05 	1.6521912049761e-20 	0.3625773902652 	-0.0780575618656522 	-6.91976533411721e-20 	-2.45042729646145e-20 	-1.07418842313018e-21 	5.72930818038513e-43
5 	0.07643268113 	2.25514051876985e-17 	0.0783852242915497 	0.00010907159197884 	-1.27384086723704e-20 	0.36605051491043 	-0.0783683198290001 	1.00809963827892e-19 	-2.22049281595857e-20 	-1.1238633732199e-21 	-2.30405194656554e-43
5 	0.087054893425 	2.08166817117217e-17 	0.0785487438247816 	0.000140125707670037 	-1.15757476659966e-20 	0.367729475897858 	-0.0785395830873238 	1.90828250248153e-19 	-7.1353727262982e-22 	2.24391419608288e-23 	7.09603165077885e-44
5 	0.098066228435 	1.56125112837913e-17 	0.0786186526710515 	0.000173422885166702 	-1.27414221324728e-20 	0.369092173437536 	-0.0786136480429093 	1.8741332478779e-19 	3.47543920269788e-20 	2.87941224932751e-21 	1.49775300374823e-41
5 	0.1094809409 	1.56125112837913e-17 	0.0786153598014234 	0.000209103751396531 	-1.59999891447142e-20 	0.370762560616113 	-0.0786124779219395 	-8.9611614120261e-20 	6.21274143738099e-20 	5.68711694168352e-21 	-6.95781418134442e-40
5 	0.12131380775 	1.38777878078145e-17 	0.0785514970077582 	0.000247354538937645 	-1.04384941016154e-20 	0.373023408795379 	-0.0785497254070187 	-1.71627474346316e-19 	4.19674201447695e-21 	3.82262310423944e-22 	1.3825498403947e-41
5 	0.13358014715 	1.04083408558608e-17 	0.078434999792622 	0.000288404946304013 	1.00961267655599e-20 	0.376010102385125 	-0.0784338569288685 	5.38393720094441e-20 	1.96325736309316e-21 	3.11399645680864e-22 	2.80497216694029e-44
5 	0.1462958385 	0 	0.0782707703560135 	0.000332531167052727 	-6.00257090164714e-21 	0.379791563283561 	-0.0782700048526875 	4.68962861730996e-20 	2.25780033412257e-20 	3.58119927118235e-21 	3.22557366834349e-43
5 	0.15947734285 	-8.67361737988404e-18 	0.0780616267125866 	0.000380059021869121 	9.96617901420306e-21 	0.384406626737898 	-0.0780610964166181 	-1.20729256351011e-19 	1.86200163898127e-20 	3.14293632595507e-21 	3.02377320502232e-41
5 	0.1731417243 	-8.67361737988404e-18 	0.077808864414728 	0.000431370821956335 	1.50680743024772e-21 	0.38988121279279 	-0.07780848424576 	-2.56736464364465e-20 	-2.1931750161198e-20 	-4.40904966894839e-21 	-2.6760387672476e-40
5 	0.18730667205 	-1.21430643318376e-17 	0.0775125963091124 	0.000486911589075691 	3.58672047282295e-20 	0.396236719930785 	-0.077512315221071 	4.719276671347e-20 	8.43011431064227e-21 	2.19066969883473e-21 	2.30104234770588e-40
5 	0.2019905233 	-1.04083408558608e-17 	0.0771719588065724 	0.000547197890688846 	1.11281439008041e-20 	0.403494176458038 	-0.0771717446627877 	-2.67409245161331e-20 	-4.32987622145218e-21 	-1.06267256198099e-21 	-7.69100638707469e-41
5 	0.21721228705 	-1.04083408558608e-17 	0.0767852305206581 	0.000612827591201533 	1.34198252668232e-21 	0.41167618034946 	-0.0767850624423712 	1.78969154980137e-20 	-3.7627655561966e-22 	2.81728467058438e-23 	-2.80264838765256e-42
5 	0.23299166855 	-1.04083408558608e-17 	0.0763498945100108 	0.000684490899243724 	9.35516084542637e-21 	0.420807743229831 	-0.0763497591784686 	4.12081997384252e-21 	1.93556441092122e-21 	7.53747863644257e-22 	4.30042410911404e-41
5 	0.249349095 	-6.93889390390723e-18 	0.0758626579290632 	0.000762982822158396 	-1.7023199266753e-20 	0.430916436953457 	-0.075862546969642 	-7.32088043948425e-20 	9.52073004679756e-22 	3.70383305198478e-22 	2.11722955424688e-41
5 	0.26630574195 	-1.21430643318376e-17 	0.0753194407163739 	0.000849216928814372 	-1.93980634522744e-20 	0.442032167655646 	-0.0753193485315843 	-1.10173149571189e-20 	-1.10839825858374e-20 	-9.12028691646652e-21 	9.33760160646027e-43
5 	0.2838835605 	-2.25514051876985e-17 	0.074715338282529 	0.000944241588590885 	-4.20953199461689e-21 	0.454186640553379 	-0.0747152530501008 	-2.39752592202153e-21 	-4.93549250823506e-22 	-8.09459418177883e-22 	6.83181205552477e-41
5 	0.302105306 	-2.94902990916057e-17 	0.0740445610613221 	0.00104925589108623 	-7.67587575201352e-21 	0.467412602931313 	-0.0740444614765017 	7.37619414150248e-21 	-4.66040327457622e-21 	-1.06576266225718e-20 	-6.32022108322098e-40
5 	0.3209945674 	-2.77555756156289e-17 	0.0733003434584899 	0.00116561997217495 	-3.87868942807153e-20 	0.481742760837555 	-0.0733002409605558 	7.14609808654977e-20 	-3.41859488196589e-21 	7.65085818171567e-22 	1.82149585731479e-39
5 	0.34057579775 	-3.29597460435593e-17 	0.0724748612077201 	0.00129488014276651 	-2.79195221730689e-21 	0.497208701201458 	-0.0724747800871917 	6.29952894063494e-20 	-5.69807070056642e-22 	7.72695706723808e-22 	-5.46950385700489e-41
5 	0.36087434595 	-4.68375338513738e-17 	0.0715591317719359 	0.00143879174605832 	3.39444060822548e-20 	0.513839325117974 	-0.0715590504631787 	6.93513225023319e-20 	-1.36975984447004e-20 	1.25436824721587e-20 	-1.90935659945789e-39
5 	0.3819164894 	-5.03069808033274e-17 	0.0705428409116513 	0.00159932167436596 	-1.33409932618378e-20 	0.531658826294144 	-0.0705427502998908 	-6.37678934951568e-20 	-2.07363329656763e-20 	1.35855494037181e-20 	-3.41075572019588e-40
5 	0.4037294682 	-4.33680868994202e-17 	0.0694142120383245 	0.00177867038539314 	2.0308985266112e-20 	0.55068441899207 	-0.0694142147762755 	3.22883154436781e-20 	-3.71926111871824e-23 	-3.76892155518474e-23 	-1.05986684744202e-40
5 	0.4263415203 	-3.81639164714898e-17 	0.0681598587980117 	0.00197927696213991 	4.0271233465172e-20 	0.570923532922875 	-0.0681599263195663 	-1.29849386018781e-19 	-3.86833052144432e-20 	2.17816956455238e-20 	-1.78735943308958e-40
5.00000000000001 	0.44978191805 	-3.64291929955129e-17 	0.0667646483331833 	0.0022037583730786 	-1.2943619482295e-21 	0.59237028490873 	-0.0667629222711889 	-2.38734378078632e-19 	6.76370792650028e-20 	-2.92900763101655e-20 	-3.56630952451727e-39
5.00000000000001 	0.4740810062 	-3.29597460435593e-17 	0.0652115970039406 	0.00245490328645374 	-7.34492920184007e-21 	0.615001274121255 	-0.0652062675270852 	1.13249615299618e-19 	7.73835035117138e-20 	-2.98385934859626e-20 	-3.53226028278883e-39
5.00000000000001 	0.499270241150001 	-3.29597460435593e-17 	0.0634818083578539 	0.00273666460538709 	-3.01505552046353e-21 	0.638772677477246 	-0.0634997069720457 	-3.42589517452414e-22 	8.60442772059826e-21 	-2.93406592904115e-21 	-1.72445759916954e-40
5.00000000000001 	0.525382231500001 	-3.55618312575245e-17 	0.0615542672646177 	0.00305493270732471 	4.33195177998054e-20 	0.66371535298409 	-0.0616542426183746 	1.00736127956147e-19 	1.0068528737654e-19 	-3.09644671490952e-20 	-3.32086032822584e-40
5.00000000000001 	0.552450780500001 	-3.81639164714898e-17 	0.0593742600078318 	0.00340225732347898 	8.96198667595112e-20 	0.691049768725152 	-0.0593222846033537 	2.32715027117208e-19 	-8.08807433061162e-20 	2.32589579779333e-20 	2.39517499287941e-39
5.00000000000001 	0.580510929800001 	-4.0766001685455e-17 	0.0565520040185324 	0.00377723509981789 	1.43503356289958e-20 	0.726908048140294 	-0.0563570839884124 	8.19246793718287e-21 	-9.97175907241821e-20 	2.51050263305227e-20 	-4.64503566162301e-40
5.00000000000001 	0.609599004550001 	-4.0766001685455e-17 	0.05283026126995 	0.00419531733074719 	1.92532587327053e-19 	0.776692667979788 	-0.0528367285822956 	-2.37118583104445e-19 	-1.0265810515257e-19 	2.46865658602398e-20 	2.88779903718626e-39
5.00000000000001 	0.639752660600001 	-3.81639164714898e-17 	0.0484660395417539 	0.00463825696726858 	9.65823208779574e-20 	0.833403937905579 	-0.048570768571693 	-3.57547892249883e-19 	1.54643350214989e-19 	-3.40953943059836e-20 	-3.08571053483368e-39
5.00000000000001 	0.671010933350001 	-3.98986399474666e-17 	0.0437094469843838 	0.00514440490805724 	-6.32823646485432e-20 	0.885203569223575 	-0.0437561596955459 	3.99747771363798e-19 	2.99111419782596e-19 	-6.03247300820685e-20 	-6.09769104033745e-39
5.00000000000001 	0.703414288200001 	-3.98986399474666e-17 	0.0387195873576959 	0.00571398706047656 	-1.10105659935224e-19 	0.926609985505209 	-0.0387244194143887 	2.60762485678635e-19 	-3.50457689217379e-19 	6.2456163717193e-20 	1.2081134241414e-40
5.00000000000001 	0.737004672850001 	-3.55618312575245e-17 	0.0335330057409467 	0.00632835376579471 	1.88344661816785e-21 	0.957268863383662 	-0.0335218441523439 	-2.85967201897637e-19 	1.70185626947079e-21 	3.47170482536488e-24 	-2.21447065723461e-43
5.00000000000001 	0.771825571650001 	-3.20923843055709e-17 	0.0281091591897461 	0.00696540621115552 	1.27497451779113e-19 	0.978939269025081 	-0.0280956210735047 	2.5215001331698e-19 	2.44476638786203e-20 	-3.79418063835302e-21 	7.65530529016512e-42
5.00000000000001 	0.807922061950001 	-3.29597460435593e-17 	0.022410339903953 	0.00760653057059805 	1.40480781359686e-19 	0.993048308916164 	-0.0224012185606889 	2.57012109529588e-20 	-4.23020439272192e-19 	5.90761630557408e-20 	1.19562776154313e-40
5.00000000000001 	0.845340872400001 	-3.64291929955129e-17 	0.0164588440339433 	0.00823798991391127 	7.92720306113557e-21 	0.999616883021168 	-0.0164557685016812 	3.71883718916249e-21 	-4.29767612461492e-24 	6.52907946459064e-26 	-3.96178053369701e-46
5.00000000000001 	0.884130443450001 	-4.03323208164608e-17 	0.0103537456820017 	0.00884931315553814 	-1.35094459130974e-19 	0.997383812368681 	-0.0103551353883688 	1.19110079525488e-20 	-5.10502850517622e-19 	6.04823450529917e-20 	1.04668649853272e-40
5.00000000000001 	0.924340990050001 	-4.81385764583564e-17 	0.00425717716529864 	0.00943099662014968 	-2.8586230034794e-19 	0.984549100808703 	-0.00426064561674501 	-5.06381895362778e-19 	-1.11884940801422e-20 	1.14115168012878e-21 	-5.21489441502912e-40
5.00000000000001 	0.966024566750001 	-4.85722573273506e-17 	-0.00163273792000094 	0.00997282541733436 	-2.9003257098068e-19 	0.959623415181053 	0.00162890882579126 	-4.96128486984764e-19 	5.78280602414449e-19 	-5.80827313933763e-20 	1.30467591204707e-38
5.00000000000001 	1.00923513475 	-3.8597597340484e-17 	-0.00710927218954787 	0.010463357156733 	1.42790763842278e-19 	0.922090709687623 	0.00710582621615913 	1.18190858294983e-18 	1.23133862875976e-18 	-1.12858331609498e-19 	-6.43081666341804e-40
5.00000000000001 	1.0540286325 	-3.53449908230274e-17 	-0.0119803550438492 	0.0108907065708508 	-1.19227331625708e-19 	0.872779231833339 	0.0119772422044523 	5.16930913320806e-19 	-2.66533713169537e-18 	2.27650526534308e-19 	-1.29383597149142e-37
5.00000000000001 	1.1004630475 	-3.83807569059869e-17 	-0.0160902478836474 	0.011244390620011 	2.87784596218741e-19 	0.813921507895409 	0.0160866341520559 	-5.13915775301735e-19 	-8.07118265736805e-21 	2.36888090366987e-21 	4.93374955728225e-38
5.00000000000001 	1.148598491 	-3.55618312575245e-17 	-0.0193435010630612 	0.0115176841575011 	-2.71884273947022e-19 	0.748885248230712 	0.0193395568126401 	1.49491493524595e-20 	-1.45950850652887e-18 	1.06280035593294e-19 	-9.25747841353006e-41
5.00000000000001 	1.1984972765 	-3.5453411040276e-17 	-0.0217309758177826 	0.0117097180860691 	1.18785451151017e-24 	0.681583046280163 	0.0217285219745441 	-4.3252109126025e-19 	-7.20708191138552e-21 	4.96406727138043e-22 	-2.23635118691382e-43
5.00000000000001 	1.250224001 	-3.63207727782644e-17 	-0.0233403155586147 	0.0118247014092306 	-2.62174148611238e-19 	0.615796549224973 	0.0233391927840558 	3.55882716431851e-19 	-7.22707143281036e-22 	4.33375269300706e-23 	-1.7945337597197e-41
5.00000000000001 	1.303845627 	-2.77555756156289e-17 	-0.0243315158087348 	0.0118695630476808 	1.43359943361281e-21 	0.554633210684154 	0.0243294523396808 	-3.10914556432608e-19 	-1.54008067867122e-18 	9.23516954916795e-20 	-3.82409013042643e-38
5.00000000000001 	1.3594315695 	-2.42861286636753e-17 	-0.0248987923510819 	0.0118509727857462 	2.3042170537963e-19 	0.499813521807596 	0.0248998380343379 	-4.2342663915097e-20 	1.47289847243235e-18 	-8.11842251668536e-20 	2.16293924100141e-39
5 	1.417053788 	-3.12250225675825e-17 	-0.0252123865734632 	0.0117697439662309 	-4.45380090291714e-19 	0.451648316005279 	0.025208820335235 	3.05959990009962e-19 	-1.50799367212889e-18 	7.61662324145892e-20 	3.70305937056912e-38
5 	1.4767868775 	-2.42861286636753e-17 	-0.0254284940997917 	0.0116538618535779 	3.7446841877422e-19 	0.409509314065149 	0.0253908822080636 	-5.08306668115411e-19 	-7.91578904862606e-20 	3.78923988744453e-21 	4.67118545762976e-39
5 	1.538708165 	-1.73472347597681e-17 	-0.0257024435493502 	0.0113783401339019 	-1.91865673005772e-19 	0.372519325091255 	0.0257562256103036 	-8.85813953574775e-19 	1.35879535428597e-18 	-6.26401537157566e-20 	-1.73783965678099e-39
5.00000000000001 	1.6028978105 	-2.42861286636753e-17 	-0.0262105826857973 	0.0109885526776959 	3.44278209088546e-19 	0.33941138511763 	0.0262396489037147 	1.730435445768e-19 	5.30177993427939e-18 	-2.26330570174564e-19 	-9.23423296388752e-38
5.00000000000001 	1.6694389105 	-2.42861286636753e-17 	-0.0266029053544589 	0.010519320920111 	-4.84924066061767e-19 	0.308752275620001 	0.0265644065326248 	4.16243983165369e-19 	1.48190367622464e-19 	-7.98147855575545e-21 	1.21044646456613e-37
5 	1.738417606 	-2.08166817117217e-17 	-0.0266353434113214 	0.0101255932117647 	3.26845037658109e-19 	0.280197030218384 	0.0266365533694339 	5.82370637044836e-21 	2.44713714577966e-18 	-8.98193281954898e-20 	1.41672075722438e-39
5 	1.8099231935 	-2.08166817117217e-17 	-0.0265068525597379 	0.00975436583901822 	2.3942116886e-20 	0.254086456381416 	0.0265123351780341 	8.5264088832639e-21 	8.58448279041863e-20 	-9.45064522073335e-22 	2.84337442825044e-42
5 	1.8840482395 	-2.08166817117217e-17 	-0.0263529655331591 	0.00936955061140322 	-2.25123163942235e-19 	0.230230875097364 	0.0263271472858347 	-5.14276024418976e-19 	2.41904834703704e-18 	-7.70450854395671e-20 	-5.26947211446161e-39
5 	1.960888703 	-2.77555756156289e-17 	-0.0262249353805088 	0.00894408627573611 	3.14757580976869e-19 	0.208394756825204 	0.0262605286728485 	4.24390820792219e-19 	4.29336339097902e-18 	-1.25604790022394e-19 	-1.63720198216795e-37
5 	2.020240096 	-3.81639164714898e-17 	-0.0261528292911155 	0.0086127757319052 	4.18489185694165e-20 	0.192474859146502 	0.0261455020962301 	6.33933665922506e-19 	1.18403386135887e-19 	-3.4882797720053e-21 	-6.0632017884023e-39
5 	2.060005036 	-4.85722573273506e-17 	-0.0261100492441131 	0.00836451821955421 	0 	0.181551188008841 	0.0260863499614221 	1.80107256318302e-20 	0 	0 	0
5 	2.0983647475 	-5.55111512312578e-17 	-0.0260736997202801 	0.00812792400022372 	0 	0.171649441900491 	0.0260725347202606 	0 	0 	0 	0
5 	2.135368889 	-5.55111512312578e-17 	-0.0260399772439906 	0.00789492803119163 	0 	0.162195004891515 	0.0260409635701202 	0 	0 	0 	0
5 	2.171065364 	-5.55111512312578e-17 	-0.0260072110595998 	0.00766564366466482 	0 	0.153086554852243 	0.0260072871942188 	0 	0 	0 	0
5 	2.205500383 	-5.55111512312578e-17 	-0.0259743555978308 	0.00744071123743175 	0 	0.144247952859552 	0.0259743368666519 	0 	0 	0 	0
5 	2.2387185245 	-5.55111512312578e-17 	-0.0259408835424581 	0.00722063151592902 	0 	0.135609942787908 	0.0259408903267004 	0 	0 	0 	0
5 	2.270762791 	-5.89805981832114e-17 	-0.0259066836950691 	0.00700577311409647 	0 	0.127107051978655 	0.0259066840431096 	0 	0 	0 	0
5 	2.3016746645 	-6.59194920871187e-17 	-0.0258719689699503 	0.00679640481270418 	0 	0.118675251077952 	0.0258719601918728 	0 	0 	0 	0
5 	2.3314941625 	-6.93889390390723e-17 	-0.025837199393786 	0.00659270626987181 	0 	0.1102500856395 	0.0258371847444205 	0 	0 	0 	0
5 	2.360259888 	-6.93889390390723e-17 	-0.0258030222433183 	0.00639477973832041 	0 	0.101765124524734 	0.0258030033772247 	0 	0 	0 	0
5 	2.3880090795 	-7.28583859910259e-17 	-0.0257702281999544 	0.0062026626290577 	0 	0.0931505935928335 	0.0257702062429076 	0 	0 	0 	0
5 	2.4147776595 	-7.63278329429795e-17 	-0.0257397212072435 	0.00601633921993024 	0 	0.0843320993736584 	0.0257396971632793 	0 	0 	0 	0
5 	2.440600281 	-6.93889390390723e-17 	-0.0257124995707016 	0.00583575111635866 	0 	0.0752293748312204 	0.0257124743283145 	0 	0 	0 	0
5 	2.465510373 	-6.24500451351651e-17 	-0.0256896461088716 	0.00566080639471138 	0 	0.065754998703592 	0.0256896204660511 	0 	0 	0 	0
5.00000000000001 	2.4895401825 	-6.24500451351651e-17 	-0.0256723255800724 	0.00549138747278658 	0 	0.0558130547039899 	0.0256723002849861 	0 	0 	0 	0
5.00000000000001 	2.5127208175 	-6.24500451351651e-17 	-0.0256617880249335 	0.00532735778271779 	0 	0.0452977063968623 	0.0256617638155219 	0 	0 	0 	0
5.00000000000001 	2.5350822865 	-5.89805981832114e-17 	-0.0256593770221988 	0.00516856739326004 	0 	0.034091675115471 	0.0256593546649966 	0 	0 	0 	0
5.00000000000001 	2.5566535375 	-5.55111512312578e-17 	-0.0256665420966951 	0.00501485769484609 	0 	0.022064615065692 	0.0256665224279053 	0 	0 	0 	0
5.00000000000001 	2.5774624955 	-5.89805981832114e-17 	-0.0256848546488677 	0.00486606526565403 	0 	0.00907139006322455 	0.0256848386160159 	0 	0 	0 	0
5.00000000000001 	2.5975360985 	-6.24500451351651e-17 	-0.0257160267615487 	0.00472202501161709 	0 	-0.00504973419456327 	0.0257160154653955 	0 	0 	0 	0
5.00000000000001 	2.616900333 	-6.24500451351651e-17 	-0.0257619320842722 	0.0045825726425098 	0 	-0.0204789572768464 	0.025761926816955 	0 	0 	0 	0
5.00000000000001 	2.6355802665 	-6.24500451351651e-17 	-0.0258246276614042 	0.0044475465331545 	0 	-0.0374168320503081 	0.0258246299359724 	0 	0 	0 	0
5.00000000000001 	2.6536000815 	-6.24500451351651e-17 	-0.0259063750696105 	0.00431678895568157 	0 	-0.0560861257956521 	0.0259063866359495 	0 	0 	0 	0
5.00000000000001 	2.670983106 	-6.24500451351651e-17 	-0.0260096585143395 	0.0041901466874944 	0 	-0.0767335888192973 	0.0260096813474874 	0 	0 	0 	0
5.00000000000001 	2.687751842 	-6.59194920871187e-17 	-0.0261371966344626 	0.00406747093885263 	0 	-0.0996315598193676 	0.026137232890075 	0 	0 	0 	0
5.00000000000001 	2.703927998 	-6.59194920871187e-17 	-0.0262919437719678 	0.00394861650369212 	0 	-0.125079337018239 	0.0262919957003338 	0 	0 	0 	0
5.00000000000001 	2.719532515 	-6.24500451351651e-17 	-0.026477075285855 	0.00383344011401411 	0 	-0.153404232738742 	0.0264771450839986 	0 	0 	0 	0
5.00000000000001 	2.7345855935 	-6.24500451351651e-17 	-0.0266959505318392 	0.00372179789515118 	0 	-0.184962259959496 	0.0266960401504911 	0 	0 	0 	0
5.00000000000001 	2.749106721 	-6.24500451351651e-17 	-0.0269520464781244 	0.00361354188829866 	0 	-0.220138417733582 	0.0269521573700469 	0 	0 	0 	0
5.00000000000001 	2.7631146955 	-5.89805981832114e-17 	-0.027248854758677 	0.0035085156868461 	0 	-0.259346578882078 	0.0272489876022016 	0 	0 	0 	0
5.00000000000001 	2.7766276505 	-5.55111512312578e-17 	-0.0275897359910803 	0.00340654926017523 	0 	-0.303029046940043 	0.0275898904067345 	0 	0 	0 	0
5.00000000000001 	2.7896630795 	-5.55111512312578e-17 	-0.0279777272321157 	0.00330745317391633 	0 	-0.351655904128867 	0.0279779015424486 	0 	0 	0 	0
5.00000000000001 	2.8022378575 	-5.55111512312578e-17 	-0.0284153019248996 	0.00321101250923836 	0 	-0.405724330746726 	0.0284154929869451 	0 	0 	0 	0
5.00000000000001 	2.814368263 	-5.55111512312578e-17 	-0.028904086545838 	0.00311698079826023 	0 	-0.465758164535426 	0.0289042897074845 	0 	0 	0 	0
5.00000000000001 	2.82607 	-5.89805981832114e-17 	-0.0294445437049209 	0.00302507428872806 	0 	-0.532308031437942 	0.0294447526575431 	0 	0 	0 	0
5.00000000000001 	2.8373582165 	-5.89805981832114e-17 	-0.0300356364676935 	0.00293496674048108 	0 	-0.605952462089039 	0.0300358431640597 	0 	0 	0 	0
5.00000000000001 	2.848247526 	-5.20417042793042e-17 	-0.030674492014795 	0.00284628439091193 	0 	-0.687300559626807 	0.0306746908746227 	0 	0 	0 	0
5.00000000000001 	2.858752025 	-4.85722573273506e-17 	-0.0313560802848639 	0.00275859921486039 	0 	-0.776996889893218 	0.0313562736425866 	0 	0 	0 	0
5.00000000000001 	2.8688853115 	-4.5102810375397e-17 	-0.0320729125593134 	0.00267141957180209 	0 	-0.875729497880527 	0.0320730335383338 	0 	0 	0 	0
5 	2.878660504 	-4.16333634234434e-17 	-0.0328147404790711 	0.0025841955971597 	0 	-0.984242038263363 	0.0328145757146408 	0 	0 	0 	0
5 	2.8880902575 	-3.81639164714898e-17 	-0.0335681934988491 	0.00249634498582248 	0 	-1.10335112278492 	0.0335688075287138 	0 	0 	0 	0
5 	2.897186779 	-3.46944695195361e-17 	-0.0343162808646128 	0.00240695535532417 	0 	-1.23401091508572 	0.0343236149730817 	0 	0 	0 	0
5 	2.9059618435 	-2.77555756156289e-17 	-0.0350463913572684 	0.00231407292974427 	0 	-1.37809030778663 	0.0350446745991407 	0 	0 	0 	0
5 	2.9144268115 	-2.08166817117217e-17 	-0.0358116196062149 	0.00222297491989005 	0 	-1.54345579821099 	0.0357919354050148 	0 	0 	0 	0
5 	2.9225926415 	-2.42861286636753e-17 	-0.0366805894177373 	0.00213162132524625 	0 	-1.7399570308343 	0.0366797977394161 	0 	0 	0 	0
5 	2.930469904 	-2.42861286636753e-17 	-0.0375802785768381 	0.00203931943093821 	0 	-1.96540635348277 	0.0375958445995374 	0 	0 	0 	0
5 	2.938068797 	-1.73472347597681e-17 	-0.0383476282046868 	0.00193920201556358 	0 	-2.21125328160726 	0.0383521023860483 	0 	0 	0 	0
5 	2.9453991575 	-1.38777878078145e-17 	-0.0388546469820151 	0.00183109769692067 	0 	-2.47417586496091 	0.0388527155149988 	0 	0 	0 	0
5 	2.952470475 	-1.73472347597681e-17 	-0.039026012928786 	0.00171620481156266 	0 	-2.75563022969345 	0.0390233078708305 	0 	0 	0 	0
5 	2.9592919035 	-2.08166817117217e-17 	-0.0388281972623288 	0.00159547838935966 	0 	-3.06078210434731 	0.0388257655976804 	0 	0 	0 	0
5 	2.9658722735 	-2.08166817117217e-17 	-0.0382505508206391 	0.00146970304347853 	0 	-3.39824867146522 	0.0382479964315689 	0 	0 	0 	0
5 	2.9722201045 	-1.73472347597681e-17 	-0.0372919436319328 	0.00133975921036348 	0 	-3.78076806231707 	0.0372887649763547 	0 	0 	0 	0
5 	2.9783436135 	-1.04083408558608e-17 	-0.0359553858919377 	0.00120671459315184 	0 	-4.22698584884804 	0.0359510842975562 	0 	0 	0 	0
5 	2.984250727 	-6.93889390390723e-18 	-0.0342474041957883 	0.00107178913696348 	0 	-4.76478722142853 	0.0342413801328164 	0 	0 	0 	0
5 	2.9899490925 	-3.46944695195361e-18 	-0.0321788907000392 	0.000936298772685639 	0 	-5.43706102545463 	0.0321704639145059 	0 	0 	0 	0
5 	2.9954460875 	-3.46944695195361e-18 	-0.0297658807179639 	0.000801633636041153 	0 	-6.31159016758626 	0.0297549618825737 	0 	0 	0 	0
5 	3.0007488275 	-6.93889390390723e-18 	-0.0270302530283812 	0.000669276092471653 	0 	-7.49822134517104 	0.0270191374050464 	0 	0 	0 	0
5 	3.005864177 	-6.93889390390723e-18 	-0.0240010024831004 	0.000540848939843095 	0 	-9.17927186240715 	0.0239910956682653 	0 	0 	0 	0
5 	3.0107987585 	-1.04083408558608e-17 	-0.0207161357452232 	0.000418274115738787 	0 	-11.6671551892668 	0.0206909299450506 	0 	0 	0 	0
5 	3.01555896 	-2.08166817117217e-17 	-0.0172322068379112 	0.000304139745871019 	0 	-15.4944653754319 	0.0172877941372457 	0 	0 	0 	0
5 	3.020150944 	-2.77555756156289e-17 	-0.0136662157106158 	0.000200263039838623 	0 	-21.0823224005887 	0.0138050698118207 	0 	0 	0 	0
5 	3.0245806545 	-2.77555756156289e-17 	-0.00980440385180899 	0.000109260564658988 	0 	-27.0628195281578 	0.00979263782626036 	0 	0 	0 	0
5 	3.028853826 	-3.12250225675825e-17 	-0.0053024031108424 	4.09809153883519e-05 	0 	-30.4884650047738 	0.00522110072101453 	0 	0 	0 	0
