5 	0.003911129678 	0 	1.12909175767373 	0.000114366841890248 	441.229893163828 	1.2270199704543e-06 	2.60387133134547e-05 	6.16547258310445e-38
5 	0.011876665168 	3.46944695195361e-18 	1.12908481182863 	0.00104460932681925 	127.823653839263 	2.39401807896203e-05 	0.000162230480555825 	6.12736242523631e-38
5 	0.02013400155 	1.56125112837913e-17 	1.12906356858494 	0.00366996602305604 	32.6169687265991 	0.00016164391784566 	0.000175848660670368 	6.08783574455191e-38
5 	0.028693828345 	1.56125112837913e-17 	1.12901527716195 	0.00660142701696939 	14.9858832999229 	0.000501534308821719 	4.55464378695114e-05 	6.04683921523239e-38
5 	0.03756722666 	1.56125112837913e-17 	1.12893726424216 	0.00902319008685878 	9.42315842906946 	0.00100955124844199 	9.65437654158962e-05 	6.00431738888544e-38
5 	0.04676568354 	2.25514051876985e-17 	1.12883848679766 	0.0110042437882514 	6.93184866853479 	0.00162978564744591 	0.000218143883305402 	5.96021260253194e-38
5 	0.056301106835 	2.42861286636753e-17 	1.12872633649189 	0.0127055544039261 	5.54126487547754 	0.00232788383932143 	0.000349073683039463 	5.91446488550169e-38
5 	0.06618584061 	2.25514051876985e-17 	1.12860424725627 	0.0142254328583633 	4.65721063945546 	0.00308398017702622 	0.000481690341501533 	5.86701201721761e-38
5 	0.07643268113 	2.25514051876985e-17 	1.12847421958469 	0.0156214968071096 	4.04730562885325 	0.00388489941232771 	0.000616725514373352 	5.81778943067576e-38
5 	0.087054893425 	2.08166817117217e-17 	1.12833790294373 	0.0169297529285051 	3.60281340322746 	0.00472069462571048 	0.000755593919437747 	5.76672988731554e-38
5 	0.098066228435 	1.56125112837913e-17 	1.12819672233419 	0.0181742285674353 	3.26614390561956 	0.00558313110935216 	0.000899583412859404 	5.71376338090533e-38
5 	0.1094809409 	1.56125112837913e-17 	1.12805192724226 	0.0193718669786519 	3.00394561451212 	0.00646495997578158 	0.00104985019181493 	5.65881733696901e-38
5 	0.12131380775 	1.38777878078145e-17 	1.12790465476795 	0.0205351713686427 	2.79556425628162 	0.00735954182325809 	0.00120747994095529 	5.60181643391133e-38
5 	0.13358014715 	1.04083408558608e-17 	1.12775596918061 	0.0216737224119343 	2.62752671011282 	0.00826064232381614 	0.00137353859332224 	5.54268207798125e-38
5 	0.1462958385 	0 	1.12760688166129 	0.0227950955569604 	2.49067456014492 	0.00916232025066954 	0.00154911062967661 	5.48133264465224e-38
5 	0.15947734285 	-8.67361737988404e-18 	1.12745836054731 	0.0239054392043858 	2.37857203506828 	0.0100588691056525 	0.00173532797511829 	5.41768336486521e-38
5 	0.1731417243 	-8.67361737988404e-18 	1.12731133637635 	0.0250098509409169 	2.28657248819331 	0.0109447918374118 	0.00193339181865683 	5.35164590075408e-38
5 	0.18730667205 	-1.21430643318376e-17 	1.1271667034161 	0.0261126275404968 	2.21124578638039 	0.0118147969272799 	0.00214458974197069 	5.28312862442566e-38
5 	0.2019905233 	-1.04083408558608e-17 	1.12702531885017 	0.0272174323286874 	2.15001341551821 	0.0126638086847118 	0.00237030935391918 	5.21203603884103e-38
5 	0.21721228705 	-1.04083408558608e-17 	1.12688800042989 	0.0283274058132258 	2.10090818090789 	0.013486987011893 	0.00261204821995817 	5.13826875340216e-38
5 	0.23299166855 	-1.04083408558608e-17 	1.12675552321097 	0.0294452353139156 	2.06241131650677 	0.0142797532605899 	0.0028714209448374 	5.06172345300135e-38
5 	0.249349095 	-6.93889390390723e-18 	1.12662861582469 	0.0305731932516713 	2.03333914739606 	0.0150378196104026 	0.00315016190172978 	4.98229254450982e-38
5 	0.26630574195 	-1.21430643318376e-17 	1.12650795662031 	0.0317131499074097 	2.01276228629401 	0.0157572198330936 	0.00345012350908049 	4.89986418158575e-38
5 	0.2838835605 	-2.25514051876985e-17 	1.12639417021181 	0.0328665640214421 	1.99994663315041 	0.0164343396408738 	0.00377326814918995 	4.81432192113795e-38
5 	0.302105306 	-2.94902990916057e-17 	1.1262878246361 	0.0340344529814105 	1.99430921598637 	0.0170659450466769 	0.00412165257496958 	4.72554435409971e-38
5 	0.3209945674 	-2.77555756156289e-17 	1.12618942744369 	0.0352173431592362 	1.99538423115981 	0.0176492073052973 	0.00449740088266762 	4.6334051880773e-38
5 	0.34057579775 	-3.29597460435593e-17 	1.12609942413751 	0.0364152004745711 	2.00279611204851 	0.0181817232269436 	0.00490266901423418 	4.53777298318747e-38
5 	0.36087434595 	-4.68375338513738e-17 	1.12601820015856 	0.0376273393083037 	2.01623729524206 	0.0186615300060231 	0.00533959091459179 	4.43851080325115e-38
5 	0.3819164894 	-5.03069808033274e-17 	1.12594607727588 	0.0388523103385147 	2.03544914391255 	0.0190871137251429 	0.00581020257970123 	4.3354759066191e-38
5 	0.4037294682 	-4.33680868994202e-17 	1.12588331318623 	0.0400877653058492 	2.0602047084889 	0.0194574112693126 	0.00631634522731802 	4.22851951066844e-38
5 	0.4263415203 	-3.81639164714898e-17 	1.12583010235942 	0.0413302979480749 	2.09029233166399 	0.019771805710255 	0.00685953617884886 	4.11748674288627e-38
5.00000000000001 	0.44978191805 	-3.64291929955129e-17 	1.12578661750213 	0.0425752607590737 	2.12549925178855 	0.0200301157566666 	0.00744079453963597 	4.00221610546516e-38
5.00000000000001 	0.4740810062 	-3.29597460435593e-17 	1.12575305274453 	0.043816558461814 	2.16559446416821 	0.0202325804499223 	0.0080604546189025 	3.88253920147641e-38
5.00000000000001 	0.499270241150001 	-3.29597460435593e-17 	1.12572899948414 	0.0450464194809556 	2.21031009238184 	0.0203798409114529 	0.00871813442148298 	3.75828039765547e-38
5.00000000000001 	0.525382231500001 	-3.55618312575245e-17 	1.12571205910686 	0.0462551436137968 	2.25932041232509 	0.0204729204639038 	0.00941519095404885 	3.62925662772419e-38
5.00000000000001 	0.552450780500001 	-3.81639164714898e-17 	1.12570647660906 	0.0474310036831768 	2.3122273510993 	0.0205030939263059 	0.0101794280874386 	3.49527698130154e-38
5.00000000000001 	0.580510929800001 	-4.0766001685455e-17 	1.12575581400981 	0.048561938043741 	2.36863152451907 	0.0203418604782762 	0.011120276223794 	3.35614196303016e-38
5.00000000000001 	0.609599004550001 	-4.0766001685455e-17 	1.12588485093067 	0.049639587576356 	2.42825805357253 	0.0195361023156603 	0.0121286622485307 	3.21164362378837e-38
5.00000000000001 	0.639752660600001 	-3.81639164714898e-17 	1.12604160728415 	0.0506425714648815 	2.48946250473747 	0.0186155607066027 	0.0132468122939225 	3.06156494743192e-38
5.00000000000001 	0.671010933350001 	-3.98986399474666e-17 	1.12617664837204 	0.0515129664236986 	2.5480699969172 	0.0178537687922924 	0.0142880192209713 	2.90567892327857e-38
5.00000000000001 	0.703414288200001 	-3.98986399474666e-17 	1.12628035201847 	0.0521812245465553 	2.59890172171366 	0.0172928896335973 	0.0151342711419335 	2.74374885003735e-38
5.00000000000001 	0.737004672850001 	-3.55618312575245e-17 	1.1263601007945 	0.0525859364070146 	2.63721192294713 	0.0168777731400389 	0.015746625010832 	2.57552732707195e-38
5.00000000000001 	0.771825571650001 	-3.20923843055709e-17 	1.12642470712328 	0.0526809389025435 	2.65934841908099 	0.0165384705135191 	0.0161272951636468 	2.40075570559072e-38
5.00000000000001 	0.807922061950001 	-3.29597460435593e-17 	1.12647865770149 	0.0524342433273145 	2.66284013877505 	0.0162284937175615 	0.0162820344897873 	2.21916377308303e-38
5.00000000000001 	0.845340872400001 	-3.64291929955129e-17 	1.12652112918221 	0.0518258706800049 	2.64630704926068 	0.0159335688810831 	0.0162021225503248 	2.03046889389775e-38
5.00000000000001 	0.884130443450001 	-4.03323208164608e-17 	1.12654741431522 	0.0508485989398433 	2.60932350723942 	0.0156645220547013 	0.0158675597997395 	1.83437548468713e-38
5.00000000000001 	0.924340990050001 	-4.81385764583564e-17 	1.12655103179266 	0.04951177359861 	2.55226010291513 	0.0154455856896397 	0.0152622062019032 	1.63057425150524e-38
5.00000000000001 	0.966024566750001 	-4.85722573273506e-17 	1.12652535614855 	0.0478460279109061 	2.47619095894798 	0.015305091965599 	0.0143899886526574 	1.41874150019181e-38
5.00000000000001 	1.00923513475 	-3.8597597340484e-17 	1.12646442040492 	0.0459059402403319 	2.38292130927172 	0.0152704420201065 	0.0132844890717102 	1.19853829708388e-38
5.00000000000001 	1.0540286325 	-3.53449908230274e-17 	1.12636310048482 	0.0437680649124347 	2.27507385791929 	0.0153657739844227 	0.0120087177662906 	9.69609698880311e-39
5.00000000000001 	1.1004630475 	-3.83807569059869e-17 	1.12621703743421 	0.0415232236600134 	2.15609202313062 	0.0156098564622305 	0.0106457255458235 	7.31583770382747e-39
5.00000000000001 	1.148598491 	-3.55618312575245e-17 	1.12602263061378 	0.0392641178148948 	2.03002855274888 	0.0160128999648523 	0.00928326308036889 	4.84070689208294e-39
5.00000000000001 	1.1984972765 	-3.5453411040276e-17 	1.12577755141107 	0.0370725363324961 	1.90129492254879 	0.0165734987229 	0.00799757711288355 	2.26661796609151e-39
5.00000000000001 	1.250224001 	-3.63207727782644e-17 	1.12548120405647 	0.0350150373961787 	1.77537904927489 	0.0172783462612302 	0.00684375170630387 	4.10777592553264e-40
5.00000000000001 	1.303845627 	-2.77555756156289e-17 	1.12513397972473 	0.0331232222448402 	1.6551532102661 	0.018092407487571 	0.00584923483109132 	3.19586231410581e-39
5.00000000000001 	1.3594315695 	-2.42861286636753e-17 	1.12473904970791 	0.0313922072363674 	1.54085374109319 	0.0189645553510471 	0.00501206852012258 	6.09341567153165e-39
5 	1.417053788 	-3.12250225675825e-17 	1.12430055446739 	0.0298062496559825 	1.43318444314116 	0.0198564208045809 	0.00431490375529775 	9.10839939652398e-39
5 	1.4767868775 	-2.42861286636753e-17 	1.12382209100192 	0.0283415171752271 	1.33280351955296 	0.0207447563895474 	0.00373342516993847 	1.22460274061794e-38
5 	1.538708165 	-1.73472347597681e-17 	1.12331009884461 	0.0269664357598743 	1.23909516756146 	0.0216033414432894 	0.00324137132136264 	1.55117802706703e-38
5.00000000000001 	1.6028978105 	-2.42861286636753e-17 	1.12280344789902 	0.0256373463303838 	1.14886534078122 	0.0223106200073276 	0.00280130404381057 	1.89114240571414e-38
5.00000000000001 	1.6694389105 	-2.42861286636753e-17 	1.12229451552224 	0.024326081904505 	1.06178038741716 	0.0229147865194845 	0.00240149063487104 	2.24510254125676e-38
5 	1.738417606 	-2.08166817117217e-17 	1.12174981967849 	0.0230259753879502 	0.981942423486668 	0.0234532255689601 	0.00204450883517387 	2.6136971836948e-38
5 	1.8099231935 	-2.08166817117217e-17 	1.1211750894486 	0.0217281884175597 	0.911843145016718 	0.0238313130663473 	0.00172738116604589 	2.99759939106159e-38
5 	1.8840482395 	-2.08166817117217e-17 	1.12057324741965 	0.0204174745487398 	0.851023513140795 	0.0239920560984671 	0.00144572079406331 	3.39751858249364e-38
5 	1.960888703 	-2.77555756156289e-17 	1.11995393481732 	0.0191052266658385 	0.799139338949815 	0.0239057901765149 	0.0011967878081738 	3.81420316223065e-38
5 	2.020240096 	-3.81639164714898e-17 	1.11947748319847 	0.0180862423622018 	0.764905599796759 	0.0236434664670372 	0.00102171341687289 	4.0271202838341e-38
5 	2.060005036 	-4.85722573273506e-17 	1.11914466763202 	0.0173811645937659 	0.743744897877013 	0.0233685138656414 	0.000907156025538262 	4.02712028383448e-38
5 	2.0983647475 	-5.55111512312578e-17 	1.11883616409477 	0.0167283391531943 	0.726278947045676 	0.0230315807913793 	0.00080760782527569 	4.027120283834e-38
5 	2.135368889 	-5.55111512312578e-17 	1.1185396158122 	0.0161029624540257 	0.711495374039499 	0.0226312065281707 	0.000716698231351586 	4.02712028383448e-38
5 	2.171065364 	-5.55111512312578e-17 	1.11825530305155 	0.0155044206968852 	0.699231036438819 	0.0221722570387587 	0.000633504448640431 	4.02712028383429e-38
5 	2.205500383 	-5.55111512312578e-17 	1.11798288996326 	0.0149321160857363 	0.689363118330713 	0.0216596187265459 	0.000557366785614029 	4.02712028383429e-38
5 	2.2387185245 	-5.55111512312578e-17 	1.11772200125532 	0.0143854249685187 	0.681801088078332 	0.0210982439394765 	0.000487727914555983 	4.0271202838341e-38
5 	2.270762791 	-5.89805981832114e-17 	1.11747228054858 	0.0138636825481373 	0.676481556476233 	0.0204931689691177 	0.000424116767577287 	4.0271202838341e-38
5 	2.3016746645 	-6.59194920871187e-17 	1.11723337619792 	0.0133661833151584 	0.673365109387488 	0.0198495110375167 	0.000366129867288409 	4.02712028383448e-38
5 	2.3314941625 	-6.93889390390723e-17 	1.11700494465296 	0.0128921904488637 	0.67243451812491 	0.0191724500338015 	0.00031341961212922 	4.02712028383448e-38
5 	2.360259888 	-6.93889390390723e-17 	1.11678665443372 	0.0124409498009714 	0.673693934701244 	0.0184671998701539 	0.000265687683936392 	4.02712028383448e-38
5 	2.3880090795 	-7.28583859910259e-17 	1.11657818776666 	0.0120117055311912 	0.677168818834774 	0.0177389731275058 	0.000222681516155936 	4.0271202838341e-38
5 	2.4147776595 	-7.63278329429795e-17 	1.11637924097784 	0.0116037156877281 	0.682906444705624 	0.0169929418271936 	0.000184192817122642 	4.0271202838341e-38
5 	2.440600281 	-6.93889390390723e-17 	1.11618952409739 	0.0112162667793719 	0.690976902438594 	0.0162341964589816 	0.000150057549817858 	4.02712028383448e-38
5 	2.465510373 	-6.24500451351651e-17 	1.11600875988675 	0.010848686864096 	0.701474557603838 	0.0154677047816058 	0.000120156998468104 	4.02712028383458e-38
5.00000000000001 	2.4895401825 	-6.24500451351651e-17 	1.1158366824872 	0.0105003570111517 	0.714519962898355 	0.0146982715894627 	9.44197170717693e-05 	4.02712028383486e-38
5.00000000000001 	2.5127208175 	-6.24500451351651e-17 	1.11567303582092 	0.0101707210943362 	0.730262241884963 	0.0139305001810147 	7.28242553187118e-05 	4.02712028383467e-38
5.00000000000001 	2.5350822865 	-5.89805981832114e-17 	1.11551757188727 	0.00985929404846374 	0.748881978567614 	0.0131687562591508 	5.54026301119848e-05 	4.02712028383505e-38
5.00000000000001 	2.5566535375 	-5.55111512312578e-17 	1.1153700490318 	0.009565668664439 	0.770594660227246 	0.0124171347001142 	4.22445422008477e-05 	4.02712028383486e-38
5.00000000000001 	2.5774624955 	-5.89805981832114e-17 	1.11523023026214 	0.00928952101998489 	0.795654729046068 	0.0116794295979969 	3.35023598018772e-05 	4.02712028383505e-38
5.00000000000001 	2.5975360985 	-6.24500451351651e-17 	1.11509788166106 	0.00903061458615873 	0.824360302099266 	0.0109591079237203 	2.93968950249165e-05 	4.02712028383486e-38
5.00000000000001 	2.616900333 	-6.24500451351651e-17 	1.11497277092825 	0.00878880298012101 	0.857058622754457 	0.0102592870482067 	3.02239938195475e-05 	4.02712028383467e-38
5.00000000000001 	2.6355802665 	-6.24500451351651e-17 	1.11485466608455 	0.00856403128670224 	0.894152299110447 	0.00958271644062507 	3.6361946658547e-05 	4.02712028383486e-38
5.00000000000001 	2.6536000815 	-6.24500451351651e-17 	1.11474333433282 	0.00835633573069502 	0.936106384355964 	0.00893176365150991 	4.82797070540905e-05 	4.02712028383486e-38
5.00000000000001 	2.670983106 	-6.24500451351651e-17 	1.11463854110794 	0.00816584148777952 	0.983456328352704 	0.0083084049120068 	6.65458794370556e-05 	4.02712028383505e-38
5.00000000000001 	2.687751842 	-6.59194920871187e-17 	1.11454004931209 	0.0079927582769161 	1.03681680920833 	0.00771422051785309 	9.18384089264578e-05 	4.02712028383505e-38
5.00000000000001 	2.703927998 	-6.59194920871187e-17 	1.11444761871625 	0.00783737329774382 	1.09689143723125 	0.00715039502893338 	0.00012495488435907 	4.02712028383505e-38
5.00000000000001 	2.719532515 	-6.24500451351651e-17 	1.11436100558123 	0.00770004116703462 	1.1644832463301 	0.00661772274154995 	0.000166823322073339 	4.02712028383486e-38
5.00000000000001 	2.7345855935 	-6.24500451351651e-17 	1.1142799624758 	0.00758117035656477 	1.24050586555691 	0.00611661842606475 	0.000218513286436539 	4.02712028383505e-38
5.00000000000001 	2.749106721 	-6.24500451351651e-17 	1.1142042383085 	0.00748120576238175 	1.3259952087175 	0.00564713341587838 	0.000281247165897379 	4.02712028383505e-38
5.00000000000001 	2.7631146955 	-5.89805981832114e-17 	1.11413357860639 	0.00740060714342133 	1.42212143627899 	0.00520897719870606 	0.000356411379666047 	4.02712028383505e-38
5.00000000000001 	2.7766276505 	-5.55111512312578e-17 	1.11406772603485 	0.00733982328623052 	1.53020095186367 	0.0048015442152854 	0.000445567252280772 	4.02712028383486e-38
5.00000000000001 	2.7896630795 	-5.55111512312578e-17 	1.11400642117814 	0.00729926202838505 	1.65170816722505 	0.00442394557132036 	0.00055046120595616 	4.02712028383486e-38
5.00000000000001 	2.8022378575 	-5.55111512312578e-17 	1.11394940359306 	0.0072792565610141 	1.78828682127674 	0.00407504508727209 	0.000673033787118712 	4.02712028383486e-38
5.00000000000001 	2.814368263 	-5.55111512312578e-17 	1.11389641311244 	0.00728002873782636 	1.94176082689808 	0.00375349869457101 	0.000815426953020941 	4.02712028383467e-38
5.00000000000001 	2.82607 	-5.89805981832114e-17 	1.11384719137583 	0.00730165052643154 	2.11414493418453 	0.00345779595658891 	0.000979988891532569 	4.02712028383486e-38
5.00000000000001 	2.8373582165 	-5.89805981832114e-17 	1.11380148355476 	0.00734400508509064 	2.3076559736644 	0.00318630233609062 	0.0011692755916842 	4.02712028383524e-38
5.00000000000001 	2.848247526 	-5.20417042793042e-17 	1.11375904021087 	0.00740674932507565 	2.52472636427758 	0.00293730049765698 	0.00138604856822896 	4.02712028383486e-38
5.00000000000001 	2.858752025 	-4.85722573273506e-17 	1.113719619267 	0.00748928012613157 	2.76802261509218 	0.00270902920829454 	0.00163326833137819 	4.02712028383486e-38
5.00000000000001 	2.8688853115 	-4.5102810375397e-17 	1.11368298779427 	0.0075907066283203 	3.0404732306544 	0.00249971843139901 	0.00191408376520236 	4.02712028383505e-38
5 	2.878660504 	-4.16333634234434e-17 	1.11364892313178 	0.0077098312734909 	3.34531245032431 	0.00230761968613261 	0.00223181760950206 	4.02712028383476e-38
5 	2.8880902575 	-3.81639164714898e-17 	1.11361721685304 	0.00784514247652694 	3.68614855579699 	0.00213103140649924 	0.00258994872595254 	4.02712028383457e-38
5 	2.897186779 	-3.46944695195361e-17 	1.11358768755723 	0.00799482245500445 	4.06706867910038 	0.00196831948637233 	0.00299229666078101 	4.02712028383448e-38
5 	2.9059618435 	-2.77555756156289e-17 	1.11356014580629 	0.00815677485122827 	4.49281731828575 	0.00181774065048639 	0.00344637480644856 	4.02712028383429e-38
5 	2.9144268115 	-2.08166817117217e-17 	1.11353413563248 	0.00832866316814683 	4.96939751984883 	0.00167484463480262 	0.0039820703978639 	4.0271202838341e-38
5 	2.9225926415 	-2.42861286636753e-17 	1.11350931546906 	0.00850784956417655 	5.5067065642612 	0.00151937820330308 	0.00458949044086903 	4.02712028383448e-38
5 	2.930469904 	-2.42861286636753e-17 	1.11348603207689 	0.00869103857334068 	6.11555823587558 	0.00137395799880747 	0.00529586128076141 	4.02712028383409e-38
5 	2.938068797 	-1.73472347597681e-17 	1.11346459353527 	0.00887142396742482 	6.80254723677201 	0.0012463101861182 	0.0060818918309553 	4.02712028383448e-38
5 	2.9453991575 	-1.38777878078145e-17 	1.11344482094111 	0.00904053310197097 	7.57322550164899 	0.00113490945766366 	0.00693455991144277 	4.02712028383429e-38
5 	2.952470475 	-1.73472347597681e-17 	1.11342643852665 	0.00918966325921369 	8.43556973138896 	0.00103570127245211 	0.00785051378144454 	4.02712028383429e-38
5 	2.9592919035 	-2.08166817117217e-17 	1.11340924905235 	0.00931048884842055 	9.40305103614496 	0.000944694993452353 	0.00883410072847692 	4.027120283834e-38
5 	2.9658722735 	-2.08166817117217e-17 	1.11339313521162 	0.00939506373042577 	10.4977461983815 	0.000858682443886892 	0.0098966473918257 	4.02712028383352e-38
5 	2.9722201045 	-1.73472347597681e-17 	1.11337803685437 	0.00943541062596472 	11.7542306236831 	0.000775270433075578 	0.0110571450918805 	4.02712028383391e-38
5 	2.9783436135 	-1.04083408558608e-17 	1.11336393895192 	0.00942277166664161 	13.2253835220351 	0.000692736790665608 	0.0123443560743017 	4.02712028383372e-38
5 	2.984250727 	-6.93889390390723e-18 	1.11335086764131 	0.0093464305268419 	14.9919268511308 	0.000609906133121044 	0.0138001201997874 	4.02712028383372e-38
5 	2.9899490925 	-3.46944695195361e-18 	1.11333888949354 	0.00919180334923936 	17.1791073847306 	0.000526115062835048 	0.0154828718721589 	4.02712028383353e-38
5 	2.9954460875 	-3.46944695195361e-18 	1.11332811080976 	0.00893716779735332 	19.9881537487421 	0.000441284667314657 	0.0174677920364544 	4.0271202838339e-38
5 	3.0007488275 	-6.93889390390723e-18 	1.11331867302452 	0.00854808268168134 	23.7520368817963 	0.000356090925198142 	0.0198325188262681 	4.0271202838341e-38
5 	3.005864177 	-6.93889390390723e-18 	1.11331073460933 	0.00796775018198915 	29.0541628419453 	0.000272156739694373 	0.0225947363980515 	4.02712028383353e-38
5 	3.0107987585 	-1.04083408558608e-17 	1.11330442395985 	0.00710151393762151 	37.0006279321896 	0.000192100860275771 	0.0255088347554485 	4.02712028383352e-38
5 	3.01555896 	-2.08166817117217e-17 	1.11329978746308 	0.00579819323027505 	49.955418381769 	0.00011910288918303 	0.0273260522810858 	4.02712028383352e-38
5 	3.020150944 	-2.77555756156289e-17 	1.11329684824778 	0.00388278735792773 	74.2484545147825 	5.63977194980042e-05 	0.0232277978400112 	4.02712028383371e-38
5 	3.0245806545 	-2.77555756156289e-17 	1.11329529035048 	0.0016396103832573 	136.11883812834 	1.50423068935256e-05 	0.00984359312280008 	4.02712028383352e-38
5 	3.028853826 	-3.12250225675825e-17 	1.11329448443072 	0.000325136666108369 	432.139027603232 	1.64906700826917e-06 	0.00134951494014259 	4.0271202838339e-38
