4 	0.00848137685241545 	-5.42101086242752e-18 	-0.0196407797178398 	-0.000434285181701848 	-0.000764988113076169 	-0.0196407797178398 	-0.000434285181701848 	-0.000764988113076169
4 	0.0257121859855926 	2.81892564846231e-18 	-0.0177718172611434 	-0.00259552378093733 	-0.00146554571040593 	-0.0177718172611434 	-0.00259552378093733 	-0.00146554571040593
4 	0.0434875779150914 	4.11996825544492e-18 	-0.00719664235380809 	-0.00536594732798544 	-0.00197095871134525 	-0.00719664235380809 	-0.00536594732798544 	-0.00197095871134525
4 	0.0618247642773333 	-2.60208521396521e-18 	0.0038731716588402 	-0.00841355504776406 	-0.00242444091092342 	0.0038731716588402 	-0.00841355504776406 	-0.00242444091092342
4 	0.0807415006855794 	-4.33680868994202e-18 	0.014499365247696 	-0.0116410472339138 	-0.00269365940932029 	0.014499365247696 	-0.0116410472339138 	-0.00269365940932029
4 	0.100256103922415 	-1.0842021724855e-17 	0.0249143685944176 	-0.0149574375770159 	-0.00282496212336544 	0.0249143685944176 	-0.0149574375770159 	-0.00282496212336544
4 	0.120387469675606 	-1.56125112837913e-17 	0.035539258601047 	-0.0183471653308069 	-0.00283319575113182 	0.035539258601047 	-0.0183471653308069 	-0.00283319575113182
4 	0.141155090834502 	-9.97465998686664e-18 	0.0465714716369859 	-0.0218089197534739 	-0.00272627450822089 	0.0465714716369859 	-0.0218089197534739 	-0.00272627450822089
4 	0.162579076364696 	-1.47451495458029e-17 	0.0580329984618289 	-0.0253563544689422 	-0.00256465626906912 	0.0580329984618289 	-0.0253563544689422 	-0.00256465626906912
4 	0.184680170779227 	-1.38777878078145e-17 	0.070296183148463 	-0.0289602826253166 	-0.00239632690153581 	0.070296183148463 	-0.0289602826253166 	-0.00239632690153581
4 	0.207479774225168 	-8.23993651088983e-18 	0.0835697525985129 	-0.0325238919671962 	-0.00224118778043648 	0.0835697525985129 	-0.0325238919671962 	-0.00224118778043648
4 	0.230999963205059 	-9.54097911787244e-18 	0.0980508478959885 	-0.0361174801878417 	-0.00212955009227774 	0.0980508478959885 	-0.0361174801878417 	-0.00212955009227774
4 	0.25526351195324 	-1.69135538907739e-17 	0.113814817136293 	-0.0398733059460223 	-0.00169904129046453 	0.113814817136293 	-0.0398733059460223 	-0.00169904129046453
4 	0.28029391448779 	-2.34187669256869e-17 	0.131089741896333 	-0.043700916632879 	-0.00116530971956784 	0.131089741896333 	-0.043700916632879 	-0.00116530971956784
4 	0.306115407359419 	-2.68882138776405e-17 	0.149777033958885 	-0.0475183838656348 	-0.00053092174333587 	0.149777033958885 	-0.0475183838656348 	-0.00053092174333587
4 	0.332752993119347 	-3.07913416985883e-17 	0.170147188018803 	-0.0512589747657268 	0.000210743760116401 	0.170147188018803 	-0.0512589747657268 	0.000210743760116401
4 	0.360232464528886 	-3.72965547335014e-17 	0.192253311586268 	-0.0549551520849541 	0.00059680189225651 	0.192253311586268 	-0.0549551520849541 	0.00059680189225651
4 	0.388580429534169 	-4.25007251614318e-17 	0.215969439489118 	-0.0586350993323709 	0.000941515464763199 	0.215969439489118 	-0.0586350993323709 	0.000941515464763199
4 	0.417824337030213 	-4.59701721133854e-17 	0.241311654578472 	-0.0622253191802561 	0.0011385903182827 	0.241311654578472 	-0.0622253191802561 	0.0011385903182827
4 	0.447992503439258 	-4.68375338513738e-17 	0.268433975859474 	-0.0656947910688758 	0.00129659813310518 	0.268433975859474 	-0.0656947910688758 	0.00129659813310518
4 	0.479114140129122 	-4.33680868994202e-17 	0.297629234855771 	-0.0691175365587056 	0.00128299193727792 	0.297629234855771 	-0.0691175365587056 	0.00128299193727792
4 	0.511219381698111 	-3.90312782094782e-17 	0.328804377805094 	-0.0723914318644609 	0.0010047812475311 	0.328804377805094 	-0.0723914318644609 	0.0010047812475311
4 	0.544339315153887 	-2.94902990916057e-17 	0.361736604023098 	-0.0754515487027015 	0.000793114046805581 	0.361736604023098 	-0.0754515487027015 	0.000793114046805581
4 	0.578506010014536 	-1.99493199737333e-17 	0.396409747187873 	-0.0783162991862952 	0.000544191626170411 	0.396409747187873 	-0.0783162991862952 	0.000544191626170411
4 	0.613752549360982 	-1.47451495458029e-17 	0.432923258798717 	-0.0809290586291255 	0.000325444490135376 	0.432923258798717 	-0.0809290586291255 	0.000325444490135376
4 	0.650113061870824 	-1.04083408558608e-17 	0.470862494053521 	-0.0832340326719211 	0.000125364708763595 	0.470862494053521 	-0.0832340326719211 	0.000125364708763595
4 	0.687622754864603 	-6.93889390390723e-18 	0.509643163843353 	-0.0852960009162204 	0.000171199890094939 	0.509643163843353 	-0.0852960009162204 	0.000171199890094939
4 	0.726317948396507 	-1.99493199737333e-17 	0.549146485066654 	-0.0870823742120172 	0.000137516741688233 	0.549146485066654 	-0.0870823742120172 	0.000137516741688233
4 	0.766236110422516 	-2.34187669256869e-17 	0.58834491436122 	-0.0885597476518375 	0.000217417712832757 	0.58834491436122 	-0.0885597476518375 	0.000217417712832757
4 	0.807415893080042 	-1.38777878078145e-17 	0.626614461334061 	-0.0897500711150035 	0.000287505064427537 	0.626614461334061 	-0.0897500711150035 	0.000287505064427537
4 	0.849897170114194 	-1.21430643318376e-17 	0.662748385255109 	-0.0905296973986083 	0.000222050181862952 	0.662748385255109 	-0.0905296973986083 	0.000222050181862952
4 	0.89372107548691 	-2.08166817117217e-17 	0.696501795262554 	-0.0909921593919448 	0.000168719971199989 	0.696501795262554 	-0.0909921593919448 	0.000168719971199989
4 	0.93893004320633 	-2.60208521396521e-17 	0.72690736455886 	-0.0911918147529499 	0.000113503742981105 	0.72690736455886 	-0.0911918147529499 	0.000113503742981105
4 	0.985567848414991 	-2.08166817117217e-17 	0.753969344384714 	-0.0911915219638366 	-4.90316775056332e-06 	0.753969344384714 	-0.0911915219638366 	-4.90316775056332e-06
4 	1.03367964977662 	-1.38777878078145e-17 	0.77769800354526 	-0.0910813756225508 	0.000149409432807868 	0.77769800354526 	-0.0910813756225508 	0.000149409432807868
4 	1.08331203320257 	-8.67361737988404e-18 	0.798656298335976 	-0.0909211952290941 	0.000263953270411442 	0.798656298335976 	-0.0909211952290941 	0.000263953270411442
4 	1.13451305696022 	-1.04083408558608e-17 	0.81769900759503 	-0.0907373129958631 	0.000214311373788787 	0.81769900759503 	-0.0907373129958631 	0.000214311373788787
4 	1.18733229820708 	-1.21430643318376e-17 	0.835201698614126 	-0.0904861317926885 	0.000117501083828779 	0.835201698614126 	-0.0904861317926885 	0.000117501083828779
4 	1.24182090099555 	-1.21430643318376e-17 	0.851481534027017 	-0.0901944160928992 	7.18697264584142e-06 	0.851481534027017 	-0.0901944160928992 	7.18697264584142e-06
4 	1.29803162579494 	-5.20417042793042e-18 	0.866690044099348 	-0.0898506029178852 	-0.000138141339582214 	0.866690044099348 	-0.0898506029178852 	-0.000138141339582214
4 	1.3560189005786 	-3.46944695195361e-18 	0.880820770687025 	-0.0893707943970921 	-0.000262982435780809 	0.880820770687025 	-0.0893707943970921 	-0.000262982435780809
4 	1.41583887352569 	-3.46944695195361e-18 	0.893987466421646 	-0.0888149635240886 	-0.000288056017021383 	0.893987466421646 	-0.0888149635240886 	-0.000288056017021383
4 	1.47754946738859 	0 	0.905847942691247 	-0.0881621844410678 	-0.000248782215366052 	0.905847942691247 	-0.0881621844410678 	-0.000248782215366052
4 	1.54121043557858 	1.38777878078145e-17 	0.915724544200806 	-0.0872755453606904 	-0.000206569756542383 	0.915724544200806 	-0.0872755453606904 	-0.000206569756542383
4 	1.6068834200242 	2.60208521396521e-17 	0.923725214626737 	-0.0862595285164703 	-0.000153667303399794 	0.923725214626737 	-0.0862595285164703 	-0.000153667303399794
4 	1.6746320108581 	2.60208521396521e-17 	0.929945987103803 	-0.0850932116494095 	-9.12017268756086e-05 	0.929945987103803 	-0.0850932116494095 	-9.12017268756086e-05
4 	1.74452180799044 	2.60208521396521e-17 	0.934450442888212 	-0.0837292506925633 	-4.05145080989248e-05 	0.934450442888212 	-0.0837292506925633 	-4.05145080989248e-05
4 	1.81662048462824 	3.29597460435593e-17 	0.937520103293081 	-0.0823268534504233 	-1.62655146980264e-05 	0.937520103293081 	-0.0823268534504233 	-1.62655146980264e-05
4 	1.89099785280229 	4.16333634234434e-17 	0.939623320710852 	-0.0808042255830007 	-9.71040859871404e-06 	0.939623320710852 	-0.0808042255830007 	-9.71040859871404e-06
4 	1.96772593096507 	4.33680868994202e-17 	0.941071181316056 	-0.0792183291157356 	-4.63800264961516e-06 	0.941071181316056 	-0.0792183291157356 	-4.63800264961516e-06
4 	2.0468790137251 	4.68375338513738e-17 	0.942106777444426 	-0.0776574578471496 	-2.0392309664955e-09 	0.942106777444426 	-0.0776574578471496 	-2.0392309664955e-09
4 	2.12853374378525 	5.20417042793042e-17 	0.942856335853482 	-0.0759795958163444 	1.13013972290425e-06 	0.942856335853482 	-0.0759795958163444 	1.13013972290425e-06
4 	2.21276918615469 	5.55111512312578e-17 	0.943565980459315 	-0.0743666808286181 	7.871417196069e-07 	0.943565980459315 	-0.0743666808286181 	7.871417196069e-07
4 	2.29966690470631 	5.55111512312578e-17 	0.944200352765611 	-0.072718829210045 	2.73329723997747e-07 	0.944200352765611 	-0.072718829210045 	2.73329723997747e-07
4 	2.38931104115375 	5.55111512312578e-17 	0.944769161059848 	-0.0710401683114212 	-8.84316569013582e-09 	0.944769161059848 	-0.0710401683114212 	-8.84316569013582e-09
4 	2.48178839652452 	5.89805981832114e-17 	0.945383858634761 	-0.0694300220176703 	-1.58798576150519e-08 	0.945383858634761 	-0.0694300220176703 	-1.58798576150519e-08
4 	2.57718851520809 	5.89805981832114e-17 	0.946011185992202 	-0.067713998019923 	3.79721866806695e-08 	0.946011185992202 	-0.067713998019923 	3.79721866806695e-08
4 	2.67560377166032 	5.20417042793042e-17 	0.946674953022345 	-0.0660780834178703 	5.33594234673807e-08 	0.946674953022345 	-0.0660780834178703 	5.33594234673807e-08
4 	2.77712945984824 	5.55111512312578e-17 	0.947264069002443 	-0.0643949839633641 	4.32716717822103e-08 	0.947264069002443 	-0.0643949839633641 	4.32716717822103e-08
4 	2.88186388552171 	5.89805981832114e-17 	0.947862787873339 	-0.062709846346565 	2.93775470526867e-08 	0.947862787873339 	-0.062709846346565 	2.93775470526867e-08
4 	2.98990846140133 	5.55111512312578e-17 	0.948533804197277 	-0.0610491492353795 	1.82560602167396e-08 	0.948533804197277 	-0.0610491492353795 	1.82560602167396e-08
4 	3.10136780537484 	5.55111512312578e-17 	0.949206697660242 	-0.0593279268802932 	1.0806959246164e-08 	0.949206697660242 	-0.0593279268802932 	1.0806959246164e-08
4 	3.21634984179699 	5.89805981832114e-17 	0.94985732297911 	-0.0576866968050457 	6.26095634330786e-09 	0.94985732297911 	-0.0576866968050457 	6.26095634330786e-09
4 	3.33496590599099 	6.24500451351651e-17 	0.950431488495873 	-0.0559778161836998 	3.68111591809927e-09 	0.950431488495873 	-0.0559778161836998 	3.68111591809927e-09
4 	3.45733085205282 	6.93889390390723e-17 	0.951064159678673 	-0.0542980726274409 	2.23613185018918e-09 	0.951064159678673 	-0.0542980726274409 	2.23613185018918e-09
4 	3.55534883113822 	7.63278329429795e-17 	0.951601039106711 	-0.0529917937071238 	1.59954437261822e-09 	0.951601039106711 	-0.0529917937071238 	1.59954437261822e-09
4 	3.61944686954359 	8.32667268468867e-17 	0.951942438060303 	-0.0521286323089508 	1.34955353718392e-09 	0.951942438060303 	-0.0521286323089508 	1.34955353718392e-09
4 	3.71378507081113 	7.97972798949331e-17 	0.952418932249519 	-0.0509256360963113 	9.28374117160552e-10 	0.952418932249519 	-0.0509256360963113 	9.28374117160552e-10
4 	3.84812266415166 	6.93889390390723e-17 	0.953025379187347 	-0.0492444398480368 	3.52578524518835e-10 	0.953025379187347 	-0.0492444398480368 	3.52578524518835e-10
4 	3.98670602109313 	5.89805981832114e-17 	0.953596821501035 	-0.04753231975888 	4.99898415181722e-11 	0.953596821501035 	-0.04753231975888 	4.99898415181722e-11
4 	4.12966932975152 	5.20417042793042e-17 	0.954256245284305 	-0.0459116126478022 	0 	0.954256245284305 	-0.0459116126478022 	0
4 	4.27715101928216 	5.20417042793042e-17 	0.954914895132728 	-0.0441693461198754 	0 	0.954914895132728 	-0.0441693461198754 	0
4 	4.4292938939185 	5.20417042793042e-17 	0.955573325049201 	-0.0425496069403609 	6.74783866807673e-11 	0.955573325049201 	-0.0425496069403609 	6.74783866807673e-11
4 	4.58624527124728 	5.89805981832114e-17 	0.956133529692312 	-0.0408397603545362 	2.36972514521841e-10 	0.956133529692312 	-0.0408397603545362 	2.36972514521841e-10
4 	4.74815712485386 	6.59194920871187e-17 	0.956696443809406 	-0.0391972682868836 	4.69943534308745e-11 	0.956696443809406 	-0.0391972682868836 	4.69943534308745e-11
4 	4.91518623147584 	6.59194920871187e-17 	0.957261645122673 	-0.037559101581025 	-4.77091789378277e-10 	0.957261645122673 	-0.037559101581025 	-4.77091789378277e-10
