0.504 	-0.21 	2.01598e-05 	-78.1746 	0.0222963 	2.80293e+06 	3.40028e-08
0.504 	-0.21 	6.04795e-05 	-78.1752 	0.239767 	745782 	8.45022e-07
0.504 	-0.21 	0.000100799 	-78.1768 	1.07955 	202421 	7.52276e-06
0.504 	-0.21 	0.000141119 	-78.1805 	2.39396 	91293.5 	3.00511e-05
0.504 	-0.21 	0.000181438 	-78.1874 	3.63034 	54739.6 	7.02598e-05
0.504 	-0.21 	0.000221758 	-78.1973 	4.65501 	38776.7 	0.000123504
0.504 	-0.21 	0.000262757 	-78.2097 	5.52935 	30039.7 	0.00018735
0.504 	-0.21 	0.00030808 	-78.2252 	6.35314 	24208 	0.000266085
0.504 	-0.21 	0.000361505 	-78.245 	7.18539 	19869.5 	0.00036591
0.504 	-0.21 	0.000424474 	-78.2702 	8.03788 	16527.1 	0.000491345
0.504 	-0.21 	0.000498276 	-78.3017 	8.91325 	13905.3 	0.00064678
0.504 	-0.21 	0.000584202 	-78.3407 	9.81252 	11819.9 	0.000836785
0.504 	-0.21 	0.000683475 	-78.3881 	10.7353 	10142.8 	0.00106588
0.504 	-0.21 	0.000797155 	-78.4448 	11.6799 	8782.81 	0.00133813
0.504 	-0.21 	0.000926014 	-78.5117 	12.6428 	7672.93 	0.00165672
0.504 	-0.21 	0.00107041 	-78.5892 	13.6193 	6763.1 	0.00202333
0.504 	-0.21 	0.00123015 	-78.6773 	14.6029 	6014.98 	0.00243767
0.504 	-0.21 	0.00140437 	-78.7755 	15.586 	5398.72 	0.00289698
0.504 	-0.21 	0.00159146 	-78.8828 	16.5598 	4890.67 	0.00339578
0.504 	-0.21 	0.00178907 	-78.9974 	17.5148 	4471.81 	0.00392599
0.504 	-0.21 	0.00199417 	-79.1173 	18.4413 	4126.69 	0.0044773
0.504 	-0.21 	0.00220321 	-79.24 	19.3313 	3842.2 	0.00503904
0.504 	-0.21 	0.00241613 	-79.3655 	20.1923 	3603.75 	0.00561036
0.504 	-0.21 	0.00263988 	-79.4968 	21.0518 	3396.25 	0.00620565
0.504 	-0.21 	0.0028802 	-79.6365 	21.9295 	3211.45 	0.00683563
0.504 	-0.21 	0.00313824 	-79.785 	22.8293 	3046.43 	0.00750079
0.504 	-0.21 	0.00341526 	-79.9419 	23.753 	2899.18 	0.00819989
0.504 	-0.21 	0.00371257 	-80.1073 	24.7027 	2768.02 	0.00893102
0.504 	-0.21 	0.00403158 	-80.2806 	25.6806 	2651.54 	0.00969159
0.504 	-0.21 	0.00437378 	-80.4616 	26.6888 	2548.56 	0.0104782
0.504 	-0.21 	0.00474073 	-80.6495 	27.7295 	2458.08 	0.0112866
0.504 	-0.21 	0.00513411 	-80.8436 	28.8052 	2379.29 	0.0121118
0.504 	-0.21 	0.00555566 	-81.0431 	29.918 	2311.51 	0.0129476
0.504 	-0.21 	0.00600724 	-81.247 	31.0702 	2254.17 	0.0137873
0.504 	-0.21 	0.00649079 	-81.4542 	32.2642 	2206.86 	0.0146232
0.504 	-0.21 	0.00700834 	-81.6635 	33.5019 	2169.21 	0.0154467
0.504 	-0.21 	0.00756205 	-81.8736 	34.7852 	2141 	0.0162489
0.504 	-0.21 	0.00815413 	-82.0834 	36.1153 	2122.06 	0.01702
0.504 	-0.21 	0.00878692 	-82.2917 	37.493 	2112.33 	0.0177499
0.504 	-0.21 	0.00946284 	-82.4976 	38.918 	2111.64 	0.01843
0.504 	-0.21 	0.0101844 	-82.7002 	40.3884 	2120.1 	0.0190495
0.504 	-0.21 	0.0109542 	-82.8989 	41.9008 	2137.74 	0.0195994
0.504 	-0.21 	0.0117748 	-83.0933 	43.4489 	2164.6 	0.0200712
0.504 	-0.21 	0.012649 	-83.2836 	45.0233 	2200.72 	0.0204572
0.504 	-0.21 	0.0135797 	-83.47 	46.6101 	2246.1 	0.0207505
0.504 	-0.21 	0.0145695 	-83.6543 	48.1899 	2300.66 	0.0209454
0.504 	-0.21 	0.0156213 	-83.8401 	49.7363 	2364.19 	0.0210372
0.504 	-0.21 	0.0167381 	-84.0263 	51.2142 	2436.31 	0.0210216
0.504 	-0.21 	0.0179225 	-84.1816 	52.5785 	2516.47 	0.0208374
0.504 	-0.21 	0.0191775 	-84.2655 	53.7718 	2603.94 	0.0200505
0.504 	-0.21 	0.0205056 	-84.3055 	54.7066 	2695.95 	0.0189205
0.504 	-0.21 	0.0219095 	-84.3756 	55.2367 	2785.34 	0.0178214
0.504 	-0.21 	0.0233918 	-84.5116 	55.1838 	2862.23 	0.0168252
0.504 	-0.21 	0.0249546 	-84.7119 	54.3807 	2917.79 	0.0158621
0.504 	-0.21 	0.0266002 	-84.9711 	52.6916 	2947.49 	0.0148663
0.504 	-0.21 	0.0283302 	-85.2953 	50.0193 	2951.71 	0.0138281
0.504 	-0.21 	0.0301464 	-85.7004 	46.3194 	2933.22 	0.0127884
0.504 	-0.21 	0.0320499 	-86.2047 	41.6292 	2894.39 	0.0118109
0.504 	-0.21 	0.0340415 	-86.8182 	36.0869 	2836.05 	0.0109386
0.504 	-0.21 	0.0361216 	-87.528 	29.8764 	2753.78 	0.0100705
0.504 	-0.21 	0.0382902 	-88.3205 	23.0923 	2624.6 	0.00869629
0.504 	-0.21 	0.0405467 	-89.1906 	15.9103 	2386.06 	0.00661003
0.504 	-0.21 	0.0428898 	-90.1389 	9.32362 	1958.01 	0.0046789
0.504 	-0.21 	0.045318 	-91.1419 	4.86082 	1383.81 	0.00345154
0.504 	-0.21 	0.0478289 	-92.1712 	2.83985 	900.169 	0.00314516
0.504 	-0.21 	0.0504195 	-93.2182 	2.09767 	662.521 	0.00316553
0.504 	-0.21 	0.0530862 	-94.2757 	1.70063 	574.808 	0.00295209
0.504 	-0.21 	0.0558248 	-95.3408 	1.33737 	527.508 	0.00252656
0.504 	-0.21 	0.0586304 	-96.4016 	0.966878 	476.82 	0.00201486
0.504 	-0.21 	0.0614957 	-97.4612 	0.622908 	409.209 	0.00150283
0.504 	-0.21 	0.0646921 	-98.6057 	0.334815 	317.635 	0.00102329
0.504 	-0.21 	0.0687845 	-99.9786 	0.127178 	201.323 	0.000589528
0.504 	-0.21 	0.0742512 	-101.661 	0.0314946 	86.1181 	0.000304644
0.504 	-0.21 	0.0815239 	-103.666 	0.00563642 	20.7638 	5.82006e-05
0.504 	-0.21 	0.0911467 	-106.008 	0.00180318 	2.89478 	1.41597e-05
0.504 	-0.21 	0.103788 	-108.568 	0.000907172 	0.631882 	7.41661e-06
0.504 	-0.21 	0.120238 	-111.455 	0.000272658 	0.491248 	2.41882e-06
0.504 	-0.21 	0.141384 	-114.193 	6.69991e-05 	0.453169 	6.69462e-07
0.504 	-0.21 	0.168147 	-117.522 	4.91145e-05 	0.37874 	5.72391e-07
0.504 	-0.21 	0.20113 	-120.007 	4.85647e-05 	0.306876 	6.48077e-07
0.504 	-0.21 	0.240324 	-124.494 	4.79213e-05 	0.255886 	7.68496e-07
0.504 	-0.21 	0.2869 	-127.027 	4.7453e-05 	0.21984 	1.11933e-06
0.504 	-0.21 	0.343075 	-134.746 	4.72704e-05 	0.179078 	2.33798e-06
