6.99999999999999 	0.0118766634911741 	1.38777878078145e-17 	0.0154548669905348 	0.000674874264185652 	0 	0.0154548669905348 	0.000674874264185652 	0
6.99999999999999 	0.0201339998215162 	5.20417042793042e-18 	0.0331674509754306 	0.00158907235943945 	0 	0.0331674509754306 	0.00158907235943945 	0
6.99999999999999 	0.0286938265629418 	5.20417042793042e-18 	0.0525388148197604 	0.00274487414005706 	0 	0.0525388148197604 	0.00274487414005706 	0
6.99999999999999 	0.0375672248226244 	1.73472347597681e-18 	0.0711658211254916 	0.00401873001481001 	0 	0.0711658211254916 	0.00401873001481001 	0
6.99999999999999 	0.0467656816468642 	-1.73472347597681e-18 	0.0883651098564624 	0.0053459317508199 	0 	0.0883651098564624 	0.0053459317508199 	0
6.99999999999999 	0.0563011048842945 	0 	0.1040472068664 	0.00668501965924543 	0 	0.1040472068664 	0.00668501965924543 	0
6.99999999999999 	0.0661858385999554 	-5.20417042793042e-18 	0.118308485626427 	0.0080153639446757 	0 	0.118308485626427 	0.0080153639446757 	0
6.99999999999999 	0.0764326790586919 	-1.21430643318376e-17 	0.131307069605236 	0.0093255435001719 	0 	0.131307069605236 	0.0093255435001719 	0
6.99999999999999 	0.0870548912905477 	-1.56125112837913e-17 	0.143209529526233 	0.0106115899444094 	0 	0.143209529526233 	0.0106115899444094 	0
6.99999999999999 	0.0980662262531346 	-1.21430643318376e-17 	0.154155317504172 	0.0118712541024979 	0 	0.154155317504172 	0.0118712541024979 	0
6.99999999999999 	0.109480938662663 	-6.93889390390723e-18 	0.164252079901397 	0.0130992505867232 	0 	0.164252079901397 	0.0130992505867232 	0
6.99999999999999 	0.121313805432455 	-1.04083408558608e-17 	0.173666959455364 	0.0142921760999877 	0 	0.173666959455364 	0.0142921760999877 	0
6.99999999999999 	0.133580144767209 	-1.38777878078145e-17 	0.182475711606604 	0.0154377834054046 	0 	0.182475711606604 	0.0154377834054046 	0
6.99999999999999 	0.146295836049492 	-1.38777878078145e-17 	0.190793166469114 	0.0165329460025662 	0 	0.190793166469114 	0.0165329460025662 	0
6.99999999999999 	0.159477340311246 	-2.08166817117217e-17 	0.198676333632288 	0.0175765784959573 	0 	0.198676333632288 	0.0175765784959573 	0
6.99999999999999 	0.173141721669689 	-2.77555756156289e-17 	0.206173230475258 	0.0185670944031587 	0 	0.206173230475258 	0.0185670944031587 	0
6.99999999999999 	0.187306669345393 	-3.46944695195361e-17 	0.21332723682467 	0.0195018839134226 	0 	0.21332723682467 	0.0195018839134226 	0
6.99999999999999 	0.201990520539723 	-3.81639164714898e-17 	0.220204526659297 	0.0203783255057133 	0 	0.220204526659297 	0.0203783255057133 	0
6.99999999999999 	0.217212284211201 	-3.81639164714898e-17 	0.226917111549416 	0.0212297394874336 	0 	0.226917111549416 	0.0212297394874336 	0
6.99999999999999 	0.232991665631275 	-4.5102810375397e-17 	0.233535728107944 	0.0220289822577653 	0 	0.233535728107944 	0.0220289822577653 	0
6.99999999999999 	0.249349092022174 	-5.20417042793042e-17 	0.240082754851218 	0.0227668249157003 	0 	0.240082754851218 	0.0227668249157003 	0
6.99999999999999 	0.266305738887747 	-4.5102810375397e-17 	0.246441323632409 	0.0233969951327929 	0 	0.246441323632409 	0.0233969951327929 	0
6.99999999999999 	0.283883557351867 	-3.53449908230274e-17 	0.252895239618202 	0.0239805379913114 	0 	0.252895239618202 	0.0239805379913114 	0
6.99999999999999 	0.302105302762705 	-4.05491612509579e-17 	0.259584126863005 	0.0245706622028451 	0 	0.259584126863005 	0.0245706622028451 	0
6.99999999999999 	0.320994564099584 	-4.68375338513738e-17 	0.266373825691722 	0.0251040375403652 	0 	0.266373825691722 	0.0251040375403652 	0
6.99999999999999 	0.340575794383997 	-4.46691295064028e-17 	0.273276294536085 	0.0255357898007284 	0 	0.273276294536085 	0.0255357898007284 	0
6.99999999999999 	0.360874342490354 	-4.7271214720368e-17 	0.280406841051895 	0.0259097736797489 	0 	0.280406841051895 	0.0259097736797489 	0
6.99999999999999 	0.381916485873798 	-5.46437894932694e-17 	0.287839043064339 	0.0263864805618076 	0 	0.287839043064339 	0.0263864805618076 	0
6.99999999999999 	0.403729464575028 	-5.72458747072346e-17 	0.29567768723305 	0.0268166226400724 	0 	0.29567768723305 	0.0268166226400724 	0
6.99999999999999 	0.426341516574749 	-5.55111512312578e-17 	0.303935226670456 	0.0271439122966985 	0 	0.303935226670456 	0.0271439122966985 	0
6.99999999999999 	0.449781914254797 	-5.55111512312578e-17 	0.31252496791093 	0.0274447455546136 	0 	0.31252496791093 	0.0274447455546136 	0
6.99999999999999 	0.474081002334556 	-5.55111512312578e-17 	0.321444005152283 	0.0277987915686197 	0 	0.321444005152283 	0.0277987915686197 	0
6.99999999999999 	0.499270237177331 	-5.3776427755281e-17 	0.330827335612142 	0.0280691475263294 	0 	0.330827335612142 	0.0280691475263294 	0
6.99999999999999 	0.525382227456745 	-5.03069808033274e-17 	0.340688840371761 	0.0282249149793624 	0 	0.340688840371761 	0.0282249149793624 	0
6.99999999999999 	0.552450776422886 	-4.5102810375397e-17 	0.351024340738309 	0.0283657565144412 	0 	0.351024340738309 	0.0283657565144412 	0
6.99999999999999 	0.580510925652308 	-3.64291929955129e-17 	0.361887664276068 	0.0285225483035967 	0 	0.361887664276068 	0.0285225483035967 	0
6.99999999999999 	0.609599000331885 	-3.12250225675825e-17 	0.373475090358078 	0.0286255545913022 	0 	0.373475090358078 	0.0286255545913022 	0
6.99999999999999 	0.639752656311728 	-4.16333634234434e-17 	0.385888707084532 	0.0287067052014336 	0 	0.385888707084532 	0.0287067052014336 	0
6.99999999999999 	0.671010929037712 	-4.85722573273506e-17 	0.398951254280636 	0.0288082220904195 	0 	0.398951254280636 	0.0288082220904195 	0
6.99999999999999 	0.703414283865916 	-5.20417042793042e-17 	0.412666625434256 	0.0289229576161564 	0 	0.412666625434256 	0.0289229576161564 	0
6.99999999999999 	0.737004668450784 	-4.5102810375397e-17 	0.427144840697962 	0.0290140132443871 	0 	0.427144840697962 	0.0290140132443871 	0
6.99999999999999 	0.76141951776919 	-3.38271077815477e-17 	0.437833452659977 	0.0290817687543235 	0 	0.437833452659977 	0.0290817687543235 	0
6.99999999999999 	0.779162311928381 	-3.75133951679985e-17 	0.445702952253916 	0.029141922490845 	0 	0.445702952253916 	0.029141922490845 	0
6.99999999999999 	0.807992742695504 	-4.31512464649231e-17 	0.45867254713121 	0.0292464676463786 	0 	0.45867254713121 	0.0292464676463786 	0
6.99999999999999 	0.845475280399782 	-4.20670442924376e-17 	0.475913798936338 	0.0293637601407095 	0 	0.475913798936338 	0.0293637601407095 	0
6.99999999999999 	0.884326557667399 	-4.33680868994202e-17 	0.494234303850822 	0.0294420599539229 	0 	0.494234303850822 	0.0294420599539229 	0
6.99999999999999 	0.924596372920703 	-4.9439619065339e-17 	0.513523132861208 	0.02948452628057 	0 	0.513523132861208 	0.02948452628057 	0
6.99999999999999 	0.966336321276274 	-5.03069808033274e-17 	0.533470367041216 	0.0295415330846196 	0 	0.533470367041216 	0.0295415330846196 	0
6.99999999999999 	1.0095998579002 	-5.03069808033274e-17 	0.553886725125844 	0.0296497277342993 	0 	0.553886725125844 	0.0296497277342993 	0
6.99999999999999 	1.05444236380093 	-5.03069808033274e-17 	0.575205847980053 	0.029799345410538 	0 	0.575205847980053 	0.029799345410538 	0
6.99999999999999 	1.10092121311821 	-3.81639164714898e-17 	0.597500600152245 	0.030022987885981 	0 	0.597500600152245 	0.030022987885981 	0
7 	1.14909584378713 	-2.77555756156289e-17 	0.620320902418091 	0.0302881408390138 	0 	0.620320902418091 	0.0302881408390138 	0
6.99999999999999 	1.19902783027291 	-2.08166817117217e-17 	0.643236175009904 	0.0305266898053156 	0 	0.643236175009904 	0.0305266898053156 	0
7 	1.25078095670559 	-1.49619899803e-17 	0.666697079304552 	0.0308075777889597 	0 	0.666697079304552 	0.0308075777889597 	0
7 	1.30442129473832 	-1.75640751942652e-17 	0.690846600464209 	0.0310508038304686 	0 	0.690846600464209 	0.0310508038304686 	0
7 	1.36001728421411 	-2.16840434497101e-17 	0.714848998106543 	0.0313150020293428 	0 	0.714848998106543 	0.0313150020293428 	0
7 	1.41763981448954 	-2.60208521396521e-17 	0.738486482253065 	0.0315293579134256 	0 	0.738486482253065 	0.0315293579134256 	0
7 	1.47736230786959 	-2.94902990916057e-17 	0.762096853028642 	0.0316799199850036 	0 	0.762096853028642 	0.0316799199850036 	0
7 	1.53926080807102 	-3.29597460435593e-17 	0.785537256942235 	0.0317760732986403 	0 	0.785537256942235 	0.0317760732986403 	0
7 	1.60341407085444 	-3.46944695195361e-17 	0.80863714685259 	0.0317814565474575 	0 	0.80863714685259 	0.0317814565474575 	0
7 	1.66893489878714 	-3.46944695195361e-17 	0.83087139586787 	0.0317118456846392 	0 	0.83087139586787 	0.0317118456846392 	0
7 	1.70277529771347 	-3.21330418870391e-17 	0.841990530144811 	0.0316513794101381 	0 	0.841990530144811 	0.0316513794101381 	0
7 	1.73884798288729 	-2.95309566730739e-17 	0.853056042597501 	0.0315242389353836 	0 	0.853056042597501 	0.0315242389353836 	0
7 	1.81031024557649 	-3.03576608295941e-17 	0.874099931568621 	0.0311645199843071 	0 	0.874099931568621 	0.0311645199843071 	0
7 	1.88432958819496 	-2.94902990916057e-17 	0.894141317139193 	0.0306437504374533 	0 	0.894141317139193 	0.0306437504374533 	0
7 	1.96099472176253 	-2.42861286636753e-17 	0.912500057764466 	0.0299568425258614 	0 	0.912500057764466 	0.0299568425258614 	0
7 	2.020240096 	-2.08166817117217e-17 	0.926020648361832 	0.0292547224676391 	0 	0.926020648361832 	0.0292547224676391 	0
7 	2.060005036 	-1.73472347597681e-17 	0.934611204430925 	0.0286490568660777 	0 	0.934611204430925 	0.0286490568660777 	0
7 	2.0983647475 	-1.38777878078145e-17 	0.941964355648859 	0.0280087122301918 	0 	0.941964355648859 	0.0280087122301918 	0
7 	2.135368889 	-1.38777878078145e-17 	0.948485715656541 	0.027363109723554 	0 	0.948485715656541 	0.027363109723554 	0
7 	2.171065364 	-1.38777878078145e-17 	0.954301472340447 	0.0267211818026403 	0 	0.954301472340447 	0.0267211818026403 	0
7 	2.205500383 	-1.04083408558608e-17 	0.959415279437074 	0.0260706465713768 	0 	0.959415279437074 	0.0260706465713768 	0
7 	2.2387185245 	-3.46944695195361e-18 	0.963912369655286 	0.0254119615880292 	0 	0.963912369655286 	0.0254119615880292 	0
7 	2.270762791 	-3.46944695195361e-18 	0.967847001709017 	0.0247460816748188 	0 	0.967847001709017 	0.0247460816748188 	0
7 	2.3016746645 	-6.93889390390723e-18 	0.971243976107749 	0.0240929503755673 	0 	0.971243976107749 	0.0240929503755673 	0
7 	2.3314941625 	-1.04083408558608e-17 	0.974135413281509 	0.0234493853807515 	0 	0.974135413281509 	0.0234493853807515 	0
7 	2.360259888 	-1.04083408558608e-17 	0.976497627049864 	0.0228062806405121 	0 	0.976497627049864 	0.0228062806405121 	0
7 	2.3880090795 	-6.93889390390723e-18 	0.978339181692442 	0.022158934870024 	0 	0.978339181692442 	0.022158934870024 	0
7 	2.4147776595 	-6.93889390390723e-18 	0.979709677637812 	0.0215240225076281 	0 	0.979709677637812 	0.0215240225076281 	0
7 	2.440600281 	-6.93889390390723e-18 	0.98065940042884 	0.020914006531098 	0 	0.98065940042884 	0.020914006531098 	0
7 	2.465510373 	0 	0.981246427100244 	0.0203285107875664 	0 	0.981246427100244 	0.0203285107875664 	0
7 	2.4895401825 	3.46944695195361e-18 	0.981496436764562 	0.0197609753925804 	0 	0.981496436764562 	0.0197609753925804 	0
7 	2.5127208175 	-3.46944695195361e-18 	0.981359297897417 	0.0192002327931877 	0 	0.981359297897417 	0.0192002327931877 	0
7 	2.5350822865 	0 	0.980775767849867 	0.0186510438200001 	0 	0.980775767849867 	0.0186510438200001 	0
7 	2.5566535375 	3.46944695195361e-18 	0.979785365044452 	0.0181182814165587 	0 	0.979785365044452 	0.0181182814165587 	0
7 	2.5774624955 	-3.46944695195361e-18 	0.978367117240212 	0.0176019634469765 	0 	0.978367117240212 	0.0176019634469765 	0
7 	2.5975360985 	-6.93889390390723e-18 	0.976542795009125 	0.0171045861078234 	0 	0.976542795009125 	0.0171045861078234 	0
7 	2.616900333 	-6.93889390390723e-18 	0.974342170712793 	0.0166216723427574 	0 	0.974342170712793 	0.0166216723427574 	0
7 	2.6355802665 	-3.46944695195361e-18 	0.971794124232801 	0.0161494734080408 	0 	0.971794124232801 	0.0161494734080408 	0
7 	2.6536000815 	0 	0.968908085407335 	0.0156889582512057 	0 	0.968908085407335 	0.0156889582512057 	0
7 	2.670983106 	0 	0.965659749681419 	0.015241394995538 	0 	0.965659749681419 	0.015241394995538 	0
7 	2.687751842 	0 	0.962032890552584 	0.0148072885304178 	0 	0.962032890552584 	0.0148072885304178 	0
7 	2.703927998 	0 	0.9580119972096 	0.0143860357489828 	0 	0.9580119972096 	0.0143860357489828 	0
7 	2.719532515 	0 	0.953613222354559 	0.0139766585305127 	0 	0.953613222354559 	0.0139766585305127 	0
7 	2.7345855935 	-6.93889390390723e-18 	0.948841362092644 	0.0135742741841979 	0 	0.948841362092644 	0.0135742741841979 	0
7 	2.749106721 	-1.38777878078145e-17 	0.94364248303059 	0.0131767924930874 	0 	0.94364248303059 	0.0131767924930874 	0
7 	2.7631146955 	-1.04083408558608e-17 	0.938120417279559 	0.0127892859321471 	0 	0.938120417279559 	0.0127892859321471 	0
7 	2.7766276505 	-6.93889390390723e-18 	0.932209319227069 	0.0124019364131286 	0 	0.932209319227069 	0.0124019364131286 	0
7 	2.7896630795 	-1.04083408558608e-17 	0.926003148127023 	0.0120210432960265 	0 	0.926003148127023 	0.0120210432960265 	0
7 	2.8022378575 	-1.73472347597681e-17 	0.919448768600151 	0.0116368525260657 	0 	0.919448768600151 	0.0116368525260657 	0
7 	2.814368263 	-2.08166817117217e-17 	0.912616345370189 	0.0112559230341207 	0 	0.912616345370189 	0.0112559230341207 	0
7 	2.82607 	-1.73472347597681e-17 	0.905487817355025 	0.010871742056563 	0 	0.905487817355025 	0.010871742056563 	0
7 	2.8373582165 	-1.38777878078145e-17 	0.898053869625121 	0.0104862198052954 	0 	0.898053869625121 	0.0104862198052954 	0
7 	2.848247526 	-1.38777878078145e-17 	0.890346187209845 	0.0100987389678881 	0 	0.890346187209845 	0.0100987389678881 	0
7 	2.858752025 	-1.38777878078145e-17 	0.882332968696095 	0.00970753238814605 	0 	0.882332968696095 	0.00970753238814605 	0
7 	2.8688853115 	-1.73472347597681e-17 	0.874008305880744 	0.00931346355044534 	0 	0.874008305880744 	0.00931346355044534 	0
7 	2.878660504 	-2.08166817117217e-17 	0.865382631110433 	0.00891621571149579 	0 	0.865382631110433 	0.00891621571149579 	0
7 	2.8880902575 	-2.08166817117217e-17 	0.856395639062489 	0.00851560299155579 	0 	0.856395639062489 	0.00851560299155579 	0
7 	2.897186779 	-2.08166817117217e-17 	0.846966035845112 	0.0081126436052848 	0 	0.846966035845112 	0.0081126436052848 	0
7 	2.9059618435 	-2.42861286636753e-17 	0.837069572372956 	0.00770543218071306 	0 	0.837069572372956 	0.00770543218071306 	0
7 	2.9144268115 	-2.42861286636753e-17 	0.826664611153302 	0.00729363229609113 	0 	0.826664611153302 	0.00729363229609113 	0
7 	2.9225926415 	-2.08166817117217e-17 	0.815691346337731 	0.006879043652981 	0 	0.815691346337731 	0.006879043652981 	0
7 	2.930469904 	-2.08166817117217e-17 	0.804027840188398 	0.00645905331353541 	0 	0.804027840188398 	0.00645905331353541 	0
7 	2.938068797 	-1.73472347597681e-17 	0.791496458474785 	0.00603591850228189 	0 	0.791496458474785 	0.00603591850228189 	0
7 	2.9453991575 	-1.04083408558608e-17 	0.778051756594311 	0.00561038070177177 	0 	0.778051756594311 	0.00561038070177177 	0
7 	2.952470475 	-3.46944695195361e-18 	0.763281599514944 	0.00518068593519493 	0 	0.763281599514944 	0.00518068593519493 	0
7 	2.9592919035 	-3.46944695195361e-18 	0.747147395311333 	0.00475096235773429 	0 	0.747147395311333 	0.00475096235773429 	0
7 	2.9658722735 	-6.93889390390723e-18 	0.729117888335481 	0.00431874496729187 	0 	0.729117888335481 	0.00431874496729187 	0
7 	2.9722201045 	-6.93889390390723e-18 	0.708925927751937 	0.00388808314730089 	0 	0.708925927751937 	0.00388808314730089 	0
7 	2.9783436135 	-6.93889390390723e-18 	0.686146474386763 	0.00345898449267896 	0 	0.686146474386763 	0.00345898449267896 	0
7 	2.984250727 	-1.04083408558608e-17 	0.659762002865212 	0.00303050435487711 	0 	0.659762002865212 	0.00303050435487711 	0
7 	2.9899490925 	-1.38777878078145e-17 	0.629510455045057 	0.00260849521550927 	0 	0.629510455045057 	0.00260849521550927 	0
7 	2.9954460875 	-1.38777878078145e-17 	0.593946701700063 	0.00219339825241935 	0 	0.593946701700063 	0.00219339825241935 	0
7 	3.0007488275 	-1.38777878078145e-17 	0.55217197823103 	0.00179221554509217 	0 	0.55217197823103 	0.00179221554509217 	0
7 	3.005864177 	-1.38777878078145e-17 	0.503481958950011 	0.00141055485823101 	0 	0.503481958950011 	0.00141055485823101 	0
7 	3.0107987585 	-1.38777878078145e-17 	0.445581662508661 	0.00105455087792551 	0 	0.445581662508661 	0.00105455087792551 	0
7 	3.01555896 	-1.38777878078145e-17 	0.378912271341688 	0.000735912047144806 	0 	0.378912271341688 	0.000735912047144806 	0
7 	3.020150944 	-1.04083408558608e-17 	0.304052616519084 	0.000461899976446505 	0 	0.304052616519084 	0.000461899976446505 	0
7 	3.0245806545 	-3.46944695195361e-18 	0.221357969584013 	0.000246364805356877 	0 	0.221357969584013 	0.000246364805356877 	0
7 	3.028853826 	0 	0.134207446859359 	9.54076960127261e-05 	0 	0.134207446859359 	9.54076960127261e-05 	0
7 	3.0329759905 	0 	0.0450760773174369 	1.27264860446204e-05 	0 	0.0450760773174369 	1.27264860446204e-05 	0
