8 	0.00848137685241545 	-1.04083408558608e-17 	0.131034145272149 	-9.53572687082332e-05 	-0.000177445606918611 	0.131034145272149 	-9.53572687082332e-05 	-0.000177445606918611
8 	0.0257121859855925 	-2.77555756156289e-17 	0.283567798944809 	-0.000462713174727442 	-0.000367905040621096 	0.283567798944809 	-0.000462713174727442 	-0.000367905040621096
8 	0.0434875779150913 	-4.16333634234434e-17 	0.354277068556369 	-0.00103751062575418 	-0.000510534514618047 	0.354277068556369 	-0.00103751062575418 	-0.000510534514618047
8 	0.0618247642773333 	-5.20417042793042e-17 	0.386310265863316 	-0.00173091844812577 	-0.000626433270825116 	0.386310265863316 	-0.00173091844812577 	-0.000626433270825116
8 	0.0807415006855794 	-5.20417042793042e-17 	0.404894467024837 	-0.00249603179415468 	-0.000712559697340954 	0.404894467024837 	-0.00249603179415468 	-0.000712559697340954
8 	0.100256103922415 	-5.55111512312578e-17 	0.417636155038384 	-0.00331092772198559 	-0.000686556093927558 	0.417636155038384 	-0.00331092772198559 	-0.000686556093927558
8 	0.120387469675606 	-6.59194920871187e-17 	0.427405697597446 	-0.00416111604474251 	-0.000532701296129388 	0.427405697597446 	-0.00416111604474251 	-0.000532701296129388
8 	0.141155090834502 	-6.59194920871187e-17 	0.435559794647942 	-0.00504075895036647 	-0.000254962698859869 	0.435559794647942 	-0.00504075895036647 	-0.000254962698859869
8 	0.162579076364696 	-5.89805981832114e-17 	0.44285834522005 	-0.00595713715842588 	6.16792658679676e-05 	0.44285834522005 	-0.00595713715842588 	6.16792658679676e-05
8 	0.184680170779227 	-5.55111512312578e-17 	0.449779529947652 	-0.00691266294951275 	0.000315153825075414 	0.449779529947652 	-0.00691266294951275 	0.000315153825075414
8 	0.207479774225168 	-5.89805981832114e-17 	0.456619479118615 	-0.00789828651663172 	0.000451403430238692 	0.456619479118615 	-0.00789828651663172 	0.000451403430238692
8 	0.230999963205059 	-6.24500451351651e-17 	0.463585031653766 	-0.00890491739890483 	0.000489837434535267 	0.463585031653766 	-0.00890491739890483 	0.000489837434535267
8 	0.25526351195324 	-6.59194920871187e-17 	0.47082112501028 	-0.00992757635600999 	0.00048455613891244 	0.47082112501028 	-0.00992757635600999 	0.00048455613891244
7.99999999999999 	0.28029391448779 	-6.93889390390723e-17 	0.478409875906175 	-0.0109741254370418 	0.000427913920108156 	0.478409875906175 	-0.0109741254370418 	0.000427913920108156
7.99999999999999 	0.306115407359419 	-6.59194920871187e-17 	0.486405855530634 	-0.0120368671859889 	0.000320058057003141 	0.486405855530634 	-0.0120368671859889 	0.000320058057003141
7.99999999999999 	0.332752993119347 	-5.89805981832114e-17 	0.494850469275578 	-0.0131002653932731 	0.000208930564449028 	0.494850469275578 	-0.0131002653932731 	0.000208930564449028
8 	0.360232464528886 	-5.55111512312578e-17 	0.503797955808492 	-0.0141647351175113 	7.3662415390736e-05 	0.503797955808492 	-0.0141647351175113 	7.3662415390736e-05
8 	0.388580429534169 	-5.55111512312578e-17 	0.513344855551199 	-0.0152355042388626 	2.3958126057061e-05 	0.513344855551199 	-0.0152355042388626 	2.3958126057061e-05
8 	0.417824337030213 	-5.89805981832114e-17 	0.523709244391376 	-0.016305648774817 	1.86497997467325e-05 	0.523709244391376 	-0.016305648774817 	1.86497997467325e-05
8 	0.447992503439258 	-6.24500451351651e-17 	0.53488116290107 	-0.0173881127562199 	0.000122235853480486 	0.53488116290107 	-0.0173881127562199 	0.000122235853480486
7.99999999999999 	0.479114140129122 	-7.63278329429795e-17 	0.546928918673883 	-0.0184614055943056 	0.000230831216063765 	0.546928918673883 	-0.0184614055943056 	0.000230831216063765
7.99999999999999 	0.511219381698111 	-9.0205620750794e-17 	0.559866676873566 	-0.0195073900067977 	0.00027899935787788 	0.559866676873566 	-0.0195073900067977 	0.00027899935787788
7.99999999999999 	0.544339315153887 	-9.0205620750794e-17 	0.573674844570493 	-0.0205049189219212 	0.000298650953634165 	0.573674844570493 	-0.0205049189219212 	0.000298650953634165
7.99999999999999 	0.578506010014536 	-8.67361737988404e-17 	0.588259858215152 	-0.0214313445484576 	0.000298304117406329 	0.588259858215152 	-0.0214313445484576 	0.000298304117406329
7.99999999999999 	0.613752549360982 	-8.32667268468867e-17 	0.603636468580333 	-0.0223153706467905 	0.000190774130075573 	0.603636468580333 	-0.0223153706467905 	0.000190774130075573
7.99999999999999 	0.650113061870824 	-7.63278329429795e-17 	0.619771045794436 	-0.0231601929188724 	-1.90332154198446e-05 	0.619771045794436 	-0.0231601929188724 	-1.90332154198446e-05
7.99999999999999 	0.687622754864603 	-7.28583859910259e-17 	0.636726809971342 	-0.0239617562937488 	-0.000164060429921882 	0.636726809971342 	-0.0239617562937488 	-0.000164060429921882
8 	0.726317948396507 	-7.97972798949331e-17 	0.654671249523823 	-0.0246939614187256 	-0.000232622863951504 	0.654671249523823 	-0.0246939614187256 	-0.000232622863951504
8 	0.766236110422516 	-7.97972798949331e-17 	0.673468169995516 	-0.0253333883750113 	-0.000302532820196434 	0.673468169995516 	-0.0253333883750113 	-0.000302532820196434
7.99999999999999 	0.807415893080042 	-7.97972798949331e-17 	0.692789731535088 	-0.0258719249706989 	-0.000444596699211013 	0.692789731535088 	-0.0258719249706989 	-0.000444596699211013
7.99999999999999 	0.849897170114194 	-7.63278329429795e-17 	0.712672894227253 	-0.0263007575936234 	-0.000524996082514315 	0.712672894227253 	-0.0263007575936234 	-0.000524996082514315
7.99999999999999 	0.89372107548691 	-7.63278329429795e-17 	0.732974395083981 	-0.02665059588404 	-0.000378297663011703 	0.732974395083981 	-0.02665059588404 	-0.000378297663011703
7.99999999999999 	0.938930043206329 	-8.67361737988404e-17 	0.753391646444198 	-0.0269407207385113 	-0.000162238716580815 	0.753391646444198 	-0.0269407207385113 	-0.000162238716580815
7.99999999999999 	0.98556784841499 	-7.97972798949331e-17 	0.773477790959801 	-0.0271521902981837 	6.46456893962492e-06 	0.773477790959801 	-0.0271521902981837 	6.46456893962492e-06
7.99999999999999 	1.03367964977662 	-7.28583859910259e-17 	0.792751593514704 	-0.0272820595358453 	0.000128014163413012 	0.792751593514704 	-0.0272820595358453 	0.000128014163413012
7.99999999999999 	1.08331203320257 	-7.97972798949331e-17 	0.811016496180008 	-0.027397960447324 	0.00015445928902649 	0.811016496180008 	-0.027397960447324 	0.00015445928902649
7.99999999999999 	1.13451305696022 	-8.67361737988404e-17 	0.828260027738893 	-0.0274973696315277 	0.000213368615312621 	0.828260027738893 	-0.0274973696315277 	0.000213368615312621
7.99999999999999 	1.18733229820708 	-8.67361737988404e-17 	0.844055649735907 	-0.0275284175138801 	0.000155113250963303 	0.844055649735907 	-0.0275284175138801 	0.000155113250963303
7.99999999999999 	1.24182090099555 	-7.97972798949331e-17 	0.85821629007188 	-0.027572502197863 	8.28154253097224e-05 	0.85821629007188 	-0.027572502197863 	8.28154253097224e-05
7.99999999999999 	1.29803162579494 	-7.63278329429795e-17 	0.870573315572203 	-0.0276478526964633 	1.28699897015653e-05 	0.870573315572203 	-0.0276478526964633 	1.28699897015653e-05
7.99999999999999 	1.3560189005786 	-7.97972798949331e-17 	0.880807198680761 	-0.0276767755457024 	-0.000122770268139812 	0.880807198680761 	-0.0276767755457024 	-0.000122770268139812
7.99999999999999 	1.41583887352569 	-8.32667268468867e-17 	0.889124672691302 	-0.0277393269889042 	-0.000223740879806138 	0.889124672691302 	-0.0277393269889042 	-0.000223740879806138
7.99999999999999 	1.47754946738859 	-7.63278329429795e-17 	0.895582009781426 	-0.0278562463017422 	-0.000193515731112962 	0.895582009781426 	-0.0278562463017422 	-0.000193515731112962
7.99999999999999 	1.54121043557858 	-7.28583859910259e-17 	0.90029800487608 	-0.0278968812900275 	-0.000120618799967351 	0.90029800487608 	-0.0278968812900275 	-0.000120618799967351
7.99999999999999 	1.6068834200242 	-7.97972798949331e-17 	0.903727797917887 	-0.0279864435102669 	-4.85321918113798e-05 	0.903727797917887 	-0.0279864435102669 	-4.85321918113798e-05
7.99999999999999 	1.6746320108581 	-7.63278329429795e-17 	0.906141894225082 	-0.0280787323468186 	-1.31764963585269e-05 	0.906141894225082 	-0.0280787323468186 	-1.31764963585269e-05
7.99999999999999 	1.74452180799044 	-6.93889390390723e-17 	0.907764373284852 	-0.0280778269256236 	-4.04977030723036e-06 	0.907764373284852 	-0.0280778269256236 	-4.04977030723036e-06
7.99999999999999 	1.81662048462824 	-6.93889390390723e-17 	0.908820601964736 	-0.0281847601431698 	-3.00021733146042e-06 	0.908820601964736 	-0.0281847601431698 	-3.00021733146042e-06
7.99999999999999 	1.89099785280229 	-6.24500451351651e-17 	0.909563152997686 	-0.0282103265946898 	-2.7140526238756e-06 	0.909563152997686 	-0.0282103265946898 	-2.7140526238756e-06
7.99999999999999 	1.96772593096507 	-5.20417042793042e-17 	0.910196053374776 	-0.0282056979960598 	1.27709749343394e-06 	0.910196053374776 	-0.0282056979960598 	1.27709749343394e-06
7.99999999999999 	2.0468790137251 	-4.85722573273506e-17 	0.910828486319268 	-0.0283026432954196 	9.92082439647661e-07 	0.910828486319268 	-0.0283026432954196 	9.92082439647661e-07
7.99999999999999 	2.12853374378525 	-5.20417042793042e-17 	0.911380816373087 	-0.0281968736585906 	5.49457067769649e-07 	0.911380816373087 	-0.0281968736585906 	5.49457067769649e-07
7.99999999999999 	2.21276918615469 	-5.55111512312578e-17 	0.911937868089218 	-0.0282188743770391 	-1.05066004710256e-08 	0.911937868089218 	-0.0282188743770391 	-1.05066004710256e-08
7.99999999999999 	2.29966690470631 	-5.89805981832114e-17 	0.912503308549685 	-0.0281785936451149 	-2.85595501506994e-07 	0.912503308549685 	-0.0281785936451149 	-2.85595501506994e-07
7.99999999999999 	2.38931104115375 	-6.24500451351651e-17 	0.913142598464003 	-0.0280541388296253 	-1.50732319101496e-07 	0.913142598464003 	-0.0280541388296253 	-1.50732319101496e-07
7.99999999999999 	2.48178839652452 	-5.89805981832114e-17 	0.913871675028639 	-0.0281093611925326 	2.20396859850988e-08 	0.913871675028639 	-0.0281093611925326 	2.20396859850988e-08
7.99999999999999 	2.57718851520809 	-5.89805981832114e-17 	0.914502678150855 	-0.0278504691580705 	4.39888273442584e-08 	0.914502678150855 	-0.0278504691580705 	4.39888273442584e-08
7.99999999999999 	2.67560377166032 	-5.89805981832114e-17 	0.915179222869442 	-0.0278221246750787 	2.30900339862043e-08 	0.915179222869442 	-0.0278221246750787 	2.30900339862043e-08
7.99999999999999 	2.77712945984824 	-4.85722573273506e-17 	0.915892365277612 	-0.0276398550808054 	1.77483183409476e-08 	0.915892365277612 	-0.0276398550808054 	1.77483183409476e-08
7.99999999999999 	2.88186388552171 	-3.81639164714898e-17 	0.916705681914793 	-0.0274292974424925 	9.68690017603194e-09 	0.916705681914793 	-0.0274292974424925 	9.68690017603194e-09
7.99999999999999 	2.98990846140133 	-3.46944695195361e-17 	0.917567191227931 	-0.027359499481281 	4.1005337365837e-09 	0.917567191227931 	-0.027359499481281 	4.1005337365837e-09
7.99999999999999 	3.10136780537484 	-3.46944695195361e-17 	0.91827006135738 	-0.0269126415483818 	4.5700803317869e-09 	0.91827006135738 	-0.0269126415483818 	4.5700803317869e-09
7.99999999999999 	3.21634984179699 	-3.46944695195361e-17 	0.91912038896529 	-0.026923697299757 	1.2500684067258e-09 	0.91912038896529 	-0.026923697299757 	1.2500684067258e-09
7.99999999999999 	3.33496590599099 	-3.46944695195361e-17 	0.919886069278111 	-0.0264438073704259 	1.39761200085233e-09 	0.919886069278111 	-0.0264438073704259 	1.39761200085233e-09
7.99999999999999 	3.45733085205282 	-3.46944695195361e-17 	0.920903059780283 	-0.0262623770755752 	4.32411247599182e-10 	0.920903059780283 	-0.0262623770755752 	4.32411247599182e-10
7.99999999999999 	3.58356316406265 	-3.46944695195361e-17 	0.921819511688773 	-0.0259084956865338 	4.74685364186742e-10 	0.921819511688773 	-0.0259084956865338 	4.74685364186742e-10
7.99999999999999 	3.71378507081113 	-2.77555756156289e-17 	0.922644488699531 	-0.0254610846316833 	6.1305662114052e-10 	0.922644488699531 	-0.0254610846316833 	6.1305662114052e-10
7.99999999999999 	3.84812266415166 	-2.77555756156289e-17 	0.923611447651249 	-0.0252758667549451 	2.07800487855735e-10 	0.923611447651249 	-0.0252758667549451 	2.07800487855735e-10
7.99999999999999 	3.98670602109312 	-2.77555756156289e-17 	0.924355104445124 	-0.0245136236431233 	-2.30265633755171e-12 	0.924355104445124 	-0.0245136236431233 	-2.30265633755171e-12
7.99999999999999 	4.12966932975152 	-1.38777878078145e-17 	0.925676490233484 	-0.0245363512884023 	-3.92731510225015e-13 	0.925676490233484 	-0.0245363512884023 	-3.92731510225015e-13
7.99999999999999 	4.27715101928215 	-1.95156391047391e-18 	0.926396243837799 	-0.02357353512267 	-3.75498656502256e-13 	0.926396243837799 	-0.02357353512267 	-3.75498656502256e-13
7.99999999999999 	4.42929389391849 	6.72205346941013e-18 	0.927555770754842 	-0.0234244736154675 	-2.40739681069962e-10 	0.927555770754842 	-0.0234244736154675 	-2.40739681069962e-10
7.99999999999999 	4.58624527124728 	7.37257477290143e-18 	0.928311544770208 	-0.0226308050929546 	-6.42242301566262e-10 	0.928311544770208 	-0.0226308050929546 	-6.42242301566262e-10
7.99999999999999 	4.74815712485385 	1.25767452008319e-17 	0.929331888102007 	-0.0221654162550455 	-6.6361503869566e-10 	0.929331888102007 	-0.0221654162550455 	-6.6361503869566e-10
7.99999999999999 	4.91518623147584 	2.38524477946811e-17 	0.930313383991544 	-0.021565004068785 	-1.20241742577735e-09 	0.930313383991544 	-0.021565004068785 	-1.20241742577735e-09
