8 	0.00848137685241545 	-1.04083408558608e-17 	0.103234671405079 	69.5325010731472 	0 	0 	0 	0 	0 	0.00388070100509772
8 	0.0257121859855925 	-2.77555756156289e-17 	0.103207491622357 	26.9353545568505 	0 	0 	0 	0 	0 	0.00965172047347673
8 	0.0434875779150913 	-4.16333634234434e-17 	0.103139405871498 	8.73477063276952 	0 	0 	0 	0 	0 	0.0120868386520748
8 	0.0618247642773333 	-5.20417042793042e-17 	0.103031546163988 	5.04349618426907 	0 	0 	0 	0 	0 	0.0130687570388099
8 	0.0807415006855794 	-5.20417042793042e-17 	0.102901805985917 	3.69307779309024 	0 	0 	0 	0 	0 	0.0136925683681703
8 	0.100256103922415 	-5.55111512312578e-17 	0.102764589896991 	3.02652121852835 	0 	0 	0 	0 	0 	0.0141872286043465
8 	0.120387469675606 	-6.59194920871187e-17 	0.102626883477541 	2.64523902441561 	0 	0 	0 	0 	0 	0.0146195546035733
8 	0.141155090834502 	-6.59194920871187e-17 	0.102492317363351 	2.4107409793853 	0 	0 	0 	0 	0 	0.0150204908640264
8 	0.162579076364696 	-5.89805981832114e-17 	0.102363043243647 	2.2626490355682 	0 	0 	0 	0 	0 	0.0154095504580857
8 	0.184680170779227 	-5.55111512312578e-17 	0.102240122045365 	2.17041895781017 	0 	0 	0 	0 	0 	0.0157982162892946
8 	0.207479774225168 	-5.89805981832114e-17 	0.102123745476594 	2.11684945335098 	0 	0 	0 	0 	0 	0.0161856816892219
8 	0.230999963205059 	-6.24500451351651e-17 	0.10201344526503 	2.09137891942194 	0 	0 	0 	0 	0 	0.0165751762848044
8 	0.25526351195324 	-6.59194920871187e-17 	0.101908251962029 	2.0869902474837 	0 	0 	0 	0 	0 	0.0169761232908474
7.99999999999999 	0.28029391448779 	-6.93889390390723e-17 	0.101806814969841 	2.09863237310539 	0 	0 	0 	0 	0 	0.0173725344111837
7.99999999999999 	0.306115407359419 	-6.59194920871187e-17 	0.10170751424434 	2.12234726909923 	0 	0 	0 	0 	0 	0.017753892752519
7.99999999999999 	0.332752993119347 	-5.89805981832114e-17 	0.101608574671455 	2.15475345945222 	0 	0 	0 	0 	0 	0.0181298714424176
8 	0.360232464528886 	-5.55111512312578e-17 	0.101507935113144 	2.19272347907732 	0 	0 	0 	0 	0 	0.0184906180230875
8 	0.388580429534169 	-5.55111512312578e-17 	0.101402594169976 	2.23317394618368 	0 	0 	0 	0 	0 	0.0188381591825156
8 	0.417824337030213 	-5.89805981832114e-17 	0.101291255707553 	2.27291987412535 	0 	0 	0 	0 	0 	0.0191476489283224
8 	0.447992503439258 	-6.24500451351651e-17 	0.101185344955056 	2.30845365114109 	0 	0 	0 	0 	0 	0.0193929929267785
7.99999999999999 	0.479114140129122 	-7.63278329429795e-17 	0.101096343248487 	2.33498049302407 	0 	0 	0 	0 	0 	0.0195740394798151
7.99999999999999 	0.511219381698111 	-9.0205620750794e-17 	0.101006325469184 	2.34463913542262 	0 	0 	0 	0 	0 	0.0196822350030033
7.99999999999999 	0.544339315153887 	-9.0205620750794e-17 	0.10088801498057 	2.32841530823798 	0 	0 	0 	0 	0 	0.0196927803980592
7.99999999999999 	0.578506010014536 	-8.67361737988404e-17 	0.100733285104709 	2.28122217951431 	0 	0 	0 	0 	0 	0.019611679900403
7.99999999999999 	0.613752549360982 	-8.32667268468867e-17 	0.100544165957858 	2.20318440514335 	0 	0 	0 	0 	0 	0.0194306333752482
7.99999999999999 	0.650113061870824 	-7.63278329429795e-17 	0.100321890165796 	2.0985416571396 	0 	0 	0 	0 	0 	0.0191168349908213
7.99999999999999 	0.687622754864603 	-7.28583859910259e-17 	0.100065623874902 	1.97646060772736 	0 	0 	0 	0 	0 	0.0186595835443588
8 	0.726317948396507 	-7.97972798949331e-17 	0.099775221392415 	1.84050836074894 	0 	0 	0 	0 	0 	0.0180268749975177
8 	0.766236110422516 	-7.97972798949331e-17 	0.0994523005011139 	1.68745059954257 	0 	0 	0 	0 	0 	0.0172151928273196
7.99999999999999 	0.807415893080042 	-7.97972798949331e-17 	0.0990987175607985 	1.51986620231808 	0 	0 	0 	0 	0 	0.0162620331634954
7.99999999999999 	0.849897170114194 	-7.63278329429795e-17 	0.098715636902848 	1.34646279873605 	0 	0 	0 	0 	0 	0.0151590617781999
7.99999999999999 	0.89372107548691 	-7.63278329429795e-17 	0.0983039691473372 	1.17905361118752 	0 	0 	0 	0 	0 	0.01390537428652
7.99999999999999 	0.938930043206329 	-8.67361737988404e-17 	0.0978648819344568 	1.02901278577139 	0 	0 	0 	0 	0 	0.0125125163892747
7.99999999999999 	0.98556784841499 	-7.97972798949331e-17 	0.0973999513618741 	0.90361524730955 	0 	0 	0 	0 	0 	0.0110436682989907
7.99999999999999 	1.03367964977662 	-7.28583859910259e-17 	0.0969108105343227 	0.804333195571002 	0 	0 	0 	0 	0 	0.00958108918102617
7.99999999999999 	1.08331203320257 	-7.97972798949331e-17 	0.0963985478898449 	0.727993524638033 	0 	0 	0 	0 	0 	0.00816107867916823
7.99999999999999 	1.13451305696022 	-8.67361737988404e-17 	0.0958634674802759 	0.669233362797858 	0 	0 	0 	0 	0 	0.00677033640311033
7.99999999999999 	1.18733229820708 	-8.67361737988404e-17 	0.0953054782798454 	0.622482825277225 	0 	0 	0 	0 	0 	0.00547746095223978
7.99999999999999 	1.24182090099555 	-7.97972798949331e-17 	0.0947249197783551 	0.583080752878037 	0 	0 	0 	0 	0 	0.00432196640020999
7.99999999999999 	1.29803162579494 	-7.63278329429795e-17 	0.0941222720470724 	0.547709895960081 	0 	0 	0 	0 	0 	0.00332327937846193
7.99999999999999 	1.3560189005786 	-7.97972798949331e-17 	0.0934952449599102 	0.513880065753454 	0 	0 	0 	0 	0 	0.00251549162597858
7.99999999999999 	1.41583887352569 	-8.32667268468867e-17 	0.0928447096026652 	0.478600886846302 	0 	0 	0 	0 	0 	0.00187252355463033
7.99999999999999 	1.47754946738859 	-7.63278329429795e-17 	0.0921739185141872 	0.438166194638116 	0 	0 	0 	0 	0 	0.00137360629356974
7.99999999999999 	1.54121043557858 	-7.28583859910259e-17 	0.0914832864671662 	0.389408710466501 	0 	0 	0 	0 	0 	0.00100215351132204
7.99999999999999 	1.6068834200242 	-7.97972798949331e-17 	0.0907749009648769 	0.332117318679846 	0 	0 	0 	0 	0 	0.000726835219892083
7.99999999999999 	1.6746320108581 	-7.63278329429795e-17 	0.0900524102502121 	0.272771037730716 	0 	0 	0 	0 	0 	0.000521882024034299
7.99999999999999 	1.74452180799044 	-6.93889390390723e-17 	0.0893198932693494 	0.224327402815075 	0 	0 	0 	0 	0 	0.000377836469607527
7.99999999999999 	1.81662048462824 	-6.93889390390723e-17 	0.0885808701945523 	0.196041617030818 	0 	0 	0 	0 	0 	0.000282557799793564
7.99999999999999 	1.89099785280229 	-6.24500451351651e-17 	0.0878368914164806 	0.183623400600668 	0 	0 	0 	0 	0 	0.000215123885953185
7.99999999999999 	1.96772593096507 	-5.20417042793042e-17 	0.08708845716251 	0.176979921484545 	0 	0 	0 	0 	0 	0.000165905641146107
7.99999999999999 	2.0468790137251 	-4.85722573273506e-17 	0.0863359961241164 	0.170878863920132 	0 	0 	0 	0 	0 	0.000130193490699895
7.99999999999999 	2.12853374378525 	-5.20417042793042e-17 	0.0855801059493909 	0.1643675871535 	0 	0 	0 	0 	0 	0.000104179548356297
7.99999999999999 	2.21276918615469 	-5.55111512312578e-17 	0.0848214999406286 	0.157659292318609 	0 	0 	0 	0 	0 	8.45263174771504e-05
7.99999999999999 	2.29966690470631 	-5.89805981832114e-17 	0.0840610044551302 	0.151025817475352 	0 	0 	0 	0 	0 	6.87170428874279e-05
7.99999999999999 	2.38931104115375 	-6.24500451351651e-17 	0.0832994587541617 	0.144624342561675 	0 	0 	0 	0 	0 	5.60699443921576e-05
7.99999999999999 	2.48178839652452 	-5.89805981832114e-17 	0.0825377302580295 	0.138484752516473 	0 	0 	0 	0 	0 	4.62970972743348e-05
7.99999999999999 	2.57718851520809 	-5.89805981832114e-17 	0.081776695343308 	0.132568005894393 	0 	0 	0 	0 	0 	3.82963594095653e-05
7.99999999999999 	2.67560377166032 	-5.89805981832114e-17 	0.0810172610219662 	0.126837291944466 	0 	0 	0 	0 	0 	3.2048204811009e-05
7.99999999999999 	2.77712945984824 	-4.85722573273506e-17 	0.0802603299052103 	0.121281463737755 	0 	0 	0 	0 	0 	2.6736298330071e-05
7.99999999999999 	2.88186388552171 	-3.81639164714898e-17 	0.0795067888738754 	0.115905660381913 	0 	0 	0 	0 	0 	2.22752730712387e-05
7.99999999999999 	2.98990846140133 	-3.46944695195361e-17 	0.0787575436451949 	0.110715054832638 	0 	0 	0 	0 	0 	1.87106768240079e-05
7.99999999999999 	3.10136780537484 	-3.46944695195361e-17 	0.0780135520904747 	0.105703216367327 	0 	0 	0 	0 	0 	1.56418504968923e-05
7.99999999999999 	3.21634984179699 	-3.46944695195361e-17 	0.0772758118741952 	0.100857134294587 	0 	0 	0 	0 	0 	1.33328920506248e-05
7.99999999999999 	3.33496590599099 	-3.46944695195361e-17 	0.0765452448272541 	0.0961782516525597 	0 	0 	0 	0 	0 	1.1234730614864e-05
7.99999999999999 	3.45733085205282 	-3.46944695195361e-17 	0.0758227049544917 	0.091693706475728 	0 	0 	0 	0 	0 	9.56080684870879e-06
7.99999999999999 	3.58356316406265 	-3.46944695195361e-17 	0.0751089300752867 	0.0874382113077477 	0 	0 	0 	0 	0 	8.11661167048423e-06
7.99999999999999 	3.71378507081113 	-2.77555756156289e-17 	0.0744049984382702 	0.0834286851642096 	0 	0 	0 	0 	0 	6.93412634520136e-06
7.99999999999999 	3.84812266415166 	-2.77555756156289e-17 	0.0737115795004405 	0.0796671739821577 	0 	0 	0 	0 	0 	5.94420149976781e-06
7.99999999999999 	3.98670602109312 	-2.77555756156289e-17 	0.0730303361033384 	0.0761758938602742 	0 	0 	0 	0 	0 	5.05530265986972e-06
7.99999999999999 	4.12966932975152 	-1.38777878078145e-17 	0.0723605512073212 	0.0730236966993062 	0 	0 	0 	0 	0 	4.32233717347452e-06
7.99999999999999 	4.27715101928215 	-1.95156391047391e-18 	0.071705610424897 	0.0702931534503766 	0 	0 	0 	0 	0 	3.70480864772082e-06
7.99999999999999 	4.42929389391849 	6.72205346941013e-18 	0.0710614221207116 	0.0680436623693702 	0 	0 	0 	0 	0 	3.23313567756116e-06
7.99999999999999 	4.58624527124728 	7.37257477290143e-18 	0.0704370506791593 	0.0663205203845225 	0 	0 	0 	0 	0 	2.74827995886785e-06
7.99999999999999 	4.74815712485385 	1.25767452008319e-17 	0.0698211166653404 	0.0652185430428537 	0 	0 	0 	0 	0 	2.44573498341116e-06
7.99999999999999 	4.91518623147584 	2.38524477946811e-17 	0.0692325398691139 	0.0648209064251082 	0 	0 	0 	0 	0 	2.17090496255292e-06
