0.273 	-0.21 	0.0487875 	0 	0 	0 	0 	0 	0 	3.30472 	0 	-0.884342 	0.852207 	0 	0.250739
0.273 	-0.21 	0.0488226 	0 	0 	0 	0 	0 	0 	14.5831 	0 	-3.9774 	2.97449 	0 	1.17166
0.273 	-0.21 	0.0488578 	0 	0 	0 	0 	0 	0 	26.7342 	0 	-7.56377 	4.83364 	0 	2.39018
0.273 	-0.21 	0.0488929 	0 	0 	0 	0 	0 	0 	33.7069 	0 	-9.88694 	6.14688 	0 	3.39744
0.273 	-0.21 	0.0489281 	0 	0 	0 	0 	0 	0 	35.8975 	0 	-10.8622 	7.01086 	0 	4.09161
0.273 	-0.21 	0.0489632 	0 	0 	0 	0 	0 	0 	35.5119 	0 	-11.0255 	7.55006 	0 	4.56762
0.273 	-0.21 	0.048999 	0 	0 	0 	0 	0 	0 	34.0069 	0 	-10.7874 	7.87033 	0 	4.91801
0.273 	-0.21 	0.0490385 	0 	0 	0 	0 	0 	0 	31.9841 	0 	-10.3419 	8.04879 	0 	5.2044
0.273 	-0.21 	0.0490851 	0 	0 	0 	0 	0 	0 	29.6894 	0 	-9.77409 	8.12107 	0 	5.45057
0.273 	-0.21 	0.04914 	0 	0 	0 	0 	0 	0 	27.3326 	0 	-9.1497 	8.10135 	0 	5.64959
0.273 	-0.21 	0.0492044 	0 	0 	0 	0 	0 	0 	25.0761 	0 	-8.52093 	8.0039 	0 	5.78789
0.273 	-0.21 	0.0492793 	0 	0 	0 	0 	0 	0 	23.0224 	0 	-7.92314 	7.84505 	0 	5.85544
0.273 	-0.21 	0.0493658 	0 	0 	0 	0 	0 	0 	21.2197 	0 	-7.37555 	7.63726 	0 	5.84951
0.273 	-0.21 	0.049465 	0 	0 	0 	0 	0 	0 	19.6725 	0 	-6.88294 	7.38977 	0 	5.77451
0.273 	-0.21 	0.0495773 	0 	0 	0 	0 	0 	0 	18.3561 	0 	-6.4402 	7.11234 	0 	5.64033
0.273 	-0.21 	0.0497032 	0 	0 	0 	0 	0 	0 	17.2386 	0 	-6.04056 	6.81268 	0 	5.4603
0.273 	-0.21 	0.0498425 	0 	0 	0 	0 	0 	0 	16.2804 	0 	-5.6762 	6.49747 	0 	5.24656
0.273 	-0.21 	0.0499944 	0 	0 	0 	0 	0 	0 	15.4165 	0 	-5.33433 	6.16559 	0 	5.00602
0.273 	-0.21 	0.0501576 	0 	0 	0 	0 	0 	0 	14.5958 	0 	-5.00556 	5.8187 	0 	4.73995
0.273 	-0.21 	0.0503299 	0 	0 	0 	0 	0 	0 	13.8208 	0 	-4.69299 	5.46428 	0 	4.45361
0.273 	-0.21 	0.0505087 	0 	0 	0 	0 	0 	0 	13.1029 	0 	-4.40155 	5.11265 	0 	4.15606
0.273 	-0.21 	0.050691 	0 	0 	0 	0 	0 	0 	12.4475 	0 	-4.13378 	4.77421 	0 	3.85777
0.273 	-0.21 	0.0508767 	0 	0 	0 	0 	0 	0 	11.8448 	0 	-3.88625 	4.45397 	0 	3.56534
0.273 	-0.21 	0.0510718 	0 	0 	0 	0 	0 	0 	11.2696 	0 	-3.64919 	4.15066 	0 	3.27971
0.273 	-0.21 	0.0512813 	0 	0 	0 	0 	0 	0 	10.6988 	0 	-3.41394 	3.86843 	0 	3.00688
0.273 	-0.21 	0.0515063 	0 	0 	0 	0 	0 	0 	10.1144 	0 	-3.17418 	3.62105 	0 	2.76296
0.273 	-0.21 	0.0517479 	0 	0 	0 	0 	0 	0 	9.49306 	0 	-2.92201 	3.4262 	0 	2.56939
0.273 	-0.21 	0.0520071 	0 	0 	0 	0 	0 	0 	8.82736 	0 	-2.65541 	3.29021 	0 	2.43691
0.273 	-0.21 	0.0522853 	0 	0 	0 	0 	0 	0 	8.16428 	0 	-2.39282 	3.18305 	0 	2.3355
0.273 	-0.21 	0.0525837 	0 	0 	0 	0 	0 	0 	7.53055 	0 	-2.14694 	3.09011 	0 	2.25045
0.273 	-0.21 	0.0529037 	0 	0 	0 	0 	0 	0 	6.94305 	0 	-1.92508 	3.00964 	0 	2.18358
0.273 	-0.21 	0.0532467 	0 	0 	0 	0 	0 	0 	6.41325 	0 	-1.72984 	2.93907 	0 	2.13644
0.273 	-0.21 	0.0536143 	0 	0 	0 	0 	0 	0 	5.94317 	0 	-1.55968 	2.87811 	0 	2.10762
0.273 	-0.21 	0.054008 	0 	0 	0 	0 	0 	0 	5.53845 	0 	-1.41544 	2.82289 	0 	2.09475
0.273 	-0.21 	0.0544297 	0 	0 	0 	0 	0 	0 	5.20793 	0 	-1.29811 	2.77009 	0 	2.09632
0.273 	-0.21 	0.054881 	0 	0 	0 	0 	0 	0 	4.9465 	0 	-1.20639 	2.71779 	0 	2.11146
0.273 	-0.21 	0.0553638 	0 	0 	0 	0 	0 	0 	4.74249 	0 	-1.13718 	2.67233 	0 	2.1374
0.273 	-0.21 	0.0558801 	0 	0 	0 	0 	0 	0 	4.59156 	0 	-1.0879 	2.63675 	0 	2.17044
0.273 	-0.21 	0.0564318 	0 	0 	0 	0 	0 	0 	4.4867 	0 	-1.05621 	2.60876 	0 	2.20671
0.273 	-0.21 	0.0570212 	0 	0 	0 	0 	0 	0 	4.41221 	0 	-1.03672 	2.58887 	0 	2.23958
0.273 	-0.21 	0.0576504 	0 	0 	0 	0 	0 	0 	4.35813 	0 	-1.02592 	2.5703 	0 	2.26483
0.273 	-0.21 	0.0583216 	0 	0 	0 	0 	0 	0 	4.32638 	0 	-1.02274 	2.55038 	0 	2.28046
0.273 	-0.21 	0.0590372 	0 	0 	0 	0 	0 	0 	4.31296 	0 	-1.02538 	2.52803 	0 	2.28498
0.273 	-0.21 	0.0597995 	0 	0 	0 	0 	0 	0 	4.31118 	0 	-1.03414 	2.4969 	0 	2.28082
0.273 	-0.21 	0.060611 	0 	0 	0 	0 	0 	0 	4.30959 	0 	-1.04593 	2.45948 	0 	2.26546
0.273 	-0.21 	0.0614741 	0 	0 	0 	0 	0 	0 	4.30393 	0 	-1.05795 	2.42228 	0 	2.23388
0.273 	-0.21 	0.0623913 	0 	0 	0 	0 	0 	0 	4.29267 	0 	-1.06813 	2.37755 	0 	2.18474
0.273 	-0.21 	0.063365 	0 	0 	0 	0 	0 	0 	4.25221 	0 	-1.07014 	2.31658 	0 	2.12008
0.273 	-0.21 	0.0643978 	0 	0 	0 	0 	0 	0 	4.17063 	0 	-1.05926 	2.23204 	0 	2.04232
0.273 	-0.21 	0.0654921 	0 	0 	0 	0 	0 	0 	4.05398 	0 	-1.03462 	2.12219 	0 	1.95168
0.273 	-0.21 	0.0666502 	0 	0 	0 	0 	0 	0 	3.89355 	0 	-0.995853 	1.99203 	0 	1.84516
0.273 	-0.21 	0.0678744 	0 	0 	0 	0 	0 	0 	3.6682 	0 	-0.94106 	1.84546 	0 	1.72082
0.273 	-0.21 	0.0691669 	0 	0 	0 	0 	0 	0 	3.39639 	0 	-0.873136 	1.68302 	0 	1.58225
0.273 	-0.21 	0.0705296 	0 	0 	0 	0 	0 	0 	3.07588 	0 	-0.794768 	1.50722 	0 	1.43367
0.273 	-0.21 	0.0719645 	0 	0 	0 	0 	0 	0 	2.71196 	0 	-0.708083 	1.32488 	0 	1.27809
0.273 	-0.21 	0.0734731 	0 	0 	0 	0 	0 	0 	2.31092 	0 	-0.61187 	1.13206 	0 	1.1195
0.273 	-0.21 	0.0750567 	0 	0 	0 	0 	0 	0 	1.88728 	0 	-0.509992 	0.935186 	0 	0.958471
0.273 	-0.21 	0.0767165 	0 	0 	0 	0 	0 	0 	1.47875 	0 	-0.40988 	0.749534 	0 	0.797311
0.273 	-0.21 	0.0784531 	0 	0 	0 	0 	0 	0 	1.10528 	0 	-0.317265 	0.575932 	0 	0.647387
0.273 	-0.21 	0.0802669 	0 	0 	0 	0 	0 	0 	0.776985 	0 	-0.233733 	0.425445 	0 	0.507916
0.273 	-0.21 	0.0821579 	0 	0 	0 	0 	0 	0 	0.512036 	0 	-0.162973 	0.298385 	0 	0.383778
0.273 	-0.21 	0.0841255 	0 	0 	0 	0 	0 	0 	0.316407 	0 	-0.107298 	0.197253 	0 	0.27931
0.273 	-0.21 	0.0861687 	0 	0 	0 	0 	0 	0 	0.186751 	0 	-0.067426 	0.125622 	0 	0.195674
0.273 	-0.21 	0.088286 	0 	0 	0 	0 	0 	0 	0.108568 	0 	-0.0411185 	0.0797761 	0 	0.133309
0.273 	-0.21 	0.0904754 	0 	0 	0 	0 	0 	0 	0.063109 	0 	-0.0243959 	0.0503707 	0 	0.0899345
0.273 	-0.21 	0.0927343 	0 	0 	0 	0 	0 	0 	0.0373454 	0 	-0.0141162 	0.0319659 	0 	0.0610497
0.273 	-0.21 	0.0950596 	0 	0 	0 	0 	0 	0 	0.0235252 	0 	-0.00839774 	0.020972 	0 	0.0423975
0.273 	-0.21 	0.0974476 	0 	0 	0 	0 	0 	0 	0.0160712 	0 	-0.00563261 	0.0145863 	0 	0.030674
0.273 	-0.21 	0.099894 	0 	0 	0 	0 	0 	0 	0.0118156 	0 	-0.00405349 	0.0103855 	0 	0.0227505
0.273 	-0.21 	0.102392 	0 	0 	0 	0 	0 	0 	0.00912268 	0 	-0.00289378 	0.0075915 	0 	0.0171956
0.273 	-0.21 	0.10518 	0 	0 	0 	0 	0 	0 	0.00699147 	0 	-0.00214887 	0.00558112 	0 	0.0130799
0.273 	-0.21 	0.108748 	0 	0 	0 	0 	0 	0 	0.00509291 	0 	-0.00168854 	0.00398423 	0 	0.00992858
0.273 	-0.21 	0.113515 	0 	0 	0 	0 	0 	0 	0.00358299 	0 	-0.00129702 	0.00265826 	0 	0.00738784
0.273 	-0.21 	0.119856 	0 	0 	0 	0 	0 	0 	0.00254552 	0 	-0.000960212 	0.00160571 	0 	0.00533703
0.273 	-0.21 	0.128247 	0 	0 	0 	0 	0 	0 	0.00192037 	0 	-0.000578191 	0.000853163 	0 	0.00371047
0.273 	-0.21 	0.13927 	0 	0 	0 	0 	0 	0 	0.00150209 	0 	-0.000227225 	0.000387667 	0 	0.00246939
0.273 	-0.21 	0.153614 	0 	0 	0 	0 	0 	0 	0.00112365 	0 	-2.401e-05 	0.000148631 	0 	0.00157936
0.273 	-0.21 	0.172053 	0 	0 	0 	0 	0 	0 	0.000889072 	0 	5.51563e-05 	5.18861e-05 	0 	0.000969515
0.273 	-0.21 	0.195389 	0 	0 	0 	0 	0 	0 	0.000713703 	0 	7.34991e-05 	2.03978e-05 	0 	0.000575493
0.273 	-0.21 	0.224149 	0 	0 	0 	0 	0 	0 	0.000428425 	0 	0.00014587 	9.00787e-06 	0 	0.00032373
0.273 	-0.21 	0.258326 	0 	0 	0 	0 	0 	0 	0.000326365 	0 	0.000137569 	4.02973e-06 	0 	0.000159066
0.273 	-0.21 	0.298939 	0 	0 	0 	0 	0 	0 	0.000301589 	0 	8.6829e-05 	1.68908e-06 	0 	6.18075e-05
0.273 	-0.21 	0.347922 	0 	0 	0 	0 	0 	0 	0.000294567 	0 	2.95389e-05 	6.66728e-07 	0 	1.23193e-05
