0.42 	-0.21 	2.3023e-05 	2.99231e+06 	0 	2.55629 	0 	1.24096e-06
0.42 	-0.21 	6.33423e-05 	597958 	0 	11.0662 	0 	2.20678e-05
0.42 	-0.21 	0.000103662 	204670 	0 	20.0228 	0 	0.000103572
0.42 	-0.21 	0.000143981 	102249 	0 	26.9227 	0 	0.000270101
0.42 	-0.21 	0.0001843 	61995.7 	0 	32.0002 	0 	0.000522911
0.42 	-0.21 	0.00022462 	42987.8 	0 	35.803 	0 	0.000838755
0.42 	-0.21 	0.000265618 	32477 	0 	38.7742 	0 	0.00119929
0.42 	-0.21 	0.000310941 	25528.6 	0 	41.3225 	0 	0.00162434
0.42 	-0.21 	0.000364365 	20485.9 	0 	43.6495 	0 	0.00213692
0.42 	-0.21 	0.000427334 	16723.1 	0 	45.7585 	0 	0.00274296
0.42 	-0.21 	0.000501135 	13859.2 	0 	47.6438 	0 	0.00344485
0.42 	-0.21 	0.00058706 	11641.3 	0 	49.3071 	0 	0.00424302
0.42 	-0.21 	0.000686333 	9898.3 	0 	50.7557 	0 	0.00513543
0.42 	-0.21 	0.000800012 	8511.89 	0 	51.9948 	0 	0.00611631
0.42 	-0.21 	0.00092887 	7398.3 	0 	53.0308 	0 	0.00717573
0.42 	-0.21 	0.00107327 	6496.99 	0 	53.8795 	0 	0.00830053
0.42 	-0.21 	0.001233 	5763.21 	0 	54.5494 	0 	0.00947229
0.42 	-0.21 	0.00140722 	5163.24 	0 	55.0737 	0 	0.0106732
0.42 	-0.21 	0.00159431 	4671.22 	0 	55.4962 	0 	0.0118865
0.42 	-0.21 	0.00179192 	4266.96 	0 	55.8165 	0 	0.0130864
0.42 	-0.21 	0.00199702 	3934.46 	0 	56.0399 	0 	0.0142479
0.42 	-0.21 	0.00220606 	3660.75 	0 	56.1832 	0 	0.0153513
0.42 	-0.21 	0.00241898 	3431.42 	0 	56.2734 	0 	0.0164028
0.42 	-0.21 	0.00264273 	3231.06 	0 	56.3437 	0 	0.0174414
0.42 	-0.21 	0.00288304 	3051.72 	0 	56.4347 	0 	0.0184958
0.42 	-0.21 	0.00314108 	2890.87 	0 	56.6034 	0 	0.0195831
0.42 	-0.21 	0.00341809 	2746.51 	0 	56.9309 	0 	0.0207315
0.42 	-0.21 	0.00371541 	2616.96 	0 	57.4771 	0 	0.0219664
0.42 	-0.21 	0.00403441 	2500.82 	0 	58.1318 	0 	0.023248
0.42 	-0.21 	0.00437661 	2396.9 	0 	58.8814 	0 	0.0245684
0.42 	-0.21 	0.00474356 	2304.22 	0 	59.7284 	0 	0.0259239
0.42 	-0.21 	0.00513693 	2221.93 	0 	60.6516 	0 	0.0272993
0.42 	-0.21 	0.00555848 	2149.33 	0 	61.6118 	0 	0.0286679
0.42 	-0.21 	0.00601006 	2085.85 	0 	62.6512 	0 	0.0300384
0.42 	-0.21 	0.0064936 	2031.02 	0 	63.8026 	0 	0.0314159
0.42 	-0.21 	0.00701115 	1984.45 	0 	65.0538 	0 	0.0327614
0.42 	-0.21 	0.00756485 	1945.88 	0 	66.4227 	0 	0.0337982
0.42 	-0.21 	0.00815693 	1915.09 	0 	67.8885 	0 	0.0342374
0.42 	-0.21 	0.00878972 	1891.98 	0 	69.4845 	0 	0.0345383
0.42 	-0.21 	0.00946563 	1876.51 	0 	71.32 	0 	0.0346302
0.42 	-0.21 	0.0101872 	1868.73 	0 	73.3478 	0 	0.0345518
0.42 	-0.21 	0.0109569 	1868.8 	0 	75.5893 	0 	0.0341112
0.42 	-0.21 	0.0117776 	1876.95 	0 	77.8757 	0 	0.033408
0.42 	-0.21 	0.0126518 	1893.55 	0 	80.0973 	0 	0.0332364
0.42 	-0.21 	0.0135824 	1919.09 	0 	82.2128 	0 	0.033183
0.42 	-0.21 	0.0145722 	1954.26 	0 	84.2497 	0 	0.0329061
0.42 	-0.21 	0.0156241 	1999.9 	0 	86.5186 	0 	0.0326043
0.42 	-0.21 	0.0167408 	2057.19 	0 	88.8576 	0 	0.0321409
0.42 	-0.21 	0.0179253 	2127.59 	0 	91.0134 	0 	0.0318164
0.42 	-0.21 	0.0191802 	2213.02 	0 	92.7415 	0 	0.0315744
0.42 	-0.21 	0.0205083 	2315.96 	0 	94.0921 	0 	0.031436
0.42 	-0.21 	0.0219122 	2440.3 	0 	95.4148 	0 	0.0313502
0.42 	-0.21 	0.0233945 	2589.33 	0 	96.0223 	0 	0.0309876
0.42 	-0.21 	0.0249573 	2757.07 	0 	95.6904 	0 	0.030131
0.42 	-0.21 	0.0266028 	2924.6 	0 	94.9628 	0 	0.0290589
0.42 	-0.21 	0.0283329 	3074.15 	0 	93.0536 	0 	0.0282493
0.42 	-0.21 	0.030149 	3201.96 	0 	89.6297 	0 	0.0274551
0.42 	-0.21 	0.0320525 	3314.21 	0 	84.8857 	0 	0.0256085
0.42 	-0.21 	0.0340441 	3420.44 	0 	78.8777 	0 	0.0230649
0.42 	-0.21 	0.0361242 	3529.54 	0 	71.4596 	0 	0.0202507
0.42 	-0.21 	0.0382928 	3641.61 	0 	62.6179 	0 	0.0171991
0.42 	-0.21 	0.0405492 	3727.76 	0 	53.5679 	0 	0.0143711
0.42 	-0.21 	0.0428924 	3694.5 	0 	44.8081 	0 	0.0121249
0.42 	-0.21 	0.0453206 	3274.57 	0 	36.1989 	0 	0.0110654
0.42 	-0.21 	0.0478314 	2251.67 	0 	28.2383 	0 	0.0125758
0.42 	-0.21 	0.050422 	1178.12 	0 	21.4117 	0 	0.0161353
0.42 	-0.21 	0.0530887 	778.105 	0 	15.68 	0 	0.0135226
0.42 	-0.21 	0.0558273 	662.193 	0 	11.2519 	0 	0.0114994
0.42 	-0.21 	0.0586328 	618.029 	0 	7.98033 	0 	0.00997905
0.42 	-0.21 	0.0614981 	580.275 	0 	5.5241 	0 	0.00876839
0.42 	-0.21 	0.0646945 	528.151 	0 	3.54192 	0 	0.00667019
0.42 	-0.21 	0.0687868 	433.19 	0 	2.04519 	0 	0.00470301
0.42 	-0.21 	0.0742534 	263.682 	0 	1.05714 	0 	0.00393229
0.42 	-0.21 	0.0815261 	69.974 	0 	0.527583 	0 	0.00251724
0.42 	-0.21 	0.0911488 	4.887 	0 	0.255095 	0 	0.00136754
0.42 	-0.21 	0.10379 	0.571949 	0 	0.117526 	0 	0.000708171
0.42 	-0.21 	0.12024 	0.452361 	0 	0.0527943 	0 	0.000362245
0.42 	-0.21 	0.141386 	0.421654 	0 	0.0236278 	0 	0.000188119
0.42 	-0.21 	0.168148 	0.353698 	0 	0.0105451 	0 	9.96783e-05
0.42 	-0.21 	0.201131 	0.286179 	0 	0.00458803 	0 	5.29521e-05
0.42 	-0.21 	0.240325 	0.239906 	0 	0.00179589 	0 	2.59551e-05
0.42 	-0.21 	0.286901 	0.21133 	0 	0.000808856 	0 	1.44504e-05
0.42 	-0.21 	0.343075 	0.169894 	0 	0.000465288 	0 	8.81861e-06
