6 	0.003911129678 	-6.93889390390723e-18 	0 	0 	0 	102.845317511632 	0 	0 	3.57611434014169e-19 	0 	0
6 	0.011876665168 	-6.93889390390723e-18 	0 	0 	0 	11.0112497767897 	0 	0 	3.76505654561709e-19 	0 	0
6 	0.02013400155 	-1.38777878078145e-17 	0 	0 	0 	-1.62879903232275e-14 	0 	0 	3.25819331459118e-19 	0 	0
6 	0.028693828345 	-1.38777878078145e-17 	0 	0 	0 	-7.90217702569077e-15 	0 	0 	3.30963483854415e-20 	0 	0
6 	0.03756722666 	-2.08166817117217e-17 	0 	0 	0 	7.42005386223607e-15 	0 	0 	-6.45112987709758e-19 	0 	0
6 	0.04676568354 	-2.08166817117217e-17 	0 	0 	0 	1.50671286109542e-15 	0 	0 	2.94195199411636e-19 	0 	0
6 	0.056301106835 	-1.38777878078145e-17 	0 	0 	0 	1.19631510428073e-14 	0 	0 	7.89051131390099e-19 	0 	0
6 	0.06618584061 	-1.38777878078145e-17 	0 	0 	0 	-4.87397559043086e-15 	0 	0 	1.95353371946961e-19 	0 	0
6 	0.07643268113 	-1.38777878078145e-17 	0 	0 	0 	-5.14908481689615e-17 	0 	0 	1.00207171336997e-18 	0 	0
6 	0.087054893425 	-1.73472347597681e-17 	0 	0 	0 	7.37523672652374e-16 	0 	0 	-1.90868745422254e-19 	0 	0
6 	0.098066228435 	-1.04083408558608e-17 	0 	0 	0 	-1.35822008330772e-15 	0 	0 	1.23746794470395e-19 	0 	0
6 	0.1094809409 	6.93889390390723e-18 	0 	0 	0 	-5.23057221905742e-15 	0 	0 	6.34416011464732e-20 	0 	0
6 	0.12131380775 	1.04083408558608e-17 	0 	0 	0 	4.19265948580877e-15 	0 	0 	-6.20381979774305e-19 	0 	0
6 	0.13358014715 	6.93889390390723e-18 	0 	0 	0 	-1.91930780643707e-15 	0 	0 	-5.77396469353387e-20 	0 	0
6 	0.1462958385 	1.38777878078145e-17 	0 	0 	0 	2.43257712660881e-15 	0 	0 	-7.08329563070427e-19 	0 	0
6 	0.15947734285 	1.38777878078145e-17 	0 	0 	0 	-5.4550165636339e-15 	0 	0 	-6.13513522001608e-19 	0 	0
6 	0.1731417243 	6.93889390390723e-18 	0 	0 	0 	-7.27378738725414e-16 	0 	0 	2.22853931741404e-19 	0 	0
6 	0.18730667205 	1.04083408558608e-17 	0 	0 	0 	6.72714625151819e-16 	0 	0 	4.56741968683573e-19 	0 	0
6 	0.2019905233 	2.08166817117217e-17 	0 	0 	0 	-1.24029983930576e-15 	0 	0 	7.20581977637548e-19 	0 	0
6 	0.21721228705 	2.08166817117217e-17 	0 	0 	0 	-7.04975598621782e-15 	0 	0 	1.16321067003484e-19 	0 	0
6 	0.23299166855 	1.38777878078145e-17 	0 	0 	0 	-1.43422654344647e-15 	0 	0 	-3.06645846583616e-19 	0 	0
6 	0.249349095 	6.93889390390723e-18 	0 	0 	0 	-2.84650700986204e-15 	0 	0 	-4.40166775239586e-22 	0 	0
6 	0.26630574195 	6.93889390390723e-18 	0 	0 	0 	1.1952680891902e-15 	0 	0 	-2.10105998736312e-19 	0 	0
6 	0.2838835605 	6.93889390390723e-18 	0 	0 	0 	1.27033845798482e-15 	0 	0 	-5.37561118446974e-19 	0 	0
6 	0.302105306 	0 	0 	0 	0 	-5.88104477024748e-16 	0 	0 	-3.17482315593991e-19 	0 	0
6 	0.3209945674 	3.46944695195361e-18 	0 	0 	0 	5.41335944542072e-16 	0 	0 	-7.25415960616895e-19 	0 	0
6 	0.34057579775 	6.93889390390723e-18 	0 	0 	0 	3.09491326009359e-15 	0 	0 	-2.60514307726708e-19 	0 	0
6 	0.36087434595 	6.93889390390723e-18 	0 	0 	0 	1.23515476166011e-15 	0 	0 	4.06582138978022e-19 	0 	0
6 	0.3819164894 	-3.46944695195361e-18 	0 	0 	0 	-9.65317618382614e-16 	0 	0 	-1.375271811415e-19 	0 	0
6 	0.4037294682 	-1.04083408558608e-17 	0 	0 	0 	-9.26420169935388e-16 	0 	0 	2.84606914038545e-19 	0 	0
6 	0.4263415203 	-1.38777878078145e-17 	0 	0 	0 	-1.46112584094791e-16 	0 	0 	4.4849463981918e-19 	0 	0
6 	0.441285720361527 	-1.56125112837913e-17 	0 	0 	0 	1.00225519314807e-15 	0 	0 	4.05113652452591e-19 	0 	0
6 	0.453216730511527 	-5.20417042793042e-18 	0 	0 	0 	4.27195836257638e-16 	0 	0 	4.18687614046424e-19 	0 	0
6 	0.4740810062 	0 	0 	0 	0 	-6.750150251667e-16 	0 	0 	2.50867537182018e-19 	0 	0
6 	0.49927024115 	-1.04083408558608e-17 	0 	0 	0 	-3.53925641999496e-17 	0 	0 	-7.32758920399353e-22 	0 	0
6 	0.5253822315 	-2.08166817117217e-17 	0 	0 	0 	4.84018779556223e-16 	0 	0 	3.17544188348996e-19 	0 	0
6 	0.5524507805 	-2.08166817117217e-17 	0 	0 	0 	4.20524308967572e-16 	0 	0 	1.27588033658368e-18 	0 	0
6 	0.5805109298 	-1.38777878078145e-17 	0 	0 	0 	1.05859474853083e-15 	0 	0 	1.40598545871136e-18 	0 	0
6 	0.60959900455 	-6.93889390390723e-18 	0 	0 	0 	-1.11247947813642e-15 	0 	0 	2.37943510945549e-18 	0 	0
6 	0.6397526606 	-3.46944695195361e-18 	0 	0 	0 	5.07754534318738e-16 	0 	0 	2.64466644538983e-19 	0 	0
6 	0.67101093335 	3.46944695195361e-18 	0 	0 	0 	-9.69734013084381e-16 	0 	0 	-1.12323355202837e-18 	0 	0
6 	0.7034142882 	1.04083408558608e-17 	0 	0 	0 	1.15967173172077e-18 	0 	0 	-9.61415207698854e-19 	0 	0
6 	0.73700467285 	1.90819582357449e-17 	0 	0 	0 	1.72910167142548e-18 	0 	0 	-1.17406835038563e-18 	0 	0
6 	0.771825571649999 	2.60208521396521e-17 	0 	0 	0 	1.71415311266901e-15 	0 	0 	-2.11664558705969e-18 	0 	0
5.99999999999999 	0.807922061949999 	2.60208521396521e-17 	0 	0 	0 	4.31380682379588e-16 	0 	0 	2.19335441850941e-18 	0 	0
5.99999999999999 	0.845340872399999 	2.42861286636753e-17 	0 	0 	0 	2.22658490841696e-19 	0 	0 	2.67404297591886e-19 	0 	0
5.99999999999999 	0.884130443449999 	2.77555756156289e-17 	0 	0 	0 	-1.55865500916711e-16 	0 	0 	0 	0 	0
5.99999999999999 	0.924340990049999 	2.94902990916057e-17 	0 	0 	0 	-1.89715501943196e-15 	0 	0 	1.87997369542266e-19 	0 	0
5.99999999999999 	0.966024566749999 	2.42861286636753e-17 	0 	0 	0 	1.80976730030051e-15 	0 	0 	2.56765511502053e-18 	0 	0
5.99999999999999 	1.00923513475 	1.90819582357449e-17 	0 	0 	0 	2.07364455944221e-15 	0 	0 	-1.28860142080811e-19 	0 	0
5.99999999999999 	1.0540286325 	1.64798730217797e-17 	0 	0 	0 	7.62860584447626e-17 	0 	0 	-2.09612143883764e-19 	0 	0
5.99999999999999 	1.1004630475 	1.12757025938492e-17 	0 	0 	0 	3.92871935911596e-19 	0 	0 	-5.6162324871386e-18 	0 	0
5.99999999999999 	1.148598491 	9.54097911787244e-18 	0 	0 	0 	1.98505190968918e-15 	0 	0 	-3.57946961630853e-21 	0 	0
5.99999999999999 	1.1984972765 	1.73472347597681e-18 	0 	0 	0 	-1.63677186362541e-17 	0 	0 	-5.83939753002832e-18 	0 	0
5.99999999999999 	1.250224001 	-7.80625564189563e-18 	0 	0 	0 	-2.12279715708614e-15 	0 	0 	-3.84139878417331e-20 	0 	0
5.99999999999999 	1.303845627 	-6.93889390390723e-18 	0 	0 	0 	1.96052917862308e-17 	0 	0 	-5.53489815019542e-18 	0 	0
5.99999999999999 	1.3594315695 	-6.93889390390723e-18 	0 	0 	0 	1.73667786905346e-15 	0 	0 	4.56096822078619e-18 	0 	0
5.99999999999999 	1.417053788 	-1.04083408558608e-17 	0 	0 	0 	5.35901422738314e-17 	0 	0 	-1.55342724021573e-19 	0 	0
5.99999999999999 	1.4767868775 	-1.73472347597681e-17 	0 	0 	0 	1.42073529663389e-16 	0 	0 	-3.65790368960682e-18 	0 	0
5.99999999999999 	1.538708165 	-2.77555756156289e-17 	0 	0 	0 	6.01584820722214e-18 	0 	0 	-2.39642908113144e-19 	0 	0
5.99999999999999 	1.6028978105 	-3.46944695195361e-17 	0 	0 	0 	-1.03280911654081e-15 	0 	0 	2.62755479092342e-19 	0 	0
5.99999999999999 	1.6694389105 	-3.12250225675825e-17 	0 	0 	0 	8.60009571983676e-16 	0 	0 	6.81184452570406e-19 	0 	0
5.99999999999999 	1.738417606 	-2.77555756156289e-17 	0 	0 	0 	1.37867365034982e-16 	0 	0 	-7.22521247847893e-19 	0 	0
5.99999999999999 	1.8099231935 	-2.77555756156289e-17 	0 	0 	0 	0 	0 	0 	-2.44653826862164e-18 	0 	0
5.99999999999999 	1.8840482395 	-3.46944695195361e-17 	0 	0 	0 	-1.56323053144762e-16 	0 	0 	-5.8343582721484e-18 	0 	0
5.99999999999999 	1.960888703 	-5.55111512312578e-17 	0 	0 	0 	-3.45317768680723e-16 	0 	0 	-4.41835942941615e-18 	0 	0
5.99999999999999 	2.020240096 	-6.59194920871187e-17 	0 	0 	0 	-1.79317444664563e-16 	0 	0 	-1.02035096396266e-18 	0 	0
5.99999999999999 	2.060005036 	-6.59194920871187e-17 	0 	0 	0 	0 	0 	0 	0 	0 	0
5.99999999999999 	2.0983647475 	-6.93889390390723e-17 	0 	0 	0 	0 	0 	0 	0 	0 	0
5.99999999999999 	2.135368889 	-6.93889390390723e-17 	0 	0 	0 	0 	0 	0 	0 	0 	0
5.99999999999999 	2.171065364 	-6.93889390390723e-17 	0 	0 	0 	0 	0 	0 	0 	0 	0
5.99999999999999 	2.205500383 	-6.93889390390723e-17 	0 	0 	0 	0 	0 	0 	0 	0 	0
5.99999999999999 	2.2387185245 	-6.93889390390723e-17 	0 	0 	0 	0 	0 	0 	0 	0 	0
5.99999999999999 	2.270762791 	-6.93889390390723e-17 	0 	0 	0 	0 	0 	0 	0 	0 	0
5.99999999999999 	2.3016746645 	-6.93889390390723e-17 	0 	0 	0 	0 	0 	0 	0 	0 	0
5.99999999999999 	2.3314941625 	-7.28583859910259e-17 	0 	0 	0 	0 	0 	0 	0 	0 	0
5.99999999999999 	2.360259888 	-7.63278329429795e-17 	0 	0 	0 	0 	0 	0 	0 	0 	0
5.99999999999999 	2.3880090795 	-7.63278329429795e-17 	0 	0 	0 	0 	0 	0 	0 	0 	0
5.99999999999999 	2.4147776595 	-7.63278329429795e-17 	0 	0 	0 	0 	0 	0 	0 	0 	0
5.99999999999999 	2.440600281 	-7.63278329429795e-17 	0 	0 	0 	0 	0 	0 	0 	0 	0
5.99999999999999 	2.465510373 	-7.28583859910259e-17 	0 	0 	0 	0 	0 	0 	0 	0 	0
5.99999999999999 	2.4895401825 	-6.93889390390723e-17 	0 	0 	0 	0 	0 	0 	0 	0 	0
5.99999999999999 	2.5127208175 	-6.93889390390723e-17 	0 	0 	0 	0 	0 	0 	0 	0 	0
5.99999999999999 	2.5350822865 	-6.93889390390723e-17 	0 	0 	0 	0 	0 	0 	0 	0 	0
5.99999999999999 	2.5566535375 	-6.59194920871187e-17 	0 	0 	0 	0 	0 	0 	0 	0 	0
5.99999999999999 	2.5774624955 	-6.24500451351651e-17 	0 	0 	0 	0 	0 	0 	0 	0 	0
5.99999999999999 	2.5975360985 	-6.24500451351651e-17 	0 	0 	0 	0 	0 	0 	0 	0 	0
5.99999999999999 	2.616900333 	-6.93889390390723e-17 	0 	0 	0 	0 	0 	0 	0 	0 	0
5.99999999999999 	2.6355802665 	-7.97972798949331e-17 	0 	0 	0 	0 	0 	0 	0 	0 	0
5.99999999999999 	2.6536000815 	-8.32667268468867e-17 	0 	0 	0 	0 	0 	0 	0 	0 	0
5.99999999999999 	2.670983106 	-8.32667268468867e-17 	0 	0 	0 	0 	0 	0 	0 	0 	0
5.99999999999999 	2.687751842 	-8.67361737988404e-17 	0 	0 	0 	0 	0 	0 	0 	0 	0
5.99999999999999 	2.703927998 	-8.67361737988404e-17 	0 	0 	0 	0 	0 	0 	0 	0 	0
5.99999999999999 	2.719532515 	-8.32667268468867e-17 	0 	0 	0 	0 	0 	0 	0 	0 	0
5.99999999999999 	2.7345855935 	-8.67361737988404e-17 	0 	0 	0 	0 	0 	0 	0 	0 	0
5.99999999999999 	2.749106721 	-9.0205620750794e-17 	0 	0 	0 	0 	0 	0 	0 	0 	0
5.99999999999999 	2.7631146955 	-9.0205620750794e-17 	0 	0 	0 	0 	0 	0 	0 	0 	0
5.99999999999999 	2.7766276505 	-8.67361737988404e-17 	0 	0 	0 	0 	0 	0 	0 	0 	0
5.99999999999999 	2.7896630795 	-8.32667268468867e-17 	0 	0 	0 	0 	0 	0 	0 	0 	0
5.99999999999999 	2.8022378575 	-8.32667268468867e-17 	0 	0 	0 	0 	0 	0 	0 	0 	0
5.99999999999999 	2.814368263 	-8.67361737988404e-17 	0 	0 	0 	0 	0 	0 	0 	0 	0
5.99999999999999 	2.82607 	-9.36750677027476e-17 	0 	0 	0 	0 	0 	0 	0 	0 	0
5.99999999999999 	2.8373582165 	-9.71445146547012e-17 	0 	0 	0 	0 	0 	0 	0 	0 	0
5.99999999999999 	2.848247526 	-9.71445146547012e-17 	0 	0 	0 	0 	0 	0 	0 	0 	0
5.99999999999999 	2.858752025 	-9.71445146547012e-17 	0 	0 	0 	0 	0 	0 	0 	0 	0
5.99999999999999 	2.8688853115 	-1.00613961606655e-16 	0 	0 	0 	0 	0 	0 	0 	0 	0
5.99999999999999 	2.878660504 	-1.04083408558608e-16 	0 	0 	0 	0 	0 	0 	0 	0 	0
5.99999999999999 	2.8880902575 	-1.07552855510562e-16 	0 	0 	0 	0 	0 	0 	0 	0 	0
5.99999999999999 	2.89718677899999 	-1.07552855510562e-16 	0 	0 	0 	0 	0 	0 	0 	0 	0
5.99999999999999 	2.90596184349999 	-1.04083408558608e-16 	0 	0 	0 	0 	0 	0 	0 	0 	0
5.99999999999999 	2.91442681149999 	-1.04083408558608e-16 	0 	0 	0 	0 	0 	0 	0 	0 	0
5.99999999999999 	2.92259264149999 	-9.71445146547012e-17 	0 	0 	0 	0 	0 	0 	0 	0 	0
5.99999999999999 	2.93046990399999 	-9.0205620750794e-17 	0 	0 	0 	0 	0 	0 	0 	0 	0
5.99999999999999 	2.938068797 	-9.0205620750794e-17 	0 	0 	0 	0 	0 	0 	0 	0 	0
5.99999999999999 	2.94539915749999 	-8.67361737988404e-17 	0 	0 	0 	0 	0 	0 	0 	0 	0
5.99999999999999 	2.95247047499999 	-7.97972798949331e-17 	0 	0 	0 	0 	0 	0 	0 	0 	0
5.99999999999999 	2.95929190349999 	-7.97972798949331e-17 	0 	0 	0 	0 	0 	0 	0 	0 	0
5.99999999999999 	2.96587227349999 	-8.32667268468867e-17 	0 	0 	0 	0 	0 	0 	0 	0 	0
5.99999999999999 	2.97222010449999 	-8.32667268468867e-17 	0 	0 	0 	0 	0 	0 	0 	0 	0
5.99999999999999 	2.97834361349999 	-8.32667268468867e-17 	0 	0 	0 	0 	0 	0 	0 	0 	0
5.99999999999999 	2.984250727 	-8.32667268468867e-17 	0 	0 	0 	0 	0 	0 	0 	0 	0
5.99999999999999 	2.9899490925 	-8.32667268468867e-17 	0 	0 	0 	0 	0 	0 	0 	0 	0
5.99999999999999 	2.9954460875 	-8.32667268468867e-17 	0 	0 	0 	0 	0 	0 	0 	0 	0
5.99999999999999 	3.00074882749999 	-8.67361737988404e-17 	0 	0 	0 	0 	0 	0 	0 	0 	0
5.99999999999999 	3.00586417699999 	-8.67361737988404e-17 	0 	0 	0 	0 	0 	0 	0 	0 	0
5.99999999999999 	3.01079875849999 	-8.67361737988404e-17 	0 	0 	0 	0 	0 	0 	0 	0 	0
5.99999999999999 	3.01555895999999 	-9.0205620750794e-17 	0 	0 	0 	0 	0 	0 	0 	0 	0
5.99999999999999 	3.02015094399999 	-9.0205620750794e-17 	0 	0 	0 	0 	0 	0 	0 	0 	0
5.99999999999999 	3.02458065449999 	-9.0205620750794e-17 	0 	0 	0 	0 	0 	0 	0 	0 	0
5.99999999999999 	3.02885382599999 	-9.0205620750794e-17 	0 	0 	0 	-44.4664922182451 	0 	0 	0 	0 	0
5.99999999999999 	3.03297599049999 	-9.0205620750794e-17 	0 	0 	0 	-222.331270026606 	0 	0 	0 	0 	0
