# Probe 0 (0.01407 -0.21 0.011046)
# Probe 1 (0.22008 -0.21 0.07476)
# Probe 2 (0.28182 -0.21 0.04662)
# Probe 3 (0.525 -0.21 0.0011802)
# Time        0             1             2             3            
0             3019.12       603.696       30722         5965.84      
1             3017.52       603.526       31026.4       6008.24      
2             3027.57       603.706       31739.3       6055.38      
3             3035.69       603.721       32356.1       6106.03      
4             3044.11       603.736       32929.1       6157.26      
5             3052.85       603.751       33469.7       6209.04      
6             3061.87       603.766       33994.6       6261.36      
7             3071.08       603.786       34504.3       6314.24      
8             3080.4        603.816       35001.4       6367.71      
9             3089.73       603.859       35482.3       6421.81      
10            3098.97       603.919       35946.7       6476.61      
11            3108          603.996       36396.2       6532.18      
12            3116.74       604.089       36838.7       6588.57      
13            3125.12       604.195       37272.6       6645.87      
14            3133.07       604.312       37696.2       6704.12      
15            3140.55       604.438       38110.5       6763.4       
16            3147.54       604.57        38517.2       6823.75      
17            3154.02       604.708       38918         6885.21      
18            3160.02       604.851       39314.2       6947.8       
19            3165.54       604.999       39708.5       7011.55      
20            3170.61       605.152       40101.1       7076.45      
21            3175.26       605.311       40493.2       7142.51      
22            3179.52       605.477       40886.2       7209.72      
23            3183.44       605.649       41267.1       7278.07      
24            3187.06       605.83        41632.8       7347.53      
25            3190.4        606.02        41994.4       7418.08      
26            3193.49       606.22        42353.2       7489.71      
27            3196.38       606.43        42711.1       7562.37      
28            3199.09       606.65        43071.2       7636.04      
29            3201.65       606.881       43435.7       7710.68      
30            3204.07       607.122       43805.3       7786.28      
31            3206.38       607.373       44179.9       7862.79      
32            3208.59       607.634       44559.1       7940.17      
33            3210.72       607.905       44942.1       8018.41      
34            3212.79       608.185       45328         8097.46      
35            3214.81       608.474       45715.3       8177.29      
36            3216.78       608.771       46103.1       8257.86      
37            3218.71       609.078       46489.8       8339.15      
38            3220.62       609.393       46874.6       8421.12      
39            3222.5        609.716       47264.3       8503.74      
40            3224.37       610.046       47651.4       8586.97      
41            3226.23       610.385       48032.4       8670.79      
42            3228.07       610.73        48405.4       8755.15      
43            3229.92       611.082       48769.3       8840.04      
44            3231.76       611.44        49123.2       8925.41      
45            3233.59       611.803       49466.6       9011.23      
46            3235.43       612.171       49798.9       9097.48      
47            3237.28       612.543       50120         9184.12      
48            3239.12       612.918       50429.6       9271.12      
49            3240.97       613.296       50727.5       9358.46      
50            3242.83       613.676       51013.6       9446.1       
51            3244.7        614.057       51287.6       9534.02      
52            3246.57       614.439       51549.5       9622.18      
53            3248.45       614.821       51799.3       9710.56      
54            3250.34       615.203       52037         9799.13      
55            3252.24       615.584       52262.8       9887.86      
56            3254.14       615.963       52476.7       9976.72      
57            3256.06       616.339       52680         10065.7      
58            3257.99       616.712       52874         10154.8      
59            3259.93       617.081       53058.8       10243.9      
60            3261.87       617.445       53234         10333        
61            3263.83       617.803       53399.5       10422.1      
62            3265.8        618.154       53555.1       10511.3      
63            3267.78       618.497       53701.1       10600.4      
64            3269.77       618.831       53837.8       10689.4      
65            3271.77       619.155       53965.6       10778.3      
66            3273.78       619.467       54084.8       10867.1      
67            3275.8        619.766       54196.1       10955.8      
68            3277.83       620.052       54299.8       11044.3      
69            3279.87       620.322       54396.6       11132.7      
70            3281.92       620.577       54486.8       11220.8      
71            3283.99       620.816       54570.9       11308.8      
72            3286.06       621.037       54649.3       11396.5      
73            3288.14       621.24        54722.4       11483.9      
74            3290.23       621.424       54790.5       11571.1      
75            3292.33       621.59        54854         11658        
76            3294.44       621.736       54913.1       11744.5      
77            3296.56       621.863       54968.2       11830.8      
78            3298.69       621.971       55019.5       11916.7      
79            3300.83       622.06        55067.3       12002.2      
80            3302.97       622.13        55111.8       12087.4      
81            3305.13       622.183       55153.2       12172.2      
82            3307.29       622.218       55191.8       12256.6      
83            3309.45       622.236       55227.8       12340.6      
84            3311.63       622.239       55261.2       12424.1      
85            3313.81       622.227       55292.4       12507.2      
86            3316          622.202       55321.5       12589.9      
87            3318.19       622.164       55348.6       12672        
88            3320.38       622.116       55373.9       12753.7      
89            3322.59       622.059       55397.4       12835        
90            3324.79       621.994       55419.4       12915.7      
91            3327.01       621.923       55439.9       12995.9      
92            3329.22       621.847       55459         13075.6      
93            3331.44       621.768       55476.9       13154.8      
94            3333.67       621.689       55493.6       13233.4      
95            3335.9        621.61        55509.2       13311.6      
96            3338.13       621.534       55523.9       13389.1      
97            3340.37       621.462       55537.8       13466.1      
98            3342.61       621.396       55551         13542.5      
99            3344.85       621.339       55563.4       13618.4      
100           3347.1        621.292       55575.2       13693.7      
101           3349.35       621.257       55586.3       13768.4      
102           3351.6        621.237       55596.8       13842.6      
103           3353.86       621.232       55606.6       13916.1      
104           3356.11       621.245       55615.8       13989.1      
105           3358.37       621.279       55624.4       14061.4      
106           3360.63       621.333       55632.5       14133.2      
107           3362.89       621.412       55640.1       14204.3      
108           3365.15       621.515       55647.2       14274.8      
109           3367.41       621.644       55654         14344.8      
110           3369.67       621.802       55660.3       14414.1      
111           3371.93       621.989       55666.2       14482.8      
112           3374.19       622.206       55671.8       14550.9      
113           3376.44       622.454       55677.1       14618.3      
114           3378.69       622.735       55682.1       14685.2      
115           3380.94       623.047       55686.8       14751.4      
116           3383.18       623.392       55691.3       14817        
117           3385.42       623.77        55695.5       14882        
118           3387.66       624.181       55699.5       14946.4      
119           3389.89       624.623       55703.3       15010.1      
120           3392.11       625.097       55706.9       15073.3      
121           3394.33       625.602       55710.4       15135.8      
122           3396.54       626.135       55713.6       15197.7      
123           3398.75       626.697       55716.8       15259        
124           3400.94       627.285       55719.7       15319.6      
125           3403.14       627.897       55722.6       15379.7      
126           3405.32       628.532       55725.3       15439.1      
127           3407.5        629.188       55727.9       15497.9      
128           3409.67       629.862       55730.4       15556.1      
129           3411.84       630.552       55732.7       15613.7      
130           3414          631.256       55735         15670.8      
131           3416.15       631.971       55737.2       15727.2      
132           3418.3        632.696       55739.3       15783        
133           3420.44       633.427       55741.3       15838.2      
134           3422.57       634.162       55743.2       15892.8      
135           3424.7        634.9         55745.1       15946.8      
136           3426.8        635.637       55746.9       16000.2      
137           3428.9        636.372       55748.6       16053.1      
138           3430.99       637.103       55750.3       16105.4      
139           3433.06       637.827       55751.9       16157.1      
140           3435.13       638.544       55753.4       16208.2      
141           3437.18       639.251       55754.9       16258.7      
142           3439.23       639.948       55756.3       16308.7      
143           3441.26       640.632       55757.7       16358.2      
144           3443.28       641.303       55759.1       16407        
145           3445.29       641.959       55760.4       16455.3      
146           3447.28       642.601       55761.6       16503.1      
147           3449.27       643.226       55762.8       16550.3      
148           3451.24       643.835       55764         16597        
149           3453.19       644.427       55765.2       16643.2      
150           3455.14       645.001       55766.3       16688.8      
151           3457.06       645.558       55767.4       16733.9      
152           3458.98       646.097       55768.4       16778.4      
153           3460.88       646.618       55769.4       16822.5      
154           3462.76       647.122       55770.4       16866        
155           3464.63       647.608       55771.4       16909        
156           3466.49       648.076       55772.3       16951.5      
157           3468.33       648.528       55773.2       16993.6      
158           3470.16       648.962       55774.1       17035.1      
159           3471.97       649.38        55774.9       17076.1      
160           3473.76       649.782       55775.8       17116.6      
161           3475.54       650.169       55776.6       17156.7      
162           3477.31       650.54        55777.4       17196.3      
163           3479.06       650.896       55778.2       17235.4      
164           3480.8        651.238       55778.9       17274.1      
165           3482.52       651.566       55779.6       17312.3      
166           3484.23       651.881       55780.4       17350        
167           3485.92       652.184       55781.1       17387.3      
168           3487.6        652.474       55781.7       17424.1      
169           3489.27       652.752       55782.4       17460.5      
170           3490.92       653.019       55783         17496.4      
171           3492.55       653.275       55783.7       17531.9      
172           3494.17       653.521       55784.3       17567        
173           3495.78       653.757       55784.9       17601.7      
174           3497.38       653.984       55785.5       17636        
175           3498.96       654.201       55786.1       17669.8      
176           3500.53       654.411       55786.6       17703.2      
177           3502.08       654.612       55787.2       17736.2      
178           3503.63       654.806       55787.7       17768.9      
179           3505.16       654.992       55788.3       17801.1      
180           3506.67       655.172       55788.8       17832.9      
181           3508.18       655.345       55789.3       17864.4      
182           3509.67       655.512       55789.8       17895.4      
183           3511.15       655.673       55790.3       17926.1      
184           3512.62       655.829       55790.8       17956.5      
185           3514.08       655.979       55791.2       17986.4      
186           3515.52       656.125       55791.7       18016        
187           3516.96       656.266       55792.1       18045.2      
188           3518.38       656.403       55792.6       18074.1      
189           3519.78       656.536       55793         18102.6      
190           3521.18       656.664       55793.4       18130.8      
191           3522.56       656.789       55793.8       18158.7      
192           3523.93       656.911       55794.3       18186.2      
193           3525.28       657.029       55794.7       18213.3      
194           3526.63       657.145       55795         18240.2      
195           3527.96       657.257       55795.4       18266.7      
196           3529.27       657.367       55795.8       18292.9      
197           3530.58       657.474       55796.2       18318.8      
198           3531.87       657.578       55796.5       18344.4      
199           3533.14       657.68        55796.9       18369.6      
200           3534.41       657.78        55797.3       18394.6      
201           3535.66       657.878       55797.6       18419.3      
202           3536.89       657.974       55797.9       18443.6      
203           3538.11       658.068       55798.3       18467.7      
204           3539.32       658.16        55798.6       18491.5      
205           3540.52       658.25        55798.9       18515        
206           3541.71       658.338       55799.2       18538.2      
207           3542.88       658.425       55799.5       18561.2      
208           3544.04       658.51        55799.8       18583.9      
209           3545.19       658.594       55800.1       18606.3      
210           3546.34       658.676       55800.4       18628.4      
211           3547.46       658.757       55800.7       18650.3      
212           3548.58       658.837       55801         18671.9      
213           3549.69       658.915       55801.3       18693.2      
214           3550.78       658.992       55801.6       18714.3      
215           3551.87       659.067       55801.8       18735.2      
216           3552.94       659.141       55802.1       18755.8      
217           3554          659.214       55802.4       18776.2      
218           3555.05       659.286       55802.6       18796.3      
219           3556.09       659.357       55802.9       18816.2      
220           3557.12       659.426       55803.1       18835.8      
221           3558.14       659.495       55803.3       18855.3      
222           3559.14       659.562       55803.6       18874.5      
223           3560.14       659.628       55803.8       18893.5      
224           3561.12       659.693       55804         18912.2      
225           3562.1        659.758       55804.3       18930.7      
226           3563.06       659.821       55804.5       18949.1      
227           3564.02       659.883       55804.7       18967.2      
228           3564.96       659.944       55804.9       18985.1      
229           3565.9        660.004       55805.1       19002.8      
230           3566.82       660.064       55805.3       19020.3      
231           3567.74       660.122       55805.5       19037.5      
232           3568.64       660.179       55805.7       19054.6      
233           3569.54       660.236       55805.9       19071.5      
234           3570.42       660.292       55806.1       19088.2      
235           3571.3        660.347       55806.3       19104.7      
236           3572.18       660.401       55806.5       19121.1      
237           3573.04       660.454       55806.7       19137.2      
238           3573.9        660.506       55806.9       19153.1      
239           3574.75       660.558       55807.1       19168.9      
240           3575.59       660.608       55807.2       19184.5      
241           3576.42       660.658       55807.4       19199.9      
242           3577.25       660.708       55807.6       19215.1      
243           3578.06       660.756       55807.7       19230.2      
244           3578.87       660.804       55807.9       19245.1      
245           3579.66       660.851       55808.1       19259.8      
246           3580.45       660.897       55808.2       19274.4      
247           3581.23       660.943       55808.4       19288.8      
248           3582          660.988       55808.5       19303        
249           3582.77       661.032       55808.7       19317.1      
250           3583.52       661.076       55808.8       19331        
251           3584.27       661.119       55809         19344.8      
252           3585.01       661.161       55809.1       19358.4      
253           3585.75       661.203       55809.3       19371.9      
254           3586.47       661.245       55809.4       19385.2      
255           3587.19       661.285       55809.5       19398.4      
256           3587.9        661.326       55809.7       19411.4      
257           3588.6        661.365       55809.8       19424.3      
258           3589.29       661.405       55809.9       19437        
259           3589.98       661.444       55810.1       19449.6      
260           3590.66       661.482       55810.2       19462.1      
261           3591.33       661.52        55810.3       19474.4      
262           3592          661.558       55810.4       19486.6      
263           3592.66       661.595       55810.5       19498.6      
264           3593.31       661.632       55810.7       19510.6      
265           3593.96       661.668       55810.8       19522.3      
266           3594.6        661.705       55810.9       19534        
267           3595.23       661.741       55811         19545.6      
268           3595.86       661.777       55811.1       19557        
269           3596.48       661.812       55811.2       19568.3      
270           3597.09       661.848       55811.3       19579.4      
271           3597.7        661.883       55811.4       19590.5      
272           3598.3        661.918       55811.5       19601.4      
273           3598.9        661.953       55811.6       19612.2      
274           3599.49       661.989       55811.7       19622.9      
275           3600.07       662.024       55811.8       19633.5      
276           3600.65       662.059       55811.9       19644        
277           3601.22       662.094       55812         19654.3      
278           3601.78       662.129       55812.1       19664.6      
279           3602.34       662.164       55812.2       19674.7      
280           3602.9        662.199       55812.3       19684.7      
281           3603.45       662.234       55812.4       19694.7      
282           3603.99       662.269       55812.4       19704.5      
283           3604.52       662.305       55812.5       19714.2      
284           3605.05       662.34        55812.6       19723.8      
285           3605.58       662.376       55812.7       19733.3      
286           3606.1        662.412       55812.8       19742.7      
287           3606.62       662.448       55812.9       19752        
288           3607.13       662.484       55812.9       19761.2      
289           3607.63       662.52        55813         19770.4      
290           3608.13       662.557       55813.1       19779.4      
291           3608.63       662.593       55813.2       19788.3      
292           3609.12       662.63        55813.3       19797.2      
293           3609.6        662.667       55813.4       19805.9      
294           3610.09       662.705       55813.4       19814.6      
295           3610.56       662.742       55813.5       19823.1      
296           3611.04       662.78        55813.6       19831.6      
297           3611.5        662.818       55813.7       19840        
298           3611.97       662.856       55813.7       19848.3      
299           3612.43       662.894       55813.8       19856.5      
300           3612.88       662.933       55813.9       19864.6      
301           3613.33       662.972       55814         19872.7      
302           3613.78       663.011       55814         19880.6      
303           3614.22       663.05        55814.1       19888.5      
304           3614.65       663.089       55814.2       19896.3      
305           3615.08       663.128       55814.2       19904.1      
306           3615.51       663.168       55814.3       19911.7      
307           3615.93       663.208       55814.4       19919.3      
308           3616.35       663.248       55814.5       19926.8      
309           3616.77       663.288       55814.5       19934.2      
310           3617.18       663.328       55814.6       19941.5      
311           3617.58       663.369       55814.7       19948.8      
312           3617.99       663.409       55814.7       19956        
313           3618.39       663.45        55814.8       19963.1      
314           3618.78       663.491       55814.9       19970.2      
315           3619.17       663.532       55814.9       19977.1      
316           3619.56       663.574       55815         19984        
317           3619.94       663.615       55815         19990.9      
318           3620.32       663.657       55815.1       19997.7      
319           3620.69       663.698       55815.2       20004.4      
320           3621.06       663.74        55815.2       20011        
321           3621.43       663.782       55815.3       20017.6      
322           3621.8        663.825       55815.4       20024.1      
323           3622.16       663.867       55815.4       20030.5      
324           3622.51       663.91        55815.5       20036.9      
325           3622.86       663.953       55815.6       20043.2      
326           3623.21       663.995       55815.6       20049.5      
327           3623.56       664.039       55815.7       20055.7      
328           3623.9        664.082       55815.7       20061.8      
329           3624.24       664.125       55815.8       20067.9      
330           3624.57       664.169       55815.8       20073.9      
331           3624.9        664.213       55815.9       20079.8      
332           3625.23       664.257       55816         20085.7      
333           3625.55       664.301       55816         20091.6      
334           3625.87       664.346       55816.1       20097.4      
335           3626.19       664.39        55816.1       20103.1      
336           3626.51       664.435       55816.2       20108.8      
337           3626.82       664.48        55816.3       20114.4      
338           3627.13       664.525       55816.3       20119.9      
339           3627.43       664.57        55816.4       20125.4      
340           3627.73       664.616       55816.4       20130.9      
341           3628.03       664.661       55816.5       20136.3      
342           3628.32       664.707       55816.5       20141.7      
343           3628.62       664.753       55816.6       20147        
344           3628.91       664.799       55816.6       20152.2      
345           3629.19       664.845       55816.7       20157.4      
346           3629.47       664.891       55816.7       20162.6      
347           3629.76       664.938       55816.8       20167.7      
348           3630.03       664.984       55816.8       20172.7      
349           3630.31       665.031       55816.9       20177.7      
350           3630.58       665.077       55817         20182.7      
351           3630.85       665.124       55817         20187.6      
352           3631.11       665.171       55817.1       20192.5      
353           3631.38       665.218       55817.1       20197.3      
354           3631.64       665.265       55817.2       20202        
355           3631.9        665.312       55817.2       20206.8      
356           3632.15       665.359       55817.3       20211.5      
357           3632.4        665.406       55817.3       20216.1      
358           3632.65       665.453       55817.4       20220.7      
359           3632.9        665.5         55817.4       20225.3      
360           3633.15       665.548       55817.5       20229.8      
361           3633.39       665.595       55817.5       20234.2      
362           3633.63       665.642       55817.5       20238.7      
363           3633.87       665.689       55817.6       20243        
364           3634.1        665.736       55817.6       20247.4      
365           3634.34       665.783       55817.7       20251.7      
366           3634.57       665.831       55817.7       20256        
367           3634.8        665.878       55817.8       20260.2      
368           3635.02       665.925       55817.8       20264.4      
369           3635.25       665.972       55817.9       20268.5      
370           3635.47       666.019       55817.9       20272.7      
371           3635.69       666.066       55818         20276.7      
372           3635.91       666.113       55818         20280.8      
373           3636.12       666.16        55818         20284.8      
374           3636.34       666.207       55818.1       20288.7      
375           3636.55       666.254       55818.1       20292.7      
376           3636.76       666.301       55818.2       20296.6      
377           3636.97       666.347       55818.2       20300.4      
378           3637.18       666.394       55818.2       20304.2      
379           3637.38       666.441       55818.3       20308        
380           3637.58       666.488       55818.3       20311.8      
381           3637.78       666.535       55818.4       20315.5      
382           3637.98       666.582       55818.4       20319.2      
383           3638.18       666.629       55818.4       20322.8      
384           3638.37       666.676       55818.5       20326.5      
385           3638.56       666.723       55818.5       20330        
386           3638.75       666.77        55818.6       20333.6      
387           3638.94       666.817       55818.6       20337.1      
388           3639.13       666.865       55818.6       20340.6      
389           3639.32       666.912       55818.7       20344.1      
390           3639.5        666.96        55818.7       20347.5      
391           3639.68       667.007       55818.7       20350.9      
392           3639.86       667.055       55818.8       20354.3      
393           3640.04       667.103       55818.8       20357.6      
394           3640.22       667.151       55818.8       20360.9      
395           3640.39       667.199       55818.9       20364.2      
396           3640.56       667.247       55818.9       20367.5      
397           3640.74       667.295       55818.9       20370.7      
398           3640.91       667.344       55819         20373.9      
399           3641.08       667.393       55819         20377        
400           3641.24       667.442       55819         20380.2      
401           3641.41       667.491       55819.1       20383.3      
402           3641.57       667.54        55819.1       20386.4      
403           3641.73       667.59        55819.1       20389.4      
404           3641.89       667.639       55819.2       20392.4      
405           3642.05       667.689       55819.2       20395.5      
406           3642.21       667.739       55819.2       20398.4      
407           3642.37       667.79        55819.2       20401.4      
408           3642.52       667.84        55819.3       20404.3      
409           3642.68       667.891       55819.3       20407.2      
410           3642.83       667.942       55819.3       20410.1      
411           3642.98       667.994       55819.4       20412.9      
412           3643.13       668.045       55819.4       20415.7      
413           3643.28       668.097       55819.4       20418.5      
414           3643.42       668.149       55819.4       20421.3      
415           3643.57       668.201       55819.5       20424.1      
416           3643.71       668.253       55819.5       20426.8      
417           3643.85       668.306       55819.5       20429.5      
418           3644          668.359       55819.5       20432.2      
419           3644.14       668.412       55819.6       20434.8      
420           3644.28       668.465       55819.6       20437.5      
421           3644.41       668.518       55819.6       20440.1      
422           3644.55       668.572       55819.6       20442.7      
423           3644.68       668.626       55819.6       20445.2      
424           3644.82       668.68        55819.7       20447.8      
425           3644.95       668.734       55819.7       20450.3      
426           3645.08       668.788       55819.7       20452.8      
427           3645.21       668.843       55819.7       20455.3      
428           3645.34       668.897       55819.8       20457.7      
429           3645.47       668.952       55819.8       20460.2      
430           3645.6        669.007       55819.8       20462.6      
431           3645.73       669.062       55819.8       20465        
432           3645.85       669.117       55819.8       20467.4      
433           3645.98       669.172       55819.9       20469.7      
434           3646.1        669.228       55819.9       20472.1      
435           3646.22       669.283       55819.9       20474.4      
436           3646.34       669.339       55819.9       20476.7      
437           3646.46       669.394       55819.9       20478.9      
438           3646.58       669.45        55819.9       20481.2      
439           3646.7        669.506       55820         20483.4      
440           3646.82       669.562       55820         20485.7      
441           3646.93       669.617       55820         20487.9      
442           3647.05       669.673       55820         20490        
443           3647.16       669.729       55820         20492.2      
444           3647.27       669.785       55820         20494.3      
445           3647.39       669.841       55820.1       20496.5      
446           3647.5        669.897       55820.1       20498.6      
447           3647.61       669.953       55820.1       20500.7      
448           3647.72       670.009       55820.1       20502.7      
449           3647.83       670.065       55820.1       20504.8      
450           3647.93       670.121       55820.1       20506.8      
451           3648.04       670.177       55820.1       20508.9      
452           3648.15       670.233       55820.2       20510.9      
453           3648.25       670.289       55820.2       20512.8      
454           3648.36       670.345       55820.2       20514.8      
455           3648.46       670.401       55820.2       20516.8      
456           3648.56       670.457       55820.2       20518.7      
457           3648.66       670.513       55820.2       20520.6      
458           3648.76       670.568       55820.2       20522.5      
459           3648.87       670.624       55820.2       20524.4      
460           3648.97       670.68        55820.3       20526.3      
461           3649.06       670.736       55820.3       20528.1      
462           3649.16       670.792       55820.3       20530        
463           3649.26       670.847       55820.3       20531.8      
464           3649.36       670.903       55820.3       20533.6      
465           3649.45       670.959       55820.3       20535.4      
466           3649.55       671.015       55820.3       20537.2      
467           3649.64       671.07        55820.3       20539        
468           3649.74       671.126       55820.4       20540.7      
469           3649.83       671.182       55820.4       20542.4      
470           3649.92       671.237       55820.4       20544.2      
471           3650.01       671.293       55820.4       20545.9      
472           3650.11       671.348       55820.4       20547.6      
473           3650.2        671.404       55820.4       20549.2      
474           3650.29       671.46        55820.4       20550.9      
475           3650.38       671.515       55820.4       20552.6      
476           3650.47       671.571       55820.4       20554.2      
477           3650.55       671.627       55820.4       20555.8      
478           3650.64       671.682       55820.5       20557.4      
479           3650.73       671.738       55820.5       20559        
480           3650.82       671.794       55820.5       20560.6      
481           3650.9        671.849       55820.5       20562.2      
482           3650.99       671.905       55820.5       20563.7      
483           3651.07       671.961       55820.5       20565.3      
484           3651.16       672.017       55820.5       20566.8      
485           3651.24       672.072       55820.5       20568.3      
486           3651.32       672.128       55820.5       20569.8      
487           3651.41       672.184       55820.5       20571.3      
488           3651.49       672.24        55820.5       20572.8      
489           3651.57       672.296       55820.5       20574.3      
490           3651.65       672.352       55820.6       20575.7      
491           3651.73       672.408       55820.6       20577.1      
492           3651.81       672.464       55820.6       20578.6      
493           3651.89       672.52        55820.6       20580        
494           3651.97       672.576       55820.6       20581.4      
495           3652.05       672.632       55820.6       20582.8      
496           3652.13       672.688       55820.6       20584.2      
497           3652.21       672.744       55820.6       20585.6      
498           3652.29       672.8         55820.6       20586.9      
499           3652.36       672.856       55820.6       20588.3      
500           3652.44       672.912       55820.6       20589.6      
501           3652.52       672.968       55820.6       20590.9      
502           3652.59       673.025       55820.6       20592.2      
503           3652.67       673.081       55820.7       20593.6      
504           3652.74       673.137       55820.7       20594.8      
505           3652.82       673.193       55820.7       20596.1      
506           3652.89       673.249       55820.7       20597.4      
507           3652.97       673.305       55820.7       20598.7      
508           3653.04       673.36        55820.7       20599.9      
509           3653.11       673.416       55820.7       20601.2      
510           3653.18       673.472       55820.7       20602.4      
511           3653.26       673.527       55820.7       20603.6      
512           3653.33       673.583       55820.7       20604.8      
513           3653.4        673.638       55820.7       20606        
514           3653.47       673.694       55820.7       20607.2      
515           3653.54       673.749       55820.7       20608.4      
516           3653.61       673.804       55820.7       20609.6      
517           3653.68       673.859       55820.7       20610.7      
518           3653.75       673.913       55820.8       20611.9      
519           3653.82       673.968       55820.8       20613        
520           3653.89       674.022       55820.8       20614.1      
521           3653.96       674.076       55820.8       20615.3      
522           3654.03       674.13        55820.8       20616.4      
523           3654.09       674.183       55820.8       20617.5      
524           3654.16       674.237       55820.8       20618.6      
525           3654.23       674.29        55820.8       20619.7      
526           3654.29       674.343       55820.8       20620.7      
527           3654.36       674.395       55820.8       20621.8      
528           3654.43       674.447       55820.8       20622.9      
529           3654.49       674.499       55820.8       20623.9      
530           3654.56       674.55        55820.8       20624.9      
531           3654.62       674.601       55820.8       20626        
532           3654.69       674.652       55820.8       20627        
533           3654.75       674.702       55820.8       20628        
534           3654.82       674.752       55820.8       20629        
535           3654.88       674.802       55820.8       20630        
536           3654.94       674.851       55820.9       20631        
537           3655.01       674.899       55820.9       20632        
538           3655.07       674.947       55820.9       20633        
539           3655.13       674.995       55820.9       20633.9      
540           3655.2        675.042       55820.9       20634.9      
541           3655.26       675.089       55820.9       20635.8      
542           3655.32       675.135       55820.9       20636.8      
543           3655.38       675.18        55820.9       20637.7      
544           3655.44       675.225       55820.9       20638.6      
545           3655.5        675.27        55820.9       20639.5      
546           3655.56       675.313       55820.9       20640.5      
547           3655.62       675.357       55820.9       20641.4      
548           3655.68       675.399       55820.9       20642.3      
549           3655.74       675.441       55820.9       20643.1      
550           3655.8        675.483       55820.9       20644        
551           3655.86       675.524       55820.9       20644.9      
552           3655.92       675.564       55820.9       20645.8      
553           3655.98       675.604       55820.9       20646.6      
554           3656.04       675.643       55820.9       20647.5      
555           3656.1        675.681       55821         20648.3      
556           3656.15       675.719       55821         20649.1      
557           3656.21       675.756       55821         20650        
558           3656.27       675.792       55821         20650.8      
559           3656.32       675.828       55821         20651.6      
560           3656.38       675.863       55821         20652.4      
561           3656.44       675.897       55821         20653.2      
562           3656.49       675.931       55821         20654        
563           3656.55       675.964       55821         20654.8      
564           3656.6        675.997       55821         20655.6      
565           3656.66       676.029       55821         20656.4      
566           3656.71       676.06        55821         20657.1      
567           3656.77       676.091       55821         20657.9      
568           3656.82       676.121       55821         20658.6      
569           3656.87       676.15        55821         20659.4      
570           3656.93       676.179       55821         20660.1      
571           3656.98       676.207       55821         20660.9      
572           3657.03       676.235       55821         20661.6      
573           3657.09       676.262       55821         20662.3      
574           3657.14       676.289       55821         20663        
575           3657.19       676.314       55821         20663.8      
576           3657.24       676.34        55821         20664.5      
577           3657.29       676.365       55821.1       20665.2      
578           3657.34       676.389       55821.1       20665.9      
579           3657.39       676.413       55821.1       20666.5      
580           3657.44       676.436       55821.1       20667.2      
581           3657.49       676.459       55821.1       20667.9      
582           3657.54       676.481       55821.1       20668.6      
583           3657.59       676.503       55821.1       20669.2      
584           3657.64       676.524       55821.1       20669.9      
585           3657.69       676.545       55821.1       20670.6      
586           3657.74       676.565       55821.1       20671.2      
587           3657.78       676.585       55821.1       20671.9      
588           3657.83       676.605       55821.1       20672.5      
589           3657.88       676.624       55821.1       20673.1      
590           3657.93       676.643       55821.1       20673.7      
591           3657.97       676.661       55821.1       20674.4      
592           3658.02       676.679       55821.1       20675        
593           3658.06       676.696       55821.1       20675.6      
594           3658.11       676.714       55821.1       20676.2      
595           3658.16       676.73        55821.1       20676.8      
596           3658.2        676.747       55821.1       20677.4      
597           3658.25       676.763       55821.1       20678        
598           3658.29       676.779       55821.1       20678.6      
599           3658.33       676.795       55821.1       20679.2      
600           3658.38       676.81        55821.1       20679.7      
601           3658.42       676.825       55821.1       20680.3      
602           3658.46       676.839       55821.2       20680.9      
603           3658.51       676.854       55821.2       20681.4      
604           3658.55       676.868       55821.2       20682        
605           3658.59       676.882       55821.2       20682.5      
606           3658.63       676.895       55821.2       20683.1      
607           3658.67       676.908       55821.2       20683.6      
608           3658.71       676.921       55821.2       20684.2      
609           3658.75       676.934       55821.2       20684.7      
610           3658.79       676.947       55821.2       20685.2      
611           3658.83       676.959       55821.2       20685.8      
612           3658.87       676.971       55821.2       20686.3      
613           3658.91       676.983       55821.2       20686.8      
614           3658.95       676.995       55821.2       20687.3      
615           3658.99       677.006       55821.2       20687.8      
616           3659.03       677.018       55821.2       20688.3      
617           3659.07       677.029       55821.2       20688.8      
618           3659.11       677.04        55821.2       20689.3      
619           3659.14       677.051       55821.2       20689.8      
620           3659.18       677.061       55821.2       20690.3      
621           3659.22       677.071       55821.2       20690.8      
622           3659.25       677.082       55821.2       20691.2      
623           3659.29       677.092       55821.2       20691.7      
624           3659.32       677.101       55821.2       20692.2      
625           3659.36       677.111       55821.2       20692.6      
626           3659.39       677.121       55821.2       20693.1      
627           3659.43       677.13        55821.2       20693.6      
628           3659.46       677.139       55821.2       20694        
629           3659.5        677.148       55821.2       20694.5      
630           3659.53       677.157       55821.2       20694.9      
631           3659.56       677.166       55821.2       20695.4      
632           3659.6        677.174       55821.2       20695.8      
633           3659.63       677.183       55821.3       20696.2      
634           3659.66       677.191       55821.3       20696.7      
635           3659.69       677.199       55821.3       20697.1      
636           3659.73       677.208       55821.3       20697.5      
637           3659.76       677.215       55821.3       20697.9      
638           3659.79       677.223       55821.3       20698.3      
639           3659.82       677.231       55821.3       20698.8      
640           3659.85       677.238       55821.3       20699.2      
641           3659.88       677.246       55821.3       20699.6      
642           3659.91       677.253       55821.3       20700        
643           3659.94       677.26        55821.3       20700.4      
644           3659.97       677.267       55821.3       20700.8      
645           3660          677.274       55821.3       20701.2      
646           3660.03       677.281       55821.3       20701.5      
647           3660.06       677.288       55821.3       20701.9      
648           3660.09       677.295       55821.3       20702.3      
649           3660.11       677.301       55821.3       20702.7      
650           3660.14       677.307       55821.3       20703.1      
651           3660.17       677.314       55821.3       20703.4      
652           3660.2        677.32        55821.3       20703.8      
653           3660.22       677.326       55821.3       20704.2      
654           3660.25       677.332       55821.3       20704.5      
655           3660.28       677.338       55821.3       20704.9      
656           3660.3        677.344       55821.3       20705.3      
657           3660.33       677.349       55821.3       20705.6      
658           3660.35       677.355       55821.3       20706        
659           3660.38       677.36        55821.3       20706.3      
660           3660.4        677.366       55821.3       20706.6      
661           3660.43       677.371       55821.3       20707        
