2 	0.475703205083347 	3.46944695195361e-18 	27.2232204109282 	0 	0 	47.6086012489488 	0 	0 	6.69179657607157e-16 	0 	0
2 	0.49133220866636 	3.46944695195361e-18 	0.487770847735126 	0 	0 	0.81815373786045 	0 	0 	-1.30149780491146e-15 	0 	0
2 	0.507455078295235 	6.93889390390723e-18 	3.23226150641338e-17 	0 	0 	6.97687989239732e-15 	0 	0 	-6.81719189235136e-18 	0 	0
2 	0.524087416970984 	0 	2.01661830914211e-18 	0 	0 	2.70260186648269e-18 	0 	0 	6.14208682158384e-16 	0 	0
2 	0.541245320476644 	0 	-3.27763197093699e-15 	0 	0 	6.02312728539049e-17 	0 	0 	5.77853263411014e-18 	0 	0
2 	0.558945392930354 	3.46944695195361e-18 	3.20231270293382e-15 	0 	0 	1.17863334274755e-18 	0 	0 	1.77539416839421e-20 	0 	0
2 	0.57720476282873 	3.46944695195361e-18 	3.623881452364e-18 	0 	0 	-1.13280536726502e-16 	0 	0 	-3.32224949504097e-15 	0 	0
2 	0.596041099596002 	3.46944695195361e-18 	-3.03651170022228e-15 	0 	0 	-9.71107964945138e-19 	0 	0 	-3.67916964777078e-13 	0 	0
2 	0.615472630654767 	3.46944695195361e-18 	4.92260071392227e-17 	0 	0 	1.05282045707661e-16 	0 	0 	5.90738484981473e-13 	0 	0
2 	0.635518159034815 	3.46944695195361e-18 	2.87669755944015e-15 	0 	0 	4.86774612319569e-17 	0 	0 	5.4597507257977e-15 	0 	0
2 	0.656197081536942 	1.04083408558608e-17 	5.01549012964884e-17 	0 	0 	5.32973508853775e-15 	0 	0 	-4.89003651127633e-16 	0 	0
2 	0.677529407469199 	1.38777878078145e-17 	2.36930339102969e-17 	0 	0 	-8.93028310623416e-17 	0 	0 	9.50870493778996e-16 	0 	0
2 	0.699535777973593 	1.04083408558608e-17 	-2.25408223689383e-17 	0 	0 	-5.09680517928792e-15 	0 	0 	-4.53878127420369e-16 	0 	0
2 	0.722237485961784 	1.38777878078145e-17 	-2.19596479783547e-17 	0 	0 	8.21519004643392e-17 	0 	0 	-4.48892001206405e-16 	0 	0
2 	0.745656496678988 	1.38777878078145e-17 	-2.09348397606098e-17 	0 	0 	4.91197823548857e-15 	0 	0 	1.03656430475446e-15 	0 	0
2 	0.769815468915766 	1.04083408558608e-17 	-6.06349994875174e-17 	0 	0 	4.33358862968603e-17 	0 	0 	1.72644510884911e-16 	0 	0
2 	0.79473777688813 	1.04083408558608e-17 	-7.7897094968912e-17 	0 	0 	-1.14468110590313e-16 	0 	0 	-5.72405722252197e-16 	0 	0
2 	0.820447532806956 	0 	-1.29187360701924e-18 	0 	0 	-4.50213297393577e-15 	0 	0 	-1.56741404440579e-16 	0 	0
2 	0.846969610158369 	0 	2.14581734091081e-15 	0 	0 	-4.29625448837663e-15 	0 	0 	3.74244206254521e-18 	0 	0
2 	0.874329667717482 	0 	-1.50456974541061e-17 	0 	0 	4.12091223657819e-15 	0 	0 	-3.62103978723279e-16 	0 	0
2 	0.902554174318506 	-6.93889390390723e-18 	-1.99648490648645e-15 	0 	0 	6.88582377040797e-17 	0 	0 	7.10297529496944e-16 	0 	0
2 	0.931670434405036 	-6.93889390390723e-18 	-1.88950874843836e-15 	0 	0 	0 	0 	0 	-6.8780378058046e-16 	0 	0
2 	0.961706614385029 	-3.46944695195361e-18 	1.85967244820204e-15 	0 	0 	-2.87209437157457e-17 	0 	0 	3.28790481078106e-16 	0 	0
2 	0.992691769815773 	-3.46944695195361e-18 	-1.79992054411022e-15 	0 	0 	-3.60586861344849e-15 	0 	0 	-4.95271233587943e-18 	0 	0
2 	1.02465587344493 	-6.93889390390723e-18 	-1.73374214018173e-15 	0 	0 	3.51823145553384e-15 	0 	0 	-3.14470465616783e-16 	0 	0
2 	1.05762984413455 	-3.46944695195361e-18 	1.70419240841043e-15 	0 	0 	5.62376780159972e-17 	0 	0 	3.11657437852734e-16 	0 	0
2 	1.09164557669585 	0 	2.70680653739007e-17 	0 	0 	-1.87864962836534e-18 	0 	0 	9.51994264669747e-18 	0 	0
2 	1.12673597266335 	0 	4.91549606128086e-17 	0 	0 	3.15278878105116e-15 	0 	0 	2.83733682996099e-16 	0 	0
2 	1.16293497203787 	0 	1.57519220635754e-15 	0 	0 	-3.07518248301029e-15 	0 	0 	-2.74869076595196e-16 	0 	0
2 	1.20027758602891 	3.46944695195361e-18 	-1.47739110665097e-15 	0 	0 	-2.47032399335574e-17 	0 	0 	2.68411129933478e-16 	0 	0
2 	1.23879993082778 	3.46944695195361e-18 	-1.44407689223294e-15 	0 	0 	0 	0 	0 	-8.16411332851713e-16 	0 	0
2 	1.27853926244386 	-1.04083408558608e-17 	-1.40973940374321e-15 	0 	0 	1.66415834494093e-18 	0 	0 	-7.45651485046941e-14 	0 	0
2 	1.31953401263748 	-2.08166817117217e-17 	-1.39568490523078e-15 	0 	0 	-2.69057861885504e-15 	0 	0 	3.03540767439992e-13 	0 	0
2 	1.36182382598375 	-2.42861286636753e-17 	-1.3336273104588e-15 	0 	0 	-3.30929033659042e-18 	0 	0 	2.31301110755779e-15 	0 	0
2 	1.40544959810313 	-2.42861286636753e-17 	1.28045013628858e-15 	0 	0 	2.54406873955678e-15 	0 	0 	1.29961676784482e-21 	0 	0
2 	1.45045351509516 	-3.12250225675825e-17 	1.89268275313514e-17 	0 	0 	1.90177713627574e-17 	0 	0 	-7.94121205938115e-21 	0 	0
2 	1.49687909421333 	-4.5102810375397e-17 	-1.17753340815115e-15 	0 	0 	-1.45173191831989e-18 	0 	0 	2.8764927396637e-18 	0 	0
2 	1.54477122582011 	-4.5102810375397e-17 	1.14871480128851e-15 	0 	0 	2.31262229815909e-15 	0 	0 	2.78365117077139e-18 	0 	0
2 	1.59417621666236 	-4.16333634234434e-17 	-2.25458689016545e-15 	0 	0 	2.51921569644229e-18 	0 	0 	-1.19070377320963e-18 	0 	0
2 	1.6451418345086 	-3.81639164714898e-17 	-2.22631497586911e-17 	0 	0 	-2.14290200085726e-15 	0 	0 	-2.48654099547218e-18 	0 	0
2 	1.69771735419109 	-3.46944695195361e-17 	-1.05783429116601e-15 	0 	0 	4.21669117695046e-15 	0 	0 	-1.87991021334044e-16 	0 	0
2 	1.75195360509682 	-3.46944695195361e-17 	-3.28777116593087e-17 	0 	0 	-2.02013370795499e-15 	0 	0 	1.84262953075622e-16 	0 	0
2 	1.80790302015302 	-2.77555756156289e-17 	-1.0105673619815e-15 	0 	0 	1.1575827015122e-17 	0 	0 	2.65750382916884e-19 	0 	0
2 	1.86561968635427 	-2.08166817117217e-17 	-6.86658811696803e-18 	0 	0 	4.60718322898681e-17 	0 	0 	-1.04143941097105e-18 	0 	0
2 	1.92515939687956 	-1.38777878078145e-17 	9.36488547890493e-16 	0 	0 	1.87164223195476e-15 	0 	0 	1.18683499759302e-18 	0 	0
2 	1.98657970484963 	-1.38777878078145e-17 	-8.7681420779348e-16 	0 	0 	1.16087341791116e-17 	0 	0 	-1.67975411035369e-20 	0 	0
2 	2.04993997877596 	-2.42861286636753e-17 	4.37435783425757e-16 	0 	0 	0 	0 	0 	-1.24415728446844e-18 	0 	0
2 	2.11530145975479 	-2.42861286636753e-17 	1.25317372649862e-15 	0 	0 	0 	0 	0 	7.43972980887816e-17 	0 	0
2 	2.18272732046126 	-1.73472347597681e-17 	-4.14891602961378e-16 	0 	0 	8.32225047908269e-19 	0 	0 	-1.46522324600322e-16 	0 	0
2 	2.2522827260001 	-1.73472347597681e-17 	-2.223533882226e-18 	0 	0 	-1.57536162140354e-15 	0 	0 	7.11744807750138e-17 	0 	0
2 	2.32403489667171 	-2.42861286636753e-17 	8.27925801591258e-18 	0 	0 	-9.48201551940451e-18 	0 	0 	7.01260901324632e-17 	0 	0
2 	2.39805317271374 	-3.12250225675825e-17 	-7.29082443355775e-16 	0 	0 	1.46962702858656e-15 	0 	0 	-6.55113255635759e-17 	0 	0
2 	2.47440908108066 	-3.81639164714898e-17 	-3.5286793410482e-16 	0 	0 	-5.61257542481455e-18 	0 	0 	-1.02363444545304e-19 	0 	0
2 	2.55317640432547 	-4.5102810375397e-17 	3.41493873991247e-16 	0 	0 	-1.37866611403004e-15 	0 	0 	-3.45994867691163e-19 	0 	0
2 	2.63443125164994 	-4.85722573273506e-17 	-1.00695681604727e-15 	0 	0 	1.33992870941876e-15 	0 	0 	2.43255765783133e-19 	0 	0
2 	2.71825213219187 	-4.5102810375397e-17 	3.22610497550225e-16 	0 	0 	-5.55322310760513e-18 	0 	0 	1.46472601750086e-19 	0 	0
2 	2.80472003061997 	-4.5102810375397e-17 	-5.13579280478532e-18 	0 	0 	1.24603869361421e-15 	0 	0 	1.09572382497432e-19 	0 	0
2 	2.89391848510919 	-5.55111512312578e-17 	-6.50992243543343e-18 	0 	0 	-4.32295838600115e-18 	0 	0 	3.20767424263469e-16 	0 	0
2 	2.98593366777187 	-6.93889390390723e-17 	1.17866097472463e-15 	0 	0 	-4.53430493325513e-18 	0 	0 	7.07545695847655e-14 	0 	0
2 	3.08085446762226 	-7.28583859910259e-17 	2.64718881114825e-18 	0 	0 	3.83770248765611e-18 	0 	0 	1.55264368089871e-13 	0 	0
2 	3.17877257615452 	-6.93889390390723e-17 	-2.80520002270778e-16 	0 	0 	1.10329522357416e-15 	0 	0 	6.23698715605537e-16 	0 	0
2 	3.27978257561694 	-7.28583859910259e-17 	-2.6789032769117e-16 	0 	0 	3.68010040403003e-19 	0 	0 	4.81018739010033e-17 	0 	0
2 	3.38398203006779 	-7.28583859910259e-17 	-2.56560000876871e-16 	0 	0 	-5.99994924239508e-18 	0 	0 	1.1466225354877e-19 	0 	0
2 	3.49147157930068 	-7.28583859910259e-17 	3.74246531607818e-16 	0 	0 	-1.00599506748971e-15 	0 	0 	-4.5140045147347e-17 	0 	0
2 	3.60235503573069 	-7.63278329429795e-17 	3.62879140098333e-16 	0 	0 	-3.48996768821739e-19 	0 	0 	1.25187217604487e-20 	0 	0
2 	3.71673948433478 	-7.28583859910259e-17 	1.17172217989578e-15 	0 	0 	1.34787440645098e-19 	0 	0 	1.76500090613048e-20 	0 	0
2 	3.8347353857436 	-7.97972798949331e-17 	5.23114617880212e-18 	0 	0 	-5.92688053409146e-18 	0 	0 	2.20058461200092e-16 	0 	0
2 	3.95645668258462 	-1.00613961606655e-16 	-1.08131723187345e-16 	0 	0 	-5.29668897000967e-18 	0 	0 	9.57782829009608e-14 	0 	0
2 	4.08202090917971 	-1.14491749414469e-16 	-5.32319510290241e-16 	0 	0 	-1.56629242921155e-18 	0 	0 	1.27014561572861e-13 	0 	0
2 	4.21154930470389 	-1.21430643318376e-16 	-1.94887432922129e-18 	0 	0 	-1.11940574123382e-18 	0 	0 	1.93971565874406e-16 	0 	0
2 	4.34516692991511 	-1.2490009027033e-16 	-4.45670824743246e-16 	0 	0 	-1.5891730829249e-15 	0 	0 	1.78633252606711e-17 	0 	0
2 	4.48300278756863 	-1.2490009027033e-16 	1.05610474041222e-15 	0 	0 	-7.69972652764466e-16 	0 	0 	1.87545535004349e-20 	0 	0
2 	4.62518994663325 	-1.2490009027033e-16 	1.29932142414345e-15 	0 	0 	-1.84058949144591e-19 	0 	0 	-2.41930152673578e-21 	0 	0
2 	4.77186567043029 	-1.31838984174237e-16 	-4.59915409266921e-17 	0 	0 	7.19059953645147e-16 	0 	0 	-1.51640658557658e-18 	0 	0
