1 	0.451351328310836 	4.16333634234434e-17 	97.9367861569386 	0 	0 	126.005602587697 	0 	0 	2.27873856413921e-16 	0 	0
1 	0.457856884696221 	4.5102810375397e-17 	10.0388433897958 	0 	0 	12.9400973554705 	0 	0 	-5.58924764105855e-16 	0 	0
1 	0.464597494083271 	3.81639164714898e-17 	-1.33067788431914e-14 	0 	0 	2.83974591076629e-17 	0 	0 	-1.00510126590864e-16 	0 	0
1 	0.471581531814159 	3.46944695195361e-17 	4.9263625881789e-15 	0 	0 	1.20350388668324e-14 	0 	0 	4.96142893363737e-16 	0 	0
1 	0.478817663400926 	3.81639164714898e-17 	5.50684334773875e-15 	0 	0 	1.9449185671563e-15 	0 	0 	5.37434437791225e-16 	0 	0
1 	0.486314853978555 	4.16333634234434e-17 	-5.82203693900122e-15 	0 	0 	8.84203707356277e-16 	0 	0 	-5.61665485284553e-16 	0 	0
1 	0.494082377623917 	3.12250225675825e-17 	5.32439399724903e-15 	0 	0 	-1.06955780629486e-14 	0 	0 	-5.22203779164615e-16 	0 	0
1 	0.502129828236483 	2.77555756156289e-17 	-3.43129936826293e-16 	0 	0 	-4.25735541835264e-17 	0 	0 	5.42100064102567e-16 	0 	0
1 	0.510467129561931 	3.46944695195361e-17 	3.23310041301751e-16 	0 	0 	6.71505740981567e-16 	0 	0 	3.38999765984683e-17 	0 	0
1 	0.519104545279715 	3.46944695195361e-17 	6.13793935032105e-15 	0 	0 	6.3753823357789e-16 	0 	0 	-2.62981077462859e-17 	0 	0
1 	0.528052690552042 	2.77555756156289e-17 	-4.81312459419318e-15 	0 	0 	-1.02678672484733e-14 	0 	0 	-4.8704860779121e-16 	0 	0
1 	0.537322542780427 	3.46944695195361e-17 	5.06310192785005e-15 	0 	0 	-3.12620729197698e-17 	0 	0 	4.78741587007424e-16 	0 	0
1 	0.546925453622544 	4.5102810375397e-17 	-5.47583251623687e-15 	0 	0 	-4.58614271643727e-16 	0 	0 	-4.09883323995673e-16 	0 	0
1 	0.556873160477701 	5.20417042793042e-17 	4.33523502346401e-15 	0 	0 	-2.45215368237523e-17 	0 	0 	4.68208800050954e-16 	0 	0
1 	0.567177798224492 	5.89805981832114e-17 	-1.81889994083908e-16 	0 	0 	7.50300213115996e-16 	0 	0 	-1.46029601978654e-17 	0 	0
1 	0.577851912442515 	5.89805981832114e-17 	3.23071131653679e-16 	0 	0 	1.89938803578392e-17 	0 	0 	-1.79167490563776e-17 	0 	0
1 	0.588908471827774 	6.59194920871187e-17 	5.28182284104803e-15 	0 	0 	-5.69843972837658e-16 	0 	0 	-3.21879540801937e-19 	0 	0
1 	0.600360880988431 	6.59194920871187e-17 	-4.55993523145378e-15 	0 	0 	-2.49539046140081e-16 	0 	0 	-4.32830513325575e-16 	0 	0
1 	0.612222994528264 	6.24500451351651e-17 	-4.19287019265984e-18 	0 	0 	0 	0 	0 	4.19438853165026e-16 	0 	0
1 	0.624509130623004 	5.55111512312578e-17 	-9.69132512248485e-15 	0 	0 	-2.78188762930824e-18 	0 	0 	-4.3404885262507e-16 	0 	0
1 	0.637234084489395 	4.85722573273506e-17 	9.11352616497112e-15 	0 	0 	-9.37046559335773e-15 	0 	0 	4.22979333765229e-16 	0 	0
1 	0.650413143825512 	4.16333634234434e-17 	-9.5066893415698e-15 	0 	0 	9.28767710804254e-15 	0 	0 	-4.16193857813623e-16 	0 	0
1 	0.664062103141271 	3.46944695195361e-17 	-3.43478346290375e-17 	0 	0 	-4.89050797621485e-17 	0 	0 	8.36140211327654e-16 	0 	0
1 	0.678197278882353 	3.81639164714898e-17 	4.59031425799597e-15 	0 	0 	-9.16003300697417e-15 	0 	0 	3.65237713379318e-18 	0 	0
1 	0.692835525387836 	4.87890977618477e-17 	-4.44496111249886e-15 	0 	0 	-3.93575723099197e-17 	0 	0 	-7.99364803448737e-16 	0 	0
1 	0.707994250564154 	5.35595873207839e-17 	4.18178151574445e-15 	0 	0 	-4.87366267603593e-17 	0 	0 	3.7299108304791e-16 	0 	0
1 	0.723691432331879 	5.20417042793042e-17 	4.08934839739015e-15 	0 	0 	0 	0 	0 	-3.41559155374284e-16 	0 	0
1 	0.739945634763086 	5.24753851482984e-17 	3.90947214283259e-15 	0 	0 	0 	0 	0 	3.35850036640214e-16 	0 	0
1 	0.756776025975396 	4.98732999343332e-17 	3.60657101030193e-15 	0 	0 	1.27381439207611e-16 	0 	0 	8.48786739051223e-18 	0 	0
1 	0.774202395171435 	5.07406616723216e-17 	2.93166338154716e-15 	0 	0 	6.49388260637063e-15 	0 	0 	-4.65254761984298e-18 	0 	0
1 	0.792245170367388 	5.89805981832114e-17 	-3.42076519853174e-15 	0 	0 	9.80939021756655e-18 	0 	0 	-7.12404729454423e-19 	0 	0
1 	0.810925437080087 	6.59194920871187e-17 	-3.04960775749816e-15 	0 	0 	-5.65871166090058e-15 	0 	0 	1.21414059747675e-17 	0 	0
1 	0.830264956543331 	6.93889390390723e-17 	-3.44452213271638e-16 	0 	0 	-2.33713878202896e-16 	0 	0 	-1.79614279053807e-18 	0 	0
1 	0.850286185315132 	7.19910242530375e-17 	-2.45870414360782e-15 	0 	0 	-4.36363503418784e-15 	0 	0 	1.86789366030414e-16 	0 	0
1 	0.871012294381667 	6.93889390390723e-17 	2.25613501058462e-15 	0 	0 	3.70590300359918e-15 	0 	0 	-3.70349898598179e-16 	0 	0
1 	0.892467189059725 	5.89805981832114e-17 	3.12138369402954e-16 	0 	0 	-3.90894017362564e-15 	0 	0 	3.37126643388608e-16 	0 	0
1 	0.914675529733915 	4.16333634234434e-17 	0 	0 	0 	3.52143494415701e-15 	0 	0 	-1.44077529689897e-16 	0 	0
1 	0.937662752487283 	2.42861286636753e-17 	3.23532476647548e-16 	0 	0 	-2.8145224275224e-15 	0 	0 	-5.43167040416474e-18 	0 	0
1 	0.961455090555645 	2.08166817117217e-17 	3.21028964072474e-15 	0 	0 	-1.6061916540812e-17 	0 	0 	1.59738363311547e-16 	0 	0
1 	0.986079596097515 	2.25514051876985e-17 	-7.01797992094062e-16 	0 	0 	2.55821813111554e-15 	0 	0 	1.76715576064781e-17 	0 	0
1 	1.01156416196527 	2.08166817117217e-17 	2.01702174230827e-16 	0 	0 	-4.82343402557343e-15 	0 	0 	-5.23087221643273e-17 	0 	0
1 	1.03793754524283 	2.08166817117217e-17 	2.18467990426109e-16 	0 	0 	-1.24757495548714e-15 	0 	0 	-1.2766756427742e-16 	0 	0
1 	1.06522939039445 	1.73472347597681e-17 	-4.20928193720861e-16 	0 	0 	1.24181872661798e-15 	0 	0 	-5.78533062147866e-17 	0 	0
1 	1.09347025249008 	1.73472347597681e-17 	1.35221594636057e-15 	0 	0 	-3.35650889443356e-17 	0 	0 	1.291917891681e-16 	0 	0
1 	1.12269162207332 	1.73472347597681e-17 	1.05248231026502e-15 	0 	0 	7.03500342024926e-16 	0 	0 	-6.08821156012307e-18 	0 	0
1 	1.15292595102785 	1.04083408558608e-17 	-3.53630193017573e-16 	0 	0 	-4.83418759479187e-16 	0 	0 	2.79927607693332e-19 	0 	0
1 	1.18420667649174 	6.93889390390723e-18 	2.12325782936704e-16 	0 	0 	6.8956635295743e-16 	0 	0 	-3.25991687369983e-18 	0 	0
1 	1.20932909520875 	3.46944695195361e-18 	5.39816706763076e-17 	0 	0 	9.36246830343246e-16 	0 	0 	-2.49685904984247e-17 	0 	0
1 	1.22578615912366 	6.93889390390723e-18 	-8.32346035329584e-17 	0 	0 	9.20947211877042e-16 	0 	0 	-4.10420100464694e-17 	0 	0
1 	1.25005321740227 	1.38777878078145e-17 	1.74847563467059e-16 	0 	0 	1.51616600364831e-15 	0 	0 	-1.53779298648776e-17 	0 	0
1 	1.28469102423831 	1.38777878078145e-17 	1.81200966977531e-16 	0 	0 	8.11969464374593e-16 	0 	0 	8.73597543816551e-18 	0 	0
1 	1.32051868216397 	1.04083408558608e-17 	8.16714046133153e-17 	0 	0 	-3.28340416529975e-16 	0 	0 	7.38182116240288e-18 	0 	0
1 	1.35757491131609 	1.04083408558608e-17 	-6.59834988354029e-16 	0 	0 	8.46175567998534e-16 	0 	0 	-2.466062071889e-18 	0 	0
1 	1.39589958606674 	1.73472347597681e-17 	-1.11916853809197e-15 	0 	0 	2.94674013376722e-17 	0 	0 	-5.7915303938697e-18 	0 	0
1 	1.43553376582031 	2.08166817117217e-17 	-8.25186532566568e-16 	0 	0 	-1.67209880476141e-15 	0 	0 	-8.79170847846586e-19 	0 	0
1 	1.47651972660739 	2.42861286636753e-17 	-3.90486023763441e-16 	0 	0 	1.36171962603688e-15 	0 	0 	7.92577736808201e-19 	0 	0
1 	1.518900995497 	2.77555756156289e-17 	-1.43793057088122e-15 	0 	0 	1.74330692821062e-17 	0 	0 	-3.45469923086518e-17 	0 	0
1 	1.5627223857155 	2.42861286636753e-17 	-8.85165482716734e-16 	0 	0 	-2.19506787741018e-15 	0 	0 	7.7169206741978e-17 	0 	0
1 	1.60803003102541 	2.42861286636753e-17 	1.72688625159115e-15 	0 	0 	-2.32808331610569e-15 	0 	0 	-4.26617392538092e-17 	0 	0
1 	1.65487142374064 	2.42861286636753e-17 	-1.93907852981539e-15 	0 	0 	-1.49932684677553e-16 	0 	0 	1.08686570257055e-19 	0 	0
1 	1.70329545284773 	2.77555756156289e-17 	-5.97760004409891e-16 	0 	0 	4.15218579876651e-17 	0 	0 	2.40743901857995e-17 	0 	0
1 	1.75335244493843 	4.16333634234434e-17 	-1.37726745397612e-15 	0 	0 	3.55010031007295e-17 	0 	0 	3.38034748205839e-20 	0 	0
1 	1.80509420599974 	4.77048955893622e-17 	6.78626304689273e-16 	0 	0 	-2.19529913330143e-15 	0 	0 	-2.47438525370854e-17 	0 	0
1 	1.8585740643848 	4.85722573273506e-17 	1.91818787399084e-15 	0 	0 	3.01217858812039e-17 	0 	0 	1.09841463846738e-17 	0 	0
1 	1.91384691717186 	5.3776427755281e-17 	1.38588291245403e-15 	0 	0 	5.82900685982247e-17 	0 	0 	-9.02675777785519e-18 	0 	0
1 	1.97096927691718 	5.8113236445223e-17 	-3.15051544767806e-17 	0 	0 	-1.40518797885581e-15 	0 	0 	4.18660636433947e-18 	0 	0
1 	2.020240096 	5.89805981832114e-17 	0 	0 	0 	2.31375119345587e-18 	0 	0 	-6.50742523159457e-21 	0 	0
1 	2.060005036 	5.89805981832114e-17 	0 	0 	0 	0 	0 	0 	0 	0 	0
1 	2.0983647475 	5.55111512312578e-17 	0 	0 	0 	0 	0 	0 	0 	0 	0
1 	2.135368889 	4.85722573273506e-17 	0 	0 	0 	0 	0 	0 	0 	0 	0
1 	2.171065364 	4.85722573273506e-17 	0 	0 	0 	0 	0 	0 	0 	0 	0
1 	2.205500383 	4.85722573273506e-17 	0 	0 	0 	0 	0 	0 	0 	0 	0
1 	2.2387185245 	3.81639164714898e-17 	0 	0 	0 	0 	0 	0 	0 	0 	0
1 	2.270762791 	3.12250225675825e-17 	0 	0 	0 	0 	0 	0 	0 	0 	0
1 	2.3016746645 	3.12250225675825e-17 	0 	0 	0 	0 	0 	0 	0 	0 	0
1 	2.3314941625 	3.12250225675825e-17 	0 	0 	0 	0 	0 	0 	0 	0 	0
1 	2.360259888 	2.77555756156289e-17 	0 	0 	0 	0 	0 	0 	0 	0 	0
1 	2.3880090795 	2.77555756156289e-17 	0 	0 	0 	0 	0 	0 	0 	0 	0
1 	2.4147776595 	3.12250225675825e-17 	0 	0 	0 	0 	0 	0 	0 	0 	0
1 	2.440600281 	3.12250225675825e-17 	0 	0 	0 	0 	0 	0 	0 	0 	0
1 	2.465510373 	3.81639164714898e-17 	0 	0 	0 	0 	0 	0 	0 	0 	0
1 	2.4895401825 	4.5102810375397e-17 	0 	0 	0 	0 	0 	0 	0 	0 	0
1 	2.5127208175 	4.85722573273506e-17 	0 	0 	0 	0 	0 	0 	0 	0 	0
1 	2.5350822865 	5.20417042793042e-17 	0 	0 	0 	0 	0 	0 	0 	0 	0
1 	2.5566535375 	4.85722573273506e-17 	0 	0 	0 	0 	0 	0 	0 	0 	0
1 	2.5774624955 	4.85722573273506e-17 	0 	0 	0 	0 	0 	0 	0 	0 	0
1 	2.5975360985 	4.5102810375397e-17 	0 	0 	0 	0 	0 	0 	0 	0 	0
1 	2.616900333 	3.81639164714898e-17 	0 	0 	0 	0 	0 	0 	0 	0 	0
1 	2.6355802665 	3.46944695195361e-17 	0 	0 	0 	0 	0 	0 	0 	0 	0
1 	2.6536000815 	3.12250225675825e-17 	0 	0 	0 	0 	0 	0 	0 	0 	0
1 	2.670983106 	3.12250225675825e-17 	0 	0 	0 	0 	0 	0 	0 	0 	0
1 	2.687751842 	3.12250225675825e-17 	0 	0 	0 	0 	0 	0 	0 	0 	0
1 	2.703927998 	2.94902990916057e-17 	0 	0 	0 	0 	0 	0 	0 	0 	0
1 	2.719532515 	2.77555756156289e-17 	0 	0 	0 	0 	0 	0 	0 	0 	0
1 	2.7345855935 	2.25514051876985e-17 	0 	0 	0 	0 	0 	0 	0 	0 	0
1 	2.749106721 	1.73472347597681e-17 	0 	0 	0 	0 	0 	0 	0 	0 	0
1 	2.7631146955 	1.73472347597681e-17 	0 	0 	0 	0 	0 	0 	0 	0 	0
1 	2.7766276505 	2.08166817117217e-17 	0 	0 	0 	0 	0 	0 	0 	0 	0
1 	2.7896630795 	2.42861286636753e-17 	0 	0 	0 	0 	0 	0 	0 	0 	0
1 	2.8022378575 	2.42861286636753e-17 	0 	0 	0 	0 	0 	0 	0 	0 	0
1 	2.814368263 	1.73472347597681e-17 	0 	0 	0 	0 	0 	0 	0 	0 	0
1 	2.82607 	6.93889390390723e-18 	0 	0 	0 	0 	0 	0 	0 	0 	0
1 	2.8373582165 	0 	0 	0 	0 	0 	0 	0 	0 	0 	0
1 	2.848247526 	-6.93889390390723e-18 	0 	0 	0 	0 	0 	0 	0 	0 	0
1 	2.858752025 	-1.04083408558608e-17 	0 	0 	0 	0 	0 	0 	0 	0 	0
1 	2.8688853115 	-1.21430643318376e-17 	0 	0 	0 	0 	0 	0 	0 	0 	0
1 	2.878660504 	-1.21430643318376e-17 	0 	0 	0 	0 	0 	0 	0 	0 	0
1 	2.8880902575 	-1.04083408558608e-17 	0 	0 	0 	0 	0 	0 	0 	0 	0
1 	2.897186779 	-1.04083408558608e-17 	0 	0 	0 	0 	0 	0 	0 	0 	0
1 	2.9059618435 	-1.04083408558608e-17 	0 	0 	0 	0 	0 	0 	0 	0 	0
1 	2.9144268115 	-6.93889390390723e-18 	0 	0 	0 	0 	0 	0 	0 	0 	0
1 	2.9225926415 	-3.46944695195361e-18 	0 	0 	0 	0 	0 	0 	0 	0 	0
1 	2.930469904 	-6.93889390390723e-18 	0 	0 	0 	0 	0 	0 	0 	0 	0
1 	2.938068797 	-1.04083408558608e-17 	0 	0 	0 	0 	0 	0 	0 	0 	0
1 	2.9453991575 	-1.04083408558608e-17 	0 	0 	0 	0 	0 	0 	0 	0 	0
1 	2.952470475 	-1.38777878078145e-17 	0 	0 	0 	0 	0 	0 	0 	0 	0
1 	2.9592919035 	-1.73472347597681e-17 	0 	0 	0 	0 	0 	0 	0 	0 	0
1 	2.9658722735 	-2.08166817117217e-17 	0 	0 	0 	0 	0 	0 	0 	0 	0
1 	2.9722201045 	-2.77555756156289e-17 	0 	0 	0 	0 	0 	0 	0 	0 	0
1 	2.9783436135 	-3.12250225675825e-17 	0 	0 	0 	0 	0 	0 	0 	0 	0
1 	2.984250727 	-3.46944695195361e-17 	0 	0 	0 	0 	0 	0 	0 	0 	0
1 	2.9899490925 	-3.81639164714898e-17 	0 	0 	0 	0 	0 	0 	0 	0 	0
1 	2.9954460875 	-3.81639164714898e-17 	0 	0 	0 	0 	0 	0 	0 	0 	0
1 	3.0007488275 	-3.81639164714898e-17 	0 	0 	0 	0 	0 	0 	0 	0 	0
1 	3.005864177 	-3.81639164714898e-17 	0 	0 	0 	0 	0 	0 	0 	0 	0
1 	3.0107987585 	-3.81639164714898e-17 	0 	0 	0 	0 	0 	0 	0 	0 	0
1 	3.01555896 	-3.81639164714898e-17 	0 	0 	0 	0 	0 	0 	0 	0 	0
1 	3.020150944 	-3.81639164714898e-17 	0 	0 	0 	0 	0 	0 	0 	0 	0
1 	3.0245806545 	-3.81639164714898e-17 	0 	0 	0 	0 	0 	0 	0 	0 	0
1 	3.028853826 	-3.81639164714898e-17 	0 	0 	0 	-14.8221640728448 	0 	0 	0 	0 	0
