0.42 	-0.21 	2.3023e-05 	0 	0.00106625 	0.118472 	0.0085275
0.42 	-0.21 	6.33423e-05 	0 	0.00106625 	0.118472 	0.00900002
0.42 	-0.21 	0.000103662 	0 	0.00106625 	0.118472 	0.00900002
0.42 	-0.21 	0.000143981 	0 	0.00106625 	0.118472 	0.00900002
0.42 	-0.21 	0.0001843 	0 	0.00106625 	0.118472 	0.00900002
0.42 	-0.21 	0.00022462 	0 	0.00106625 	0.118472 	0.00900002
0.42 	-0.21 	0.000265618 	0 	0.00106625 	0.118472 	0.00900002
0.42 	-0.21 	0.000310941 	0 	0.00106625 	0.118472 	0.00900002
0.42 	-0.21 	0.000364365 	0 	0.00106625 	0.118472 	0.00900002
0.42 	-0.21 	0.000427334 	0 	0.00106625 	0.118472 	0.00900002
0.42 	-0.21 	0.000501135 	0 	0.00106625 	0.118472 	0.00900002
0.42 	-0.21 	0.00058706 	0 	0.00106625 	0.118472 	0.00900002
0.42 	-0.21 	0.000686333 	0 	0.00106625 	0.118472 	0.00900002
0.42 	-0.21 	0.000800012 	0 	0.00106625 	0.118472 	0.00900002
0.42 	-0.21 	0.00092887 	0 	0.00106625 	0.118472 	0.00900002
0.42 	-0.21 	0.00107327 	0 	0.00106625 	0.118472 	0.00900002
0.42 	-0.21 	0.001233 	0 	0.00106625 	0.118472 	0.00900002
0.42 	-0.21 	0.00140722 	0 	0.00106625 	0.118472 	0.00900002
0.42 	-0.21 	0.00159431 	0 	0.00106625 	0.118472 	0.00900002
0.42 	-0.21 	0.00179192 	0 	0.00106625 	0.118472 	0.00900002
0.42 	-0.21 	0.00199702 	0 	0.00106625 	0.118472 	0.00900002
0.42 	-0.21 	0.00220606 	0 	0.00106625 	0.118472 	0.00900002
0.42 	-0.21 	0.00241898 	0 	0.00106625 	0.118472 	0.00900002
0.42 	-0.21 	0.00264273 	0 	0.00106625 	0.118472 	0.00900002
0.42 	-0.21 	0.00288304 	0 	0.00106625 	0.118472 	0.00900002
0.42 	-0.21 	0.00314108 	0 	0.00106625 	0.118472 	0.00900002
0.42 	-0.21 	0.00341809 	0 	0.00106625 	0.118472 	0.00900002
0.42 	-0.21 	0.00371541 	0 	0.00106625 	0.118472 	0.00900002
0.42 	-0.21 	0.00403441 	0 	0.00106625 	0.118472 	0.00900002
0.42 	-0.21 	0.00437661 	0 	0.00106625 	0.118472 	0.00900002
0.42 	-0.21 	0.00474356 	0 	0.00106625 	0.118472 	0.00900002
0.42 	-0.21 	0.00513693 	0 	0.00106625 	0.118472 	0.00900002
0.42 	-0.21 	0.00555848 	0 	0.00106625 	0.118472 	0.00900002
0.42 	-0.21 	0.00601006 	0 	0.00106625 	0.118472 	0.00900002
0.42 	-0.21 	0.0064936 	0 	0.00106625 	0.118472 	0.00900002
0.42 	-0.21 	0.00701115 	0 	0.00106625 	0.118472 	0.00900002
0.42 	-0.21 	0.00756485 	0 	0.00106625 	0.118472 	0.00900002
0.42 	-0.21 	0.00815693 	0 	0.00106625 	0.118472 	0.00900002
0.42 	-0.21 	0.00878972 	0 	0.00106625 	0.118472 	0.00900002
0.42 	-0.21 	0.00946563 	0 	0.00106625 	0.118472 	0.00900002
0.42 	-0.21 	0.0101872 	0 	0.00106625 	0.118472 	0.00900002
0.42 	-0.21 	0.0109569 	0 	0.00106625 	0.118472 	0.00900002
0.42 	-0.21 	0.0117776 	0 	0.00106625 	0.118472 	0.00900002
0.42 	-0.21 	0.0126518 	0 	0.00106625 	0.118472 	0.00900002
0.42 	-0.21 	0.0135824 	0 	0.00106625 	0.118472 	0.00900002
0.42 	-0.21 	0.0145722 	0 	0.00106625 	0.118472 	0.00900002
0.42 	-0.21 	0.0156241 	0 	0.00106625 	0.118472 	0.00900002
0.42 	-0.21 	0.0167408 	0 	0.00106625 	0.118472 	0.00900002
0.42 	-0.21 	0.0179253 	0 	0.00106625 	0.118472 	0.00900002
0.42 	-0.21 	0.0191802 	0 	0.00106625 	0.118472 	0.00900002
0.42 	-0.21 	0.0205083 	0 	0.00106625 	0.118472 	0.00900002
0.42 	-0.21 	0.0219122 	0 	0.00106625 	0.118472 	0.00900002
0.42 	-0.21 	0.0233945 	0 	0.00106625 	0.118472 	0.00900002
0.42 	-0.21 	0.0249573 	0 	0.00106625 	0.118472 	0.00900002
0.42 	-0.21 	0.0266028 	0 	0.00106625 	0.118472 	0.00900002
0.42 	-0.21 	0.0283329 	0 	0.00106625 	0.118472 	0.00900002
0.42 	-0.21 	0.030149 	0 	0.00106625 	0.118472 	0.00900002
0.42 	-0.21 	0.0320525 	0 	0.00106625 	0.118472 	0.00900002
0.42 	-0.21 	0.0340441 	0 	0.00106625 	0.118472 	0.00900002
0.42 	-0.21 	0.0361242 	0 	0.00106625 	0.118472 	0.00900002
0.42 	-0.21 	0.0382928 	0 	0.00106625 	0.118472 	0.00900002
0.42 	-0.21 	0.0405492 	0 	0.00106625 	0.118472 	0.00900002
0.42 	-0.21 	0.0428924 	0 	0.00106625 	0.118472 	0.00900002
0.42 	-0.21 	0.0453206 	0 	0.00106625 	0.118472 	0.00900002
0.42 	-0.21 	0.0478314 	0 	0.00106625 	0.118472 	0.00900002
0.42 	-0.21 	0.050422 	0 	0.00106625 	0.118472 	0.00900002
0.42 	-0.21 	0.0530887 	0 	0.00106625 	0.118472 	0.00900002
0.42 	-0.21 	0.0558273 	0 	0.00106625 	0.118472 	0.00900002
0.42 	-0.21 	0.0586328 	0 	0.00106625 	0.118472 	0.00900002
0.42 	-0.21 	0.0614981 	0 	0.00106625 	0.118472 	0.00900002
0.42 	-0.21 	0.0646945 	0 	0.00106625 	0.118472 	0.00900002
0.42 	-0.21 	0.0687868 	0 	0.00106625 	0.118472 	0.00900002
0.42 	-0.21 	0.0742534 	0 	0.00106625 	0.118472 	0.00900002
0.42 	-0.21 	0.0815261 	0 	0.00106625 	0.118472 	0.00900002
0.42 	-0.21 	0.0911488 	0 	0.00106625 	0.118472 	0.00900002
0.42 	-0.21 	0.10379 	0 	0.00106625 	0.118472 	0.00900002
0.42 	-0.21 	0.12024 	0 	0.00106625 	0.118472 	0.00900002
0.42 	-0.21 	0.141386 	0 	0.00106625 	0.118472 	0.00900002
0.42 	-0.21 	0.168148 	0 	0.00106625 	0.118472 	0.00900002
0.42 	-0.21 	0.201131 	0 	0.00106625 	0.118472 	0.00900002
0.42 	-0.21 	0.240325 	0 	0.00106625 	0.118472 	0.00900002
0.42 	-0.21 	0.286901 	0 	0.00106625 	0.118472 	0.00900002
0.42 	-0.21 	0.343075 	0 	0.00106625 	0.118472 	0.00900002
