1 	0.451351328310836 	4.16333634234434e-17 	1.00792373716181 	1083.62980694128 	1.75092157124576e-06 	6.1789302998642e-05 	3.85675357080411e-05 	2.32217672906009e-05 	6.207373076362e-05 	0.030564698803114 	0.000696102150336163
1 	0.457856884696221 	4.5102810375397e-17 	1.00793833801668 	381.027639427298 	1.75320973570928e-05 	0.000499796541956252 	0.000353731328109376 	0.000146065213846876 	0.000515633743233891 	0.0861596886728617 	0.00390295084159859
1 	0.464597494083271 	3.81639164714898e-17 	1.00795431116301 	137.604075450395 	7.16490120692038e-05 	0.00143181615950212 	0.00124613194153763 	0.000185684217964487 	0.00145094153706814 	0.0854355319919371 	0.00807977293843589
1 	0.471581531814159 	3.46944695195361e-17 	1.00797015973085 	72.8259035414086 	0.000173715080396995 	0.00239442487108509 	0.002392667341977 	1.75752910808357e-06 	0.00239126690052525 	0.0706045815903822 	0.0116761368411619
1 	0.478817663400926 	3.81639164714898e-17 	1.00798699917259 	47.8673724830953 	0.00031060364265644 	0.00304306597036761 	0.00316149432134889 	-0.000118428350981281 	0.00302184545045392 	0.0596962371199583 	0.0143506546945419
1 	0.486314853978555 	4.16333634234434e-17 	1.00800553223368 	35.6978505381901 	0.000463037512054916 	0.00333221469369454 	0.00333603117662812 	-3.8164829335717e-06 	0.00328594028472927 	0.0523044299721121 	0.0162396270035895
1 	0.494082377623917 	3.12250225675825e-17 	1.00802647846732 	28.6000893410068 	0.000620103699064834 	0.00336276731014218 	0.00307977847273328 	0.000282988837408896 	0.00329755841536325 	0.0460817544067819 	0.017549737054667
1 	0.502129828236483 	2.77555756156289e-17 	1.00805056146689 	23.7674182361922 	0.000782141523775803 	0.003230359946701 	0.00260284425968028 	0.000627515687020722 	0.00315239090106049 	0.0404405016212889 	0.0184550537423719
1 	0.510467129561931 	3.46944695195361e-17 	1.00807817138044 	20.189746154496 	0.00095009040846217 	0.00300443506566908 	0.00207933657354401 	0.000925098492125072 	0.00290824730030914 	0.0350010094230361 	0.0190777266770322
1 	0.519104545279715 	3.46944695195361e-17 	1.00810932687449 	17.4196200256674 	0.00112597776571357 	0.00273449905429809 	0.00161530018586365 	0.00111919886843444 	0.00264864567850225 	0.0306465561699626 	0.019528909841965
1 	0.528052690552042 	2.77555756156289e-17 	1.00814386553986 	15.198753451886 	0.0013121429539641 	0.00243087747206963 	0.00119006297538519 	0.00124081449668445 	0.00238847833974763 	0.0268159829625058 	0.0198706579945076
1 	0.537322542780427 	3.46944695195361e-17 	1.00818159060885 	13.3752865901674 	0.00151129155430551 	0.00216434072938217 	0.000844960236489597 	0.00131938049289257 	0.00217188170409166 	0.0231601034200667 	0.0201511784768295
1 	0.546925453622544 	4.5102810375397e-17 	1.00822233049588 	11.8619695181359 	0.00172623893590051 	0.00195729324302318 	0.000575422153617749 	0.00138187108940543 	0.00198210718455806 	0.0205697181004345 	0.0204212359197004
1 	0.556873160477701 	5.20417042793042e-17 	1.0082659530144 	10.5891905200933 	0.00195968638836703 	0.00180570443067473 	0.000375132157840449 	0.00143057227283428 	0.0018402677831432 	0.0182251656406546 	0.0207022308567036
1 	0.567177798224492 	5.89805981832114e-17 	1.00831236180493 	9.50931703544347 	0.00221472942865933 	0.00170525491213989 	0.000235734073971646 	0.00146952083816825 	0.00173460730187596 	0.0162592300883592 	0.021016610938747
1 	0.577851912442515 	5.89805981832114e-17 	1.00836148688592 	8.58722809147224 	0.00249465331752643 	0.00166966393123615 	0.000158440355240181 	0.00151122357599597 	0.0016930326663911 	0.0143997982453893 	0.0213831049310996
1 	0.588908471827774 	6.59194920871187e-17 	1.00841327423764 	7.79862287499982 	0.00280286572409963 	0.00172016629745629 	0.000153722495050857 	0.00156644380240543 	0.00171050421901085 	0.0130371586755788 	0.0218241219857241
1 	0.600360880988431 	6.59194920871187e-17 	1.00846767638101 	7.12240893698126 	0.00314264469833218 	0.00184253304484809 	0.000234056222552441 	0.00160847682229565 	0.00180384261295355 	0.0117374488346977 	0.0223534528739957
1 	0.612222994528264 	6.24500451351651e-17 	1.00852464544218 	6.54301379721804 	0.00351712683350628 	0.00200433095953706 	0.000392411410669639 	0.00161191954886742 	0.0019614043702229 	0.0103848885524131 	0.0229875730750329
1 	0.624509130623004 	5.55111512312578e-17 	1.00858413137657 	6.04986317544201 	0.00392869328393595 	0.0022376117708214 	0.000648707081421014 	0.00158890468940039 	0.00220391201468392 	0.0091963236735164 	0.0237478350838685
1 	0.637234084489395 	4.85722573273506e-17 	1.00864609115507 	5.63414904983827 	0.00437839571574743 	0.00255650787850865 	0.00102024214772838 	0.00153626573078027 	0.00253086366173257 	0.00784397660966574 	0.0246531602168986
1 	0.650413143825512 	4.16333634234434e-17 	1.00871052046013 	5.29080776020406 	0.00486563299455874 	0.0029767638448849 	0.00153406988436384 	0.00144269396052106 	0.00295204750836574 	0.00654862959553292 	0.0257324905789172
1 	0.664062103141271 	3.46944695195361e-17 	1.00877753375709 	5.0169739128681 	0.00538693292964407 	0.00345952765758944 	0.002154954126295 	0.00130457353129444 	0.00349670279634434 	0.00540083905699756 	0.0270199068962175
1 	0.678197278882353 	3.81639164714898e-17 	1.00884756002189 	4.81159442768147 	0.00593411346165302 	0.00408250320811849 	0.00293911681229972 	0.00114338639581877 	0.00419283798943258 	0.00476772706136971 	0.0285503550524846
1 	0.692835525387836 	4.87890977618477e-17 	1.00892104658575 	4.67486520675347 	0.00649418453555323 	0.00497130944934397 	0.00404812872905387 	0.0009231807202901 	0.00508060651227883 	0.00512480283696094 	0.0303584039083595
1 	0.707994250564154 	5.35595873207839e-17 	1.00900034483591 	4.6063678145664 	0.00704854876016691 	0.00614833897808912 	0.00552387317333111 	0.00062446580475801 	0.00625486657428281 	0.00488038306713705 	0.032464473215576
1 	0.723691432331879 	5.20417042793042e-17 	1.00909113652478 	4.60905621408576 	0.00757347501738789 	0.00770544783119244 	0.00746769746485761 	0.000237750366334824 	0.00780864343465296 	0.00388148207776643 	0.0348990873397099
1 	0.739945634763086 	5.24753851482984e-17 	1.00919778188846 	4.69276289811742 	0.0080431917720638 	0.00979378059070217 	0.0100442635070073 	-0.000250482916305083 	0.00986657625975397 	0.00493867042008582 	0.0377307049539948
1 	0.756776025975396 	4.98732999343332e-17 	1.00932290576461 	4.86561139066959 	0.00842933444571474 	0.0125512050454634 	0.0133818365110213 	-0.000830631465557922 	0.012552508843653 	0.00633792057154449 	0.0409872891569465
1 	0.774202395171435 	5.07406616723216e-17 	1.00946634890044 	5.14047796485182 	0.00870577019180339 	0.0160291469563153 	0.0172906257978412 	-0.00126147884152588 	0.0160370511906131 	0.00875775218039506 	0.0447027125377348
1 	0.792245170367388 	5.89805981832114e-17 	1.00962507931884 	5.5310541037698 	0.00885189840625032 	0.0203356388222294 	0.0215318859949886 	-0.00119624717275913 	0.0204874238212474 	0.00995261888862924 	0.0488761256974557
1 	0.810925437080087 	6.59194920871187e-17 	1.00979636680474 	6.04259437293143 	0.00887442867634036 	0.0258737817428261 	0.0264103094405195 	-0.000536527697693413 	0.0262007902447071 	0.0104410912513203 	0.0534938593491929
1 	0.830264956543331 	6.93889390390723e-17 	1.00998401650048 	6.66459847317413 	0.00881152315960535 	0.0328098961918143 	0.0318905711720782 	0.000919325019736137 	0.0331422964474177 	0.0148479181169979 	0.0585339750427653
1 	0.850286185315132 	7.19910242530375e-17 	1.01020447228583 	7.38942733289467 	0.00867977336235483 	0.0412884452041287 	0.0379018666870601 	0.00338657851706867 	0.0415353358563951 	0.0164897811547001 	0.0638715147255162
1 	0.871012294381667 	6.93889390390723e-17 	1.01047086238947 	8.21960748985332 	0.00849145827202406 	0.0511993672211284 	0.0439401199236261 	0.00725924729750228 	0.051528554683141 	0.0196014492969884 	0.0694535783105297
1 	0.892467189059725 	5.89805981832114e-17 	1.01079490842709 	9.13840240057889 	0.00825910708200594 	0.0622765658743036 	0.0495861102634188 	0.0126904556108848 	0.0627382510415685 	0.0204811235533775 	0.0750931883321865
1 	0.914675529733915 	4.16333634234434e-17 	1.01121569603851 	10.0745964490708 	0.00802771657015036 	0.0742660843638086 	0.0550387960007834 	0.0192272883630252 	0.0748528883038665 	0.0207277003017034 	0.0805050716616581
1 	0.937662752487283 	2.42861286636753e-17 	1.01176665926117 	10.9272075155839 	0.00783950864754093 	0.0860500621461126 	0.0603742787557727 	0.0256757833903398 	0.0863314930395788 	0.0243509140211599 	0.0853314913219088
1 	0.961455090555645 	2.08166817117217e-17 	1.0124116138068 	11.6229149522389 	0.00769092680897315 	0.0962218949486499 	0.0647493940328971 	0.0314725009157528 	0.0962771439175772 	0.0248401155798712 	0.0891168120928606
1 	0.986079596097515 	2.25514051876985e-17 	1.01307984961998 	12.0996234978468 	0.00758207328609354 	0.102189104878575 	0.0656948122257566 	0.0364942926528179 	0.102252017213059 	0.0242716133317472 	0.0915409170856107
1 	1.01156416196527 	2.08166817117217e-17 	1.01373290168465 	12.2964399375742 	0.00752736170634004 	0.102876220192432 	0.0633493965621354 	0.0395268236302964 	0.103092562602248 	0.0290790085829126 	0.0924401360905123
1 	1.03793754524283 	2.08166817117217e-17 	1.01434081670267 	12.1557793070015 	0.00753882426981911 	0.0970862833280526 	0.0579514268106707 	0.0391348565173819 	0.0969769195194828 	0.0377868956916324 	0.0915842222755652
1 	1.06522939039445 	1.73472347597681e-17 	1.0148440225714 	11.6381005187888 	0.00763124537540498 	0.0848171276078732 	0.0491451248709847 	0.0356720027368885 	0.0846334345808255 	0.0440897180659282 	0.0887728565964458
1 	1.09347025249008 	1.73472347597681e-17 	1.01518897285398 	10.7569372263553 	0.00783308551808651 	0.0680380063123921 	0.0382911507886126 	0.0297468555237795 	0.0678758996912154 	0.0482252511492225 	0.0841574515385589
1 	1.12269162207332 	1.73472347597681e-17 	1.01536649112555 	9.58684065838653 	0.00818366453908693 	0.049845539092038 	0.0272255295735001 	0.0226200095185378 	0.0496851469038343 	0.0489761723766846 	0.078198028953709
1 	1.15292595102785 	1.04083408558608e-17 	1.01542312963808 	8.25528515315564 	0.00873915762368513 	0.0333832632103685 	0.0176551935124112 	0.0157280696979572 	0.0331748411538231 	0.0473947708158414 	0.0716525873512537
1 	1.18420667649174 	6.93889390390723e-18 	1.01541270005078 	6.89921079200412 	0.00956327911638854 	0.0205668479824201 	0.0104061889744215 	0.0101606590079985 	0.0203162498088356 	0.04350680179262 	0.0652181403214577
1 	1.20932909520875 	3.46944695195361e-18 	1.0153845671301 	5.89602477200143 	0.010422658984217 	0.0133110318332834 	0.00641037411548158 	0.00690065771780182 	0.0130724479269162 	0.0385490165797717 	0.0605689015507809
1 	1.22578615912366 	6.93889390390723e-18 	1.01536509033565 	5.29736998605873 	0.0110852768668526 	0.00990542588401553 	0.00459576131283505 	0.00530966457118049 	0.00970874780565908 	0.0345673386427012 	0.0578313450539161
1 	1.25005321740227 	1.38777878078145e-17 	1.0153547109658 	4.53211962871123 	0.0122177033919534 	0.00646036410191265 	0.00282306594000511 	0.00363729816190754 	0.00633604849995786 	0.0284171100391124 	0.0543452080794325
1 	1.28469102423831 	1.38777878078145e-17 	1.01538510252928 	3.63948789806589 	0.0140691631040265 	0.00351487375899876 	0.00137861872538685 	0.00213625503361192 	0.00346116634827547 	0.020384495455994 	0.050281158076508
1 	1.32051868216397 	1.04083408558608e-17 	1.0154889628874 	2.95328093064719 	0.0162079698339491 	0.0019877024354668 	0.000674776574678943 	0.00131292586078785 	0.00193056181658313 	0.0134361548518253 	0.0471260217397224
1 	1.35757491131609 	1.04083408558608e-17 	1.015675356392 	2.4423277338918 	0.0185443912094597 	0.00121199206843764 	0.000343673649560371 	0.000868318418877272 	0.00115159847148548 	0.00915283612193155 	0.0447446265106815
1 	1.39589958606674 	1.73472347597681e-17 	1.01594784263475 	2.06580629988219 	0.0209516583284911 	0.000851671261080554 	0.000208403653369943 	0.000643267607710611 	0.0008345590424578 	0.00549805521311816 	0.0429105397938723
1 	1.43553376582031 	2.08166817117217e-17 	1.01630871969815 	1.79926112266352 	0.0231763535287669 	0.000744619289162403 	0.000181207949421201 	0.000563411339741202 	0.000760753745813152 	0.00346814717737701 	0.0414889424617042
1 	1.47651972660739 	2.42861286636753e-17 	1.01676006605008 	1.6226211689083 	0.0249273523052412 	0.000749210126022593 	0.000194850011280504 	0.000554360114742089 	0.000748819491045652 	0.00246071428143625 	0.0403551567244113
1 	1.518900995497 	2.77555756156289e-17 	1.0173035078132 	1.50734137703103 	0.0261615971873556 	0.000747646360567657 	0.000197720839816492 	0.000549925520751166 	0.000725343969800239 	0.0012657892368256 	0.0394003983418298
1 	1.5627223857155 	2.42861286636753e-17 	1.01793981216194 	1.42802746955076 	0.0270123035498368 	0.000753421205321121 	0.000199005975753069 	0.000554415229568052 	0.000764654238965971 	9.78734628374444e-05 	0.0385615182381079
1 	1.60803003102541 	2.42861286636753e-17 	1.01866857284368 	1.36918272676093 	0.0276199695497506 	0.000814340640958917 	0.000228296736336566 	0.000586043904622351 	0.000837270597487448 	0.00105950940152618 	0.0378116589835918
1 	1.65487142374064 	2.42861286636753e-17 	1.01948803505634 	1.32162142135137 	0.0280323064307157 	0.000859090264937462 	0.000258737169041684 	0.000600353095895778 	0.000845003169267913 	0.000518276065294269 	0.0370461080528182
1 	1.70329545284773 	2.77555756156289e-17 	1.02039510623641 	1.27784904779277 	0.0282777380978767 	0.000871778423906697 	0.000265033372996206 	0.000606745050910491 	0.000884837486163939 	-0.00269691787003114 	0.0361339400529543
1 	1.75335244493843 	4.16333634234434e-17 	1.02138548891259 	1.23833097587067 	0.0284513173426669 	0.000885588500989824 	0.000276161971288098 	0.000609426529701726 	0.000906282783428099 	-0.000810131224941802 	0.0352319749502543
1 	1.80509420599974 	4.77048955893622e-17 	1.02245395080122 	1.20071979020127 	0.0285290576540131 	0.000911690594759049 	0.000296762630980578 	0.000614927963778471 	0.000926861913676088 	-0.000663054456811186 	0.0342553955178836
1 	1.8585740643848 	4.85722573273506e-17 	1.02359263447103 	1.16316330214101 	0.0285236194032735 	0.000915057353968628 	0.000312601291979822 	0.000602456061988806 	0.000912644660182786 	-4.64426063066733e-05 	0.0331777555670605
1 	1.91384691717186 	5.3776427755281e-17 	1.02479120010705 	1.12361354363051 	0.0284290259149801 	0.000873939550765326 	0.000306147120328188 	0.000567792430437138 	0.000861945031096371 	0.000276076336089634 	0.0319438482892363
1 	1.97096927691718 	5.8113236445223e-17 	1.02600886541706 	1.08258962766912 	0.0282368281005573 	0.000830393688339354 	0.000300729874370372 	0.000529663813968981 	0.000813928301124809 	8.06495067990301e-05 	0.0305701727152898
1 	2.020240096 	5.89805981832114e-17 	1.02711455865433 	1.04803633170218 	0.027984917802751 	0.00079132952730896 	0.000298050648704337 	0.000493278878604624 	0.000795989748512919 	0.000340101002064464 	0.0293306000478489
1 	2.060005036 	5.89805981832114e-17 	1.02798130253746 	1.0208542241279 	0.0277054165323611 	0.000747194150384037 	0.000286249679547993 	0.000460944470836044 	0.000749273517369933 	0.00059691568795921 	0.0282845255912238
1 	2.0983647475 	5.55111512312578e-17 	1.02880047814169 	0.995700941229545 	0.0273719200620238 	0.000694166068024106 	0.000265136470188795 	0.000429029597835311 	0.000700436276615965 	0.000371459068881278 	0.0272557168375861
1 	2.135368889 	4.85722573273506e-17 	1.02958094777051 	0.972574956076886 	0.0269835744832112 	0.000624980973247977 	0.000232172302908649 	0.000392808670339329 	0.000625516291219898 	0.000380801440432958 	0.0262450938537303
1 	2.171065364 	4.85722573273506e-17 	1.0303210315831 	0.951826493101393 	0.026538630596931 	0.00055698642052551 	0.00020050908852518 	0.000356477332000329 	0.000557871053554135 	0.000701734846101306 	0.0252617436879124
1 	2.205500383 	4.85722573273506e-17 	1.03102144925403 	0.933328026382847 	0.0260328730302592 	0.000499454838525622 	0.000178464664982898 	0.000320990173542725 	0.000497111421923426 	0.000662778443231057 	0.0242987641668578
1 	2.2387185245 	3.81639164714898e-17 	1.03168315408913 	0.917262408283831 	0.0254678200943772 	0.000447306019806086 	0.000160683809999321 	0.000286622209806765 	0.00044147302963532 	-0.000190796574670376 	0.0233620726449611
1 	2.270762791 	3.12250225675825e-17 	1.03230728739998 	0.90494598559336 	0.0248523459041335 	0.000387640927605693 	0.000136425686765042 	0.000251215240840651 	0.000384000112091487 	-0.000112335914972592 	0.0224911556046479
1 	2.3016746645 	3.12250225675825e-17 	1.03289517543553 	0.896051680934837 	0.0241917051378372 	0.000326294447292885 	0.000109790177968154 	0.00021650426932473 	0.000326386344802567 	0.000398691325483502 	0.0216778948261991
1 	2.3314941625 	3.12250225675825e-17 	1.03344826332379 	0.88980919536246 	0.0234864335325799 	0.000273193082054239 	8.69568609204343e-05 	0.000186236221133805 	0.000278252740637904 	0.0006411552482639 	0.0208990468190339
1 	2.360259888 	2.77555756156289e-17 	1.03396806384444 	0.886295850621695 	0.0227342857956706 	0.00021965859798598 	6.49155625994324e-05 	0.000154743035386547 	0.000222288918452002 	-2.03823088702127e-05 	0.0201495195965002
1 	2.3880090795 	2.77555756156289e-17 	1.03445612111098 	0.88632762803683 	0.0219483097579819 	0.000171029405526446 	4.57438460653609e-05 	0.000125285559461085 	0.000174537590693721 	0.000315884862923042 	0.0194531867959746
1 	2.4147776595 	3.12250225675825e-17 	1.03491398312259 	0.889428936595822 	0.0211325670545129 	0.000131404424875135 	3.19761142000001e-05 	9.94283106751349e-05 	0.000136212723744785 	0.000311294867248313 	0.0187952778836017
1 	2.440600281 	3.12250225675825e-17 	1.03534318107826 	0.895762886058117 	0.0202925005865024 	9.36814755495028e-05 	2.05689062257219e-05 	7.31125693237808e-05 	9.94351141489429e-05 	0.000110102228563779 	0.0181761064623815
1 	2.465510373 	3.81639164714898e-17 	1.03574521411396 	0.905970328625798 	0.0194344961216853 	5.55569823008509e-05 	1.10124577760538e-05 	4.45445245247971e-05 	6.07963443264674e-05 	0.0003184707052146 	0.0176053410387812
1 	2.4895401825 	4.5102810375397e-17 	1.03612153828128 	0.919897783289667 	0.0185657297543348 	1.78928466503327e-05 	4.32650902866469e-06 	1.3566337621668e-05 	2.15766015874091e-05 	0.000596851494095934 	0.017076300792508
1 	2.5127208175 	4.85722573273506e-17 	1.03647355890048 	0.937317612333973 	0.0176918131781318 	-1.64116100202313e-05 	1.88045276962472e-06 	-1.8292062789856e-05 	-1.26821880942335e-05 	0.000614312888632704 	0.0165800445635887
1 	2.5350822865 	5.20417042793042e-17 	1.03680262551501 	0.958474569574583 	0.0168187456188535 	-4.40836402804945e-05 	4.29074370268839e-06 	-4.83743839831829e-05 	-4.05747844630637e-05 	0.0006561502600737 	0.0161169927558539
1 	2.5566535375 	4.85722573273506e-17 	1.03711002890875 	0.983574789218376 	0.0159525237255258 	-6.40120383041338e-05 	1.06704542395711e-05 	-7.4682492543705e-05 	-6.45260677750362e-05 	0.000693518794214834 	0.0156866050487653
1 	2.5774624955 	4.85722573273506e-17 	1.03739699972182 	1.01288652696899 	0.0150987264762976 	-7.99012644260684e-05 	2.12610415754832e-05 	-0.000101162306001552 	-8.4017997355346e-05 	0.000630335377919428 	0.0152888436136912
1 	2.5975360985 	4.5102810375397e-17 	1.03766470830625 	1.04684748638299 	0.0142633573149614 	-9.39763943035468e-05 	3.77373264165393e-05 	-0.000131713720720086 	-9.82749640895206e-05 	0.000726465534353746 	0.0149265715721236
1 	2.616900333 	3.81639164714898e-17 	1.03791426554658 	1.08555136960456 	0.0134514695486849 	-0.000103509641450991 	5.95683487984431e-05 	-0.000163077990249434 	-0.000106842465925094 	0.000852266479071099 	0.0145967958073616
1 	2.6355802665 	3.46944695195361e-17 	1.03814672440249 	1.12908410486203 	0.0126665290268132 	-0.000107670343035262 	8.51118025914419e-05 	-0.000192782145626704 	-0.000111489277502659 	0.000899348137449857 	0.0142956689527744
1 	2.6536000815 	3.12250225675825e-17 	1.03836308203932 	1.17780701236374 	0.0119110028681895 	-0.000106641216849611 	0.000113697217747982 	-0.000220338434597593 	-0.000108558660295496 	0.00101156455183237 	0.0140225289698509
1 	2.670983106 	3.12250225675825e-17 	1.0385642823599 	1.23204029794513 	0.0111864752458522 	-9.93581579760942e-05 	0.000141897776469552 	-0.000241255934445646 	-0.000101076113362248 	0.00114723326635575 	0.0137754597021034
1 	2.687751842 	3.12250225675825e-17 	1.03875121884318 	1.29204938901529 	0.0104941671863548 	-8.71133829173212e-05 	0.00016927607625285 	-0.000256389459170171 	-8.94683338738775e-05 	0.00116467833708849 	0.0135518864810324
1 	2.703927998 	2.94902990916057e-17 	1.03892473763528 	1.35838519736111 	0.00983522887158644 	-7.24915049508373e-05 	0.000201530013703306 	-0.000274021518654143 	-7.44350468208154e-05 	0.0011913546860543 	0.0133525822781853
1 	2.719532515 	2.77555756156289e-17 	1.03908564071237 	1.43163239337748 	0.00921035099658593 	-5.51463281680626e-05 	0.000242160263925224 	-0.000297306592093287 	-5.54216000142205e-05 	0.00138062294844845 	0.0131780712296605
1 	2.7345855935 	2.25514051876985e-17 	1.03923468908567 	1.51205111593018 	0.00861911302225667 	-3.3677083234289e-05 	0.000286509500357964 	-0.000320186583592253 	-3.37660835174994e-05 	0.00163164582916238 	0.013024508309037
1 	2.749106721 	1.73472347597681e-17 	1.03937260594769 	1.59975280544036 	0.00806039821648763 	-7.25813488503119e-06 	0.000328242046159934 	-0.000335500181044965 	-7.77854451184744e-06 	0.00174291363537353 	0.012886376363486
1 	2.7631146955 	1.73472347597681e-17 	1.03950007962995 	1.69532453510296 	0.00753289016995452 	2.23096961266131e-05 	0.000368022222724486 	-0.000345712526597873 	2.02201559840694e-05 	0.00178438463518602 	0.012762191276367
1 	2.7766276505 	2.08166817117217e-17 	1.03961776631626 	1.79953144489458 	0.00703560669172046 	5.4741536121664e-05 	0.000408790324365313 	-0.000354048788243649 	5.39294347686705e-05 	0.00176707234424426 	0.0126520556195086
1 	2.7896630795 	2.42861286636753e-17 	1.03972629240832 	1.91351321655807 	0.00656736330248424 	8.97145823045065e-05 	0.000446663920972328 	-0.000356949338667821 	8.92654754883626e-05 	0.00197620489125256 	0.0125577412429077
1 	2.8022378575 	2.42861286636753e-17 	1.03982625645823 	2.0379773964571 	0.00612597338849181 	0.000127542621200996 	0.000487249634286839 	-0.000359707013085843 	0.000127038179864025 	0.00177504971277485 	0.0124753025909039
1 	2.814368263 	1.73472347597681e-17 	1.03991823064911 	2.17532689087193 	0.00571051881607459 	0.000168873635776498 	0.000532426656262005 	-0.000363553020485508 	0.000169034283144635 	0.0019828017660354 	0.0124125845052862
1 	2.82607 	6.93889390390723e-18 	1.0400027618075 	2.32705949284146 	0.00531884116563138 	0.000214351573134744 	0.000583231676891854 	-0.000368880103757111 	0.000214451207868003 	0.0021143983410661 	0.0123671852749401
1 	2.8373582165 	0 	1.04008037195289 	2.49506999055908 	0.00494955263063417 	0.000263978080854159 	0.000639978085439102 	-0.000376000004584943 	0.000264145517753043 	0.00243870255633042 	0.0123389621877806
1 	2.848247526 	-6.93889390390723e-18 	1.04015155846582 	2.68088375173352 	0.00460062741522756 	0.000316393974385095 	0.000694483902333323 	-0.000378089927948228 	0.000316252964340407 	0.00269443955783421 	0.0123227345127006
1 	2.858752025 	-1.04083408558608e-17 	1.04021679390415 	2.88676567732011 	0.00427028320871445 	0.000373761552818381 	0.000759395045103129 	-0.000385633492284748 	0.000373945121513668 	0.00294321992755852 	0.0123157242677495
1 	2.8688853115 	-1.21430643318376e-17 	1.04027652556284 	3.11568758192756 	0.00395688533668831 	0.000437988714430983 	0.000831376612568923 	-0.00039338789813794 	0.000438036938922714 	0.00316368319311565 	0.012316152284722
1 	2.878660504 	-1.21430643318376e-17 	1.04033117483016 	3.37175402038062 	0.00365898723824546 	0.000510502328874621 	0.000910685708926904 	-0.000400183380052283 	0.00051008686181432 	0.00330753638251569 	0.0123240985454516
1 	2.8880902575 	-1.04083408558608e-17 	1.04038113637732 	3.66066881755293 	0.00337558577974253 	0.000596243413841974 	0.00101212986603065 	-0.00041588645218868 	0.000595964589923257 	0.00345161489666402 	0.0123427699733103
1 	2.897186779 	-1.04083408558608e-17 	1.04042677722865 	3.98960449982754 	0.00310601978773612 	0.000696981091535194 	0.00113277771682773 	-0.000435796625292531 	0.000696531380069499 	0.0037362857285289 	0.0123764308078661
1 	2.9059618435 	-1.04083408558608e-17 	1.04046843561676 	4.36679761993905 	0.00284964500013286 	0.000815441580563959 	0.00127872322456225 	-0.000463281643998296 	0.000813489938336424 	0.00406539544985681 	0.0124270085804251
1 	2.9144268115 	-6.93889390390723e-18 	1.04050641986951 	4.80260010107736 	0.00260602704343696 	0.000956967612404189 	0.00145952993934048 	-0.000502562326936292 	0.000954263727108412 	0.00450233995089225 	0.0124971883771039
1 	2.9225926415 	-3.46944695195361e-18 	1.04054100720729 	5.30942851797859 	0.00237487450503758 	0.00113310165793728 	0.0016985255385731 	-0.000565423880635812 	0.0011303046289149 	0.0049532732650898 	0.0125887229898233
1 	2.930469904 	-6.93889390390723e-18 	1.04057244253552 	5.90355636821749 	0.00215604008540289 	0.00135247882605955 	0.00200824989023529 	-0.000655771064175744 	0.00134934351212525 	0.00549230191755434 	0.012705475850299
1 	2.938068797 	-1.04083408558608e-17 	1.04060093735642 	6.60572892899193 	0.00194943978743008 	0.00161767523168624 	0.00238484774114045 	-0.000767172509454208 	0.00161280563264866 	0.00646380032170303 	0.0128519554077708
1 	2.9453991575 	-1.04083408558608e-17 	1.04062666886601 	7.4382581580392 	0.00175476669392857 	0.00194251939965349 	0.00285281513223803 	-0.000910295732584546 	0.0019371032583705 	0.00723775788569783 	0.0130238264786295
1 	2.952470475 	-1.38777878078145e-17 	1.04064978030209 	8.43345869361023 	0.00157202740283916 	0.00237130794519574 	0.00351713307764926 	-0.00114582513245352 	0.00236433682604007 	0.0079326039212431 	0.0132254425964848
1 	2.9592919035 	-1.73472347597681e-17 	1.04067038252849 	9.63810085531648 	0.00140139158521265 	0.00292285843296373 	0.00440924810487196 	-0.00148638967190824 	0.00291234753291629 	0.00911652134490857 	0.0134702662457432
1 	2.9658722735 	-2.08166817117217e-17 	1.04068855477754 	11.1096654448407 	0.00124266969107417 	0.00362674010702957 	0.00557754911504517 	-0.0019508090080156 	0.00362080061354267 	0.0104910100923867 	0.0137640139284764
1 	2.9722201045 	-2.77555756156289e-17 	1.04070433514852 	12.9288154089823 	0.00109563910618533 	0.00456941108848249 	0.00730662675270934 	-0.00273721566422685 	0.00455727947543235 	0.0122105070819867 	0.0141174441478472
1 	2.9783436135 	-3.12250225675825e-17 	1.0407177433541 	15.2072750458145 	0.000960038483371779 	0.00580843847461853 	0.00976433522980648 	-0.00395589675518795 	0.00579228501043563 	0.0148297977564268 	0.0145439454853966
1 	2.984250727 	-3.46944695195361e-17 	1.04072907910707 	18.0954660997953 	0.000835016809773378 	0.00744430366214549 	0.013307358793515 	-0.00586305513136956 	0.00743889877862565 	0.0182059092111755 	0.0150444280427563
1 	2.9899490925 	-3.81639164714898e-17 	1.04073867621625 	21.8152581589694 	0.000719540714615994 	0.00962001253946163 	0.0187815288924736 	-0.009161516353012 	0.00959785766837051 	0.0231780108338895 	0.0156181158097174
1 	2.9954460875 	-3.81639164714898e-17 	1.04074618075569 	26.6820731721732 	0.000612245236577338 	0.0123901945126387 	0.026759490073123 	-0.0143692955604843 	0.0123739160992071 	0.0305965407359572 	0.0162385709754938
1 	3.0007488275 	-3.81639164714898e-17 	1.04075108777426 	33.1668551843801 	0.000511107891979495 	0.0158080502642576 	0.0385611656865817 	-0.0227531154223241 	0.0158123847812649 	0.0413913985489398 	0.0168262343524895
1 	3.005864177 	-3.81639164714898e-17 	1.04075345062138 	42.0543095937136 	0.000413331602202074 	0.0195166991831612 	0.0553829215898794 	-0.0358662224067182 	0.0194600610990296 	0.0572438748451298 	0.0172098966744533
1 	3.0107987585 	-3.81639164714898e-17 	1.04075368609371 	54.7698635111904 	0.000316145380345536 	0.0225286479159072 	0.0739166633526674 	-0.0513880154367602 	0.0225238019236412 	0.0760570041542638 	0.0170575289582398
1 	3.01555896 	-3.81639164714898e-17 	1.04075241833503 	74.7046118829071 	0.000218724241514241 	0.023166209445492 	0.0872700353852099 	-0.0641038259397179 	0.0232042344573668 	0.0982608988964132 	0.015909809425172
1 	3.020150944 	-3.81639164714898e-17 	1.04075040755416 	111.737470452301 	0.000124668553899454 	0.0191724426443043 	0.0795553916957202 	-0.0603829490514158 	0.019150895354497 	0.115406074405176 	0.0131300475709568
1 	3.0245806545 	-3.81639164714898e-17 	1.04074864463576 	204.848838652322 	4.96953953948273e-05 	0.0112382558894686 	0.0449278405843704 	-0.0336895846949017 	0.0112470628425961 	0.131674277146778 	0.00876368680416438
1 	3.028853826 	-3.81639164714898e-17 	1.04074751793747 	549.501260237613 	1.08481189127052e-05 	0.00350798212367653 	0.0122919780315958 	-0.00878399590791931 	0.00351396942326416 	0.133965616712142 	0.00395459328502663
