0 	4.597582821e-05 	4.597582821e-05 	49.1205381415568 	0.00201331426021237 	0.000591426428594238
0 	9.195165642e-05 	9.195165642e-05 	48.9926151706716 	0.00402662852042473 	0.00118285285718848
0 	0.00013374786386 	0.00013374786386 	48.669671380287 	0.012698454128577 	0.00756160239153424
0 	0.0001755440713 	0.0001755440713 	48.3467275899024 	0.0213702797367293 	0.01394035192588
0 	0.00021354062355 	0.00021354062355 	47.9320499811082 	0.0372313885528521 	0.0280734557717742
0 	0.0002515371758 	0.0002515371758 	47.517372372314 	0.0530924973689749 	0.0422065596176684
0 	0.00028607949605 	0.00028607949605 	47.0804277099668 	0.0731231144216263 	0.0626798997176771
0 	0.0003206218163 	0.0003206218163 	46.6434830476196 	0.0931537314742778 	0.0831532398176859
0 	0.00035202392555 	0.00035202392555 	46.2186928745695 	0.114298977838301 	0.10920529545169
0 	0.0003834260348 	0.0003834260348 	45.7939027015195 	0.135444224202324 	0.135257351085695
0 	0.0004119734069 	0.0004119734069 	45.3949020571264 	0.158537076006667 	0.16406644250229
0 	0.000440520779 	0.000440520779 	44.9959014127333 	0.18162992781101 	0.192875533918885
0 	0.00046647293545 	0.00046647293545 	44.6314382610839 	0.207959706177281 	0.221547596550066
0 	0.0004924250919 	0.0004924250919 	44.2669751094345 	0.234289484543552 	0.250219659181247
0 	0.0005160179614 	0.0005160179614 	43.9407015725915 	0.261793685162069 	0.278717642605513
0 	0.0005396108309 	0.0005396108309 	43.6144280357486 	0.289297885780585 	0.30721562602978
0 	0.00056105889405 	0.00056105889405 	43.3245767982095 	0.316381327268092 	0.334464712882323
0 	0.0005825069572 	0.0005825069572 	43.0347255606704 	0.343464768755599 	0.361713799734867
0 	0.00060200519645 	0.00060200519645 	42.7756947744402 	0.368583730092789 	0.385403566609887
0 	0.0006215034357 	0.0006215034357 	42.5166639882099 	0.393702691429978 	0.409093333484907
0 	0.00063922910775 	0.00063922910775 	42.2783696212833 	0.414670994539545 	0.427025714926757
0 	0.0006569547798 	0.0006569547798 	42.0400752543567 	0.435639297649113 	0.444958096368607
0 	0.0006730690271 	0.0006730690271 	41.807251298113 	0.450426381739589 	0.455484924054522
0 	0.0006891832744 	0.0006891832744 	41.5744273418693 	0.465213465830066 	0.466011751740438
0 	0.00070383259015 	0.00070383259015 	41.3264967323347 	0.472087893017919 	0.468941574795905
0 	0.0007184819059 	0.0007184819059 	41.0785661228 	0.478962320205772 	0.471871397851373
0 	0.00073179946565 	0.00073179946565 	40.7879925461847 	0.4774715456963 	0.467936392351356
0 	0.0007451170254 	0.0007451170254 	40.4974189695695 	0.475980771186827 	0.464001386851339
0 	0.0007572238979 	0.0007572238979 	40.1298337916211 	0.467181047092658 	0.454369327845325
0 	0.0007693307704 	0.0007693307704 	39.7622486136727 	0.458381322998488 	0.444737268839311
0 	0.00078033701815 	0.00078033701815 	39.2793793361001 	0.444077432186378 	0.430471821743981
0 	0.0007913432659 	0.0007913432659 	38.7965100585276 	0.429773541374268 	0.416206374648651
0 	0.00080134894565 	0.00080134894565 	38.1593116326926 	0.411364047692818 	0.398620493372076
0 	0.0008113546254 	0.0008113546254 	37.5221132068577 	0.392954554011369 	0.381034612095501
0 	0.0008204506979 	0.0008204506979 	36.6962937970096 	0.371627906642665 	0.361246994450286
0 	0.0008295467704 	0.0008295467704 	35.8704743871614 	0.350301259273961 	0.341459376805071
0 	0.00083781592725 	0.00083781592725 	34.8358389415135 	0.327267385742927 	0.320086688121898
0 	0.0008460850841 	0.0008460850841 	33.8012034958655 	0.304233512211893 	0.298713999438725
0 	0.0008536024994 	0.0008536024994 	32.5614397569119 	0.28059084284805 	0.276290308163578
0 	0.0008611199147 	0.0008611199147 	31.3216760179582 	0.256948173484206 	0.253866616888432
0 	0.0008679539286 	0.0008679539286 	29.9090886471359 	0.233590051375075 	0.231231375479944
0 	0.0008747879425 	0.0008747879425 	28.4965012763136 	0.210231929265944 	0.208596134071456
0 	0.0008810006824 	0.0008810006824 	26.9686313996491 	0.188002941663042 	0.186845220389692
0 	0.0008872134223 	0.0008872134223 	25.4407615229846 	0.16577395406014 	0.165094306707929
0 	0.0008928613677 	0.0008928613677 	23.8697870447414 	0.14558610541458 	0.145334647374048
0 	0.0008985093131 	0.0008985093131 	22.2988125664981 	0.12539825676902 	0.125574988040167
0 	0.0009036438089 	0.0009036438089 	20.757587317483 	0.108097267284226 	0.10867567843688
0 	0.0009087783047 	0.0009087783047 	19.2163620684679 	0.0907962777994334 	0.0917763688335939
0 	0.00091344602815 	0.00091344602815 	17.7226246070618 	0.0749524464965438 	0.0762724029187757
0 	0.0009181137516 	0.0009181137516 	16.3154252816182 	0.063005634842735 	0.064617264667322
0 	0.00092235713655 	0.00092235713655 	14.9486378558517 	0.0509857240989333 	0.0528144356793034
0 	0.0009266005215 	0.0009266005215 	13.6792610171829 	0.042077761991298 	0.0440678264572728
0 	0.0009304581442 	0.0009304581442 	12.4648200209083 	0.0334733965064905 	0.0355539622333905
0 	0.0009343157669 	0.0009343157669 	11.3499162680552 	0.0272110148143688 	0.0293366229645615
0 	0.0009378226966 	0.0009378226966 	10.2950937718588 	0.0213460005839624 	0.0234626480820405
0 	0.0009413296263 	0.0009413296263 	9.3354851888658 	0.0171505568640858 	0.0192271158266792
0 	0.00094451774425 	0.00094451774425 	8.43452585899556 	0.013298556116503 	0.0152989023919177
0 	0.0009477058622 	0.0009477058622 	7.62077175580009 	0.0105874528449864 	0.0124929142657433
0 	0.0009506041512 	0.0009506041512 	6.86071533708774 	0.00812399818015823 	0.00991359172085456
0 	0.0009535024402 	0.0009535024402 	6.1780825127728 	0.00641533103683762 	0.00808021860320297
0 	0.0009561372484 	0.0009561372484 	5.54256814200939 	0.00486626574983804 	0.00639709448454468
0 	0.0009587720566 	0.0009587720566 	4.97456164632555 	0.00380768107033426 	0.00520312367758687
0 	0.0009611673368 	0.0009611673368 	4.44681659149809 	0.00284614704495884 	0.00410498175365927
0 	0.000963562617 	0.000963562617 	3.97720970177692 	0.00219982996140709 	0.00332606741056387
0 	0.0009657401444 	0.0009657401444 	3.54134648422622 	0.00161109175781354 	0.00260886792815498
0 	0.0009679176718 	0.0009679176718 	3.1552180066025 	0.00122349399123026 	0.00210023260086294
0 	0.0009698972422 	0.0009698972422 	2.79702073032056 	0.000870298694300411 	0.00163321424106705
0 	0.0009718768126 	0.0009718768126 	2.48120623316205 	0.000644214447544181 	0.00130252058602779
0 	0.0009736764221 	0.0009736764221 	2.18828099244701 	0.000438950514164046 	0.00100124395640808
0 	0.0009754760316 	0.0009754760316 	1.93137968853803 	0.000312644588002728 	0.000788658115045465
0 	0.00097711204015 	0.00097711204015 	1.69307510847007 	0.000198927585966022 	0.000597404275926876
0 	0.0009787480487 	0.0009787480487 	1.48538350469465 	0.000132972945268612 	0.000463282831671858
0 	0.00098023532925 	0.00098023532925 	1.29266434313891 	7.43919092321636e-05 	0.00034464962080299
0 	0.0009817226098 	0.0009817226098 	1.12594233093307 	4.35086041638678e-05 	0.000262143475777713
0 	0.00098307468305 	0.00098307468305 	0.971169536446972 	1.66016786670904e-05 	0.000190682360439227
0 	0.0009844267563 	0.0009844267563 	0.838483681981964 	4.81462771788641e-06 	0.000141537512735585
0 	0.00098565591375 	0.00098565591375 	0.715202660284503 	-5.18093864112614e-06 	0.000100014777911315
0 	0.0009868850712 	0.0009868850712 	0.610700962197655 	-7.64531880115835e-06 	7.18711939278987e-05
0 	0.0009880024871 	0.0009880024871 	0.513546870575957 	-9.6113292917875e-06 	4.88251030833969e-05
0 	0.000989119903 	0.000989119903 	0.432371091405607 	-8.36581991858356e-06 	3.35171694979565e-05
0 	0.0009901357356 	0.0009901357356 	0.356782873373473 	-7.31004332318e-06 	2.14534736362799e-05
0 	0.0009911515682 	0.0009911515682 	0.294847842198785 	-5.28362878813833e-06 	1.3688962378441e-05
0 	0.0009920750524 	0.0009920750524 	0.23705596985246 	-3.71042509068204e-06 	7.89921358017154e-06
0 	0.0009929985366 	0.0009929985366 	0.190961539978023 	-2.15189188244861e-06 	4.36786873250596e-06
0 	0.0009938380677 	0.0009938380677 	0.147810190053486 	-1.05914701690616e-06 	1.96189302321896e-06
0 	0.0009946775988 	0.0009946775988 	0.114708530421909 	-2.6664439250719e-07 	6.50619781754106e-07
0 	0.0009954408089 	0.0009954408089 	0.0835615437217553 	1.76225187503723e-07 	-7.63053928995036e-08
0 	0.000996204019 	0.000996204019 	0.0610886287659743 	3.71671319157536e-07 	-3.54305413263378e-07
0 	0.00099689784635 	0.00099689784635 	0.0398266452926614 	3.71497162359206e-07 	-3.76385612073995e-07
0 	0.0009975916737 	0.0009975916737 	0.0261224014444788 	2.88648721234682e-07 	-2.95135051608442e-07
0 	0.0009982224258 	0.0009982224258 	0.0129659379134528 	1.50276054737112e-07 	-1.5173897002306e-07
0 	0.0009988531779 	0.0009988531779 	0.0065033531653621 	6.46646024864532e-08 	-6.54263530847975e-08
