0 	4.597582821e-05 	4.597582821e-05 	23044.107253117 	5.60437836468621
0 	9.195165642e-05 	9.195165642e-05 	23864.6271381933 	5.78590782080857
0 	0.00013374786386 	0.00013374786386 	25768.870261769 	6.21201525364798
0 	0.0001755440713 	0.0001755440713 	27673.1133853447 	6.63812268648739
0 	0.00021354062355 	0.00021354062355 	29955.3113049386 	7.11903866015261
0 	0.0002515371758 	0.0002515371758 	32237.5092245324 	7.59995463381783
0 	0.00028607949605 	0.00028607949605 	34646.2837716555 	8.03900385335908
0 	0.0003206218163 	0.0003206218163 	37055.0583187786 	8.47805307290033
0 	0.00035202392555 	0.00035202392555 	39546.3797877208 	8.84850904791229
0 	0.0003834260348 	0.0003834260348 	42037.7012566631 	9.21896502292426
0 	0.0004119734069 	0.0004119734069 	44616.6951353773 	9.52103251154215
0 	0.000440520779 	0.000440520779 	47195.6890140916 	9.82310000016004
0 	0.00046647293545 	0.00046647293545 	49878.5300771461 	10.0640798724298
0 	0.0004924250919 	0.0004924250919 	52561.3711402006 	10.3050597446996
0 	0.0005160179614 	0.0005160179614 	55358.3357860242 	10.4900503372617
0 	0.0005396108309 	0.0005396108309 	58155.3004318478 	10.6750409298238
0 	0.00056105889405 	0.00056105889405 	61093.3579644431 	10.8091045578038
0 	0.0005825069572 	0.0005825069572 	64031.4154970384 	10.9431681857838
0 	0.00060200519645 	0.00060200519645 	67168.1082731671 	11.0317720479727
0 	0.0006215034357 	0.0006215034357 	70304.8010492957 	11.1203759101617
0 	0.00063922910775 	0.00063922910775 	73750.8036926038 	11.1717709888078
0 	0.0006569547798 	0.0006569547798 	77196.8063359119 	11.223166067454
0 	0.0006730690271 	0.0006730690271 	81115.8903326739 	11.2454033176021
0 	0.0006891832744 	0.0006891832744 	85034.9743294359 	11.2676405677502
0 	0.00070383259015 	0.00070383259015 	89663.9274164692 	11.2700947099595
0 	0.0007184819059 	0.0007184819059 	94292.8805035026 	11.2725488521687
0 	0.00073179946565 	0.00073179946565 	99984.678667583 	11.2699328107486
0 	0.0007451170254 	0.0007451170254 	105676.476831663 	11.2673167693286
0 	0.0007572238979 	0.0007572238979 	112910.553872632 	11.277084698719
0 	0.0007693307704 	0.0007693307704 	120144.630913601 	11.2868526281093
0 	0.00078033701815 	0.00078033701815 	129449.914821145 	11.3178155479052
0 	0.0007913432659 	0.0007913432659 	138755.198728688 	11.348778467701
0 	0.00080134894565 	0.00080134894565 	150937.780179878 	11.3942302912244
0 	0.0008113546254 	0.0008113546254 	163120.361631068 	11.4396821147479
0 	0.0008204506979 	0.0008204506979 	179950.689315306 	11.4818580747694
0 	0.0008295467704 	0.0008295467704 	196781.016999545 	11.5240340347908
0 	0.00083781592725 	0.00083781592725 	219174.814545283 	11.5250612947325
0 	0.0008460850841 	0.0008460850841 	241568.612091021 	11.5260885546742
0 	0.0008536024994 	0.0008536024994 	268959.271962731 	11.4226720080063
0 	0.0008611199147 	0.0008611199147 	296349.93183444 	11.3192554613383
0 	0.0008679539286 	0.0008679539286 	327102.177391258 	11.042184968972
0 	0.0008747879425 	0.0008747879425 	357854.422948076 	10.7651144766057
0 	0.0008810006824 	0.0008810006824 	390329.872951115 	10.2764268076185
0 	0.0008872134223 	0.0008872134223 	422805.322954154 	9.78773913863122
0 	0.0008928613677 	0.0008928613677 	456939.775651752 	9.10710781182616
0 	0.0008985093131 	0.0008985093131 	491074.22834935 	8.42647648502107
0 	0.0009036438089 	0.0009036438089 	528955.56303737 	7.63089478859698
0 	0.0009087783047 	0.0009087783047 	566836.89772539 	6.8353130921729
0 	0.00091344602815 	0.00091344602815 	617448.623392603 	6.03495970062532
0 	0.0009181137516 	0.0009181137516 	658640.774401592 	5.22583650000036
0 	0.00092235713655 	0.00092235713655 	724371.487905726 	4.48592604026179
0 	0.0009266005215 	0.0009266005215 	780878.890641899 	3.78537216546343
0 	0.0009304581442 	0.0009304581442 	871798.174313072 	3.17168296263793
0 	0.0009343157669 	0.0009343157669 	951377.654220526 	2.62009421581128
0 	0.0009378226966 	0.0009378226966 	1075405.54604268 	2.15321169852374
0 	0.0009413296263 	0.0009413296263 	1184042.48212354 	1.7503560276856
0 	0.00094451774425 	0.00094451774425 	1350233.73653615 	1.41791889387611
0 	0.0009477058622 	0.0009477058622 	1496634.1705162 	1.14010050851192
0 	0.0009506041512 	0.0009506041512 	1718894.09025652 	0.91487896040569
0 	0.0009535024402 	0.0009535024402 	1916410.43657837 	0.731225144338032
0 	0.0009561372484 	0.0009561372484 	2215571.38777474 	0.583915928740302
0 	0.0009587720566 	0.0009587720566 	2483927.88753058 	0.46604831647678
0 	0.0009611673368 	0.0009611673368 	2890445.99894635 	0.37192257249965
0 	0.000963562617 	0.000963562617 	3257788.37258715 	0.297675179174272
0 	0.0009657401444 	0.0009657401444 	3815351.53923748 	0.238267539935064
0 	0.0009679176718 	0.0009679176718 	4321221.89250235 	0.191890436564364
0 	0.0009698972422 	0.0009698972422 	5092565.2638849 	0.154463425897107
0 	0.0009718768126 	0.0009718768126 	5792570.74736896 	0.125452688410369
0 	0.0009736764221 	0.0009736764221 	6868990.92067003 	0.101668787642913
0 	0.0009754760316 	0.0009754760316 	7842023.62564611 	0.0833048658289496
0 	0.00097711204015 	0.00097711204015 	9359613.26128705 	0.0678992024794425
0 	0.0009787480487 	0.0009787480487 	10721623.5558872 	0.0560232643941419
0 	0.00098023532925 	0.00098023532925 	12891638.8476175 	0.0457742492616301
0 	0.0009817226098 	0.0009817226098 	14819743.1170749 	0.037874259138037
0 	0.00098307468305 	0.00098307468305 	17986821.9816811 	0.0308500434663068
0 	0.0009844267563 	0.0009844267563 	20766934.27207 	0.0254439470384281
0 	0.00098565591375 	0.00098565591375 	25526033.7152507 	0.0205094254466807
0 	0.0009868850712 	0.0009868850712 	29646483.8081686 	0.0167345610730542
0 	0.0009880024871 	0.0009880024871 	37097260.1389952 	0.0132304345779669
0 	0.000989119903 	0.000989119903 	43445399.3269027 	0.0105873787224881
0 	0.0009901357356 	0.0009901357356 	55772102.3517674 	0.00811753780035272
0 	0.0009911515682 	0.0009911515682 	66090177.0800148 	0.00630296866585895
0 	0.0009920750524 	0.0009920750524 	88093124.8015206 	0.00461667184952741
0 	0.0009929985366 	0.0009929985366 	106128604.802352 	0.00342931521149037
0 	0.0009938380677 	0.0009938380677 	149865196.55133 	0.00234497492481842
0 	0.0009946775988 	0.0009946775988 	184764639.800213 	0.00163065215524442
0 	0.0009954408089 	0.0009954408089 	286723692.20492 	0.000999168884288914
0 	0.000996204019 	0.000996204019 	365279052.912793 	0.000625316111964388
0 	0.00099689784635 	0.00099689784635 	673023140.43682 	0.00031533809196274
0 	0.0009975916737 	0.0009975916737 	898244010.260337 	0.000163970689412346
0 	0.0009982224258 	0.0009982224258 	2368472119.14939 	5.44873268684874e-05
0 	0.0009988531779 	0.0009988531779 	3045676994.76565 	1.89555679524553e-05
